  0.20000000E+00  0.18994418E+03 -0.20462063E+02
  0.21000000E+00  0.18998186E+03 -0.21474037E+02
  0.22000000E+00  0.19088991E+03 -0.21679126E+02
  0.23000000E+00  0.19223186E+03 -0.21248695E+02
  0.24000000E+00  0.19345382E+03 -0.20608002E+02
  0.25000000E+00  0.19411999E+03 -0.19962748E+02
  0.26000000E+00  0.19406471E+03 -0.19345501E+02
  0.27000000E+00  0.19341563E+03 -0.18899326E+02
  0.28000000E+00  0.19250166E+03 -0.18888341E+02
  0.29000000E+00  0.19170148E+03 -0.19396444E+02
  0.30000000E+00  0.19130017E+03 -0.20147310E+02
  0.31000000E+00  0.19140610E+03 -0.20727575E+02
  0.32000000E+00  0.19194675E+03 -0.20935574E+02
  0.33000000E+00  0.19272676E+03 -0.20879344E+02
  0.34000000E+00  0.19350992E+03 -0.20787436E+02
  0.35000000E+00  0.19408940E+03 -0.20786913E+02
  0.36000000E+00  0.19432999E+03 -0.20848716E+02
  0.37000000E+00  0.19418716E+03 -0.20851934E+02
  0.38000000E+00  0.19371425E+03 -0.20728587E+02
  0.39000000E+00  0.19306040E+03 -0.20609316E+02
  0.40000000E+00  0.19244880E+03 -0.20758351E+02
  0.41000000E+00  0.19212391E+03 -0.21307989E+02
  0.42000000E+00  0.19227077E+03 -0.22095909E+02
  0.43000000E+00  0.19293150E+03 -0.22818351E+02
  0.44000000E+00  0.19395745E+03 -0.23289439E+02
  0.45000000E+00  0.19503063E+03 -0.23488437E+02
  0.46000000E+00  0.19576351E+03 -0.23426262E+02
  0.47000000E+00  0.19585115E+03 -0.23064739E+02
  0.48000000E+00  0.19521781E+03 -0.22456013E+02
  0.49000000E+00  0.19408833E+03 -0.21967086E+02
  0.50000000E+00  0.19293466E+03 -0.22156368E+02
  0.51000000E+00  0.19229928E+03 -0.23257525E+02
  0.52000000E+00  0.19255939E+03 -0.24869516E+02
  0.53000000E+00  0.19373641E+03 -0.26249820E+02
  0.54000000E+00  0.19544819E+03 -0.26860204E+02
  0.55000000E+00  0.19704244E+03 -0.26615488E+02
  0.56000000E+00  0.19786640E+03 -0.25770824E+02
  0.57000000E+00  0.19755968E+03 -0.24740843E+02
  0.58000000E+00  0.19623759E+03 -0.23985132E+02
  0.59000000E+00  0.19447320E+03 -0.23930360E+02
  0.60000000E+00  0.19307155E+03 -0.24864126E+02
  0.61000000E+00  0.19272371E+03 -0.26696016E+02
  0.62000000E+00  0.19369071E+03 -0.28776381E+02
  0.63000000E+00  0.19566453E+03 -0.30158833E+02
  0.64000000E+00  0.19788067E+03 -0.30219400E+02
  0.65000000E+00  0.19944292E+03 -0.29085051E+02
  0.66000000E+00  0.19971899E+03 -0.27512786E+02
  0.67000000E+00  0.19862785E+03 -0.26389267E+02
  0.68000000E+00  0.19668571E+03 -0.26261120E+02
  0.69000000E+00  0.19478634E+03 -0.27191754E+02
  0.70000000E+00  0.19381222E+03 -0.28922993E+02
  0.71000000E+00  0.19424876E+03 -0.30993355E+02
  0.72000000E+00  0.19597293E+03 -0.32706611E+02
  0.73000000E+00  0.19831021E+03 -0.33321191E+02
  0.74000000E+00  0.20033340E+03 -0.32571268E+02
  0.75000000E+00  0.20126842E+03 -0.30993793E+02
  0.76000000E+00  0.20082449E+03 -0.29604175E+02
  0.77000000E+00  0.19930347E+03 -0.29208518E+02
  0.78000000E+00  0.19744742E+03 -0.29983851E+02
  0.79000000E+00  0.19610360E+03 -0.31552284E+02
  0.80000000E+00  0.19586350E+03 -0.33318706E+02
  0.81000000E+00  0.19683372E+03 -0.34755545E+02
  0.82000000E+00  0.19862691E+03 -0.35509075E+02
  0.83000000E+00  0.20055814E+03 -0.35436840E+02
  0.84000000E+00  0.20194595E+03 -0.34686363E+02
  0.85000000E+00  0.20238205E+03 -0.33734737E+02
  0.86000000E+00  0.20186168E+03 -0.33210257E+02
  0.87000000E+00  0.20073776E+03 -0.33495530E+02
  0.88000000E+00  0.19954230E+03 -0.34457830E+02
  0.89000000E+00  0.19876771E+03 -0.35614460E+02
  0.90000000E+00  0.19870129E+03 -0.36552599E+02
  0.91000000E+00  0.19936402E+03 -0.37181792E+02
  0.92000000E+00  0.20054978E+03 -0.37632460E+02
  0.93000000E+00  0.20192332E+03 -0.37980492E+02
  0.94000000E+00  0.20312919E+03 -0.38144050E+02
  0.95000000E+00  0.20388129E+03 -0.38071003E+02
  0.96000000E+00  0.20402421E+03 -0.37906656E+02
  0.97000000E+00  0.20356870E+03 -0.37854542E+02
  0.98000000E+00  0.20269979E+03 -0.37973400E+02
  0.99000000E+00  0.20174734E+03 -0.38249475E+02
  0.10000000E+01  0.20110810E+03 -0.38771200E+02
  0.10100000E+01  0.20112293E+03 -0.39671546E+02
  0.10200000E+01  0.20194077E+03 -0.40903257E+02
  0.10300000E+01  0.20342541E+03 -0.42119625E+02
  0.10400000E+01  0.20516209E+03 -0.42804575E+02
  0.10500000E+01  0.20658765E+03 -0.42632259E+02
  0.10600000E+01  0.20720910E+03 -0.41779826E+02
  0.10700000E+01  0.20682252E+03 -0.40848238E+02
  0.10800000E+01  0.20562851E+03 -0.40450598E+02
  0.10900000E+01  0.20417775E+03 -0.40872840E+02
  0.11000000E+01  0.20315641E+03 -0.42045198E+02
  0.11100000E+01  0.20309876E+03 -0.43680812E+02
  0.11200000E+01  0.20415406E+03 -0.45334490E+02
  0.11300000E+01  0.20601558E+03 -0.46442675E+02
  0.11400000E+01  0.20804723E+03 -0.46572393E+02
  0.11500000E+01  0.20955271E+03 -0.45773168E+02
  0.11600000E+01  0.21006607E+03 -0.44642051E+02
  0.11700000E+01  0.20953438E+03 -0.43951022E+02
  0.11800000E+01  0.20831751E+03 -0.44144833E+02
  0.11900000E+01  0.20701718E+03 -0.45124624E+02
  0.12000000E+01  0.20622331E+03 -0.46448715E+02
  0.12100000E+01  0.20629213E+03 -0.47700429E+02
  0.12200000E+01  0.20724168E+03 -0.48654909E+02
  0.12300000E+01  0.20878677E+03 -0.49211421E+02
  0.12400000E+01  0.21047510E+03 -0.49343181E+02
  0.12500000E+01  0.21185501E+03 -0.49148982E+02
  0.12600000E+01  0.21261167E+03 -0.48872615E+02
  0.12700000E+01  0.21263869E+03 -0.48774903E+02
  0.12800000E+01  0.21204479E+03 -0.48934859E+02
  0.12900000E+01  0.21111239E+03 -0.49234552E+02
  0.13000000E+01  0.21022475E+03 -0.49602345E+02
  0.13100000E+01  0.20977000E+03 -0.50185477E+02
  0.13200000E+01  0.21003052E+03 -0.51164669E+02
  0.13300000E+01  0.21107970E+03 -0.52430200E+02
  0.13400000E+01  0.21272551E+03 -0.53541549E+02
  0.13500000E+01  0.21454153E+03 -0.54045934E+02
  0.13600000E+01  0.21599854E+03 -0.53819759E+02
  0.13700000E+01  0.21666154E+03 -0.53120833E+02
  0.13800000E+01  0.21637437E+03 -0.52404788E+02
  0.13900000E+01  0.21534517E+03 -0.52109568E+02
  0.14000000E+01  0.21408303E+03 -0.52508275E+02
  0.14100000E+01  0.21320234E+03 -0.53636573E+02
  0.14200000E+01  0.21317620E+03 -0.55242538E+02
  0.14300000E+01  0.21414646E+03 -0.56797144E+02
  0.14400000E+01  0.21587363E+03 -0.57725312E+02
  0.14500000E+01  0.21784429E+03 -0.57795833E+02
  0.14600000E+01  0.21948196E+03 -0.57277668E+02
  0.14700000E+01  0.22036555E+03 -0.56678785E+02
  0.14800000E+01  0.22036658E+03 -0.56386174E+02
  0.14900000E+01  0.21966370E+03 -0.56528352E+02
  0.15000000E+01  0.21865043E+03 -0.57046508E+02
  0.15100000E+01  0.21778946E+03 -0.57812600E+02
  0.15200000E+01  0.21747044E+03 -0.58701875E+02
  0.15300000E+01  0.21790812E+03 -0.59620321E+02
  0.15400000E+01  0.21909306E+03 -0.60497578E+02
  0.15500000E+01  0.22079541E+03 -0.61254312E+02
  0.15600000E+01  0.22262057E+03 -0.61768116E+02
  0.15700000E+01  0.22411469E+03 -0.61883385E+02
  0.15800000E+01  0.22490436E+03 -0.61535130E+02
  0.15900000E+01  0.22483282E+03 -0.60930941E+02
  0.16000000E+01  0.22403884E+03 -0.60531820E+02
  0.16100000E+01  0.22293262E+03 -0.60753933E+02
  0.16200000E+01  0.22206083E+03 -0.61695269E+02
  0.16300000E+01  0.22190445E+03 -0.63117451E+02
  0.16400000E+01  0.22269111E+03 -0.64603173E+02
  0.16500000E+01  0.22430383E+03 -0.65731007E+02
  0.16600000E+01  0.22632719E+03 -0.66208311E+02
  0.16700000E+01  0.22820989E+03 -0.65998977E+02
  0.16800000E+01  0.22947170E+03 -0.65396075E+02
  0.16900000E+01  0.22986881E+03 -0.64892019E+02
  0.17000000E+01  0.22945930E+03 -0.64857469E+02
  0.17100000E+01  0.22855924E+03 -0.65304719E+02
  0.17200000E+01  0.22762322E+03 -0.65998973E+02
  0.17300000E+01  0.22709970E+03 -0.66779392E+02
  0.17400000E+01  0.22730365E+03 -0.67676029E+02
  0.17500000E+01  0.22833140E+03 -0.68717833E+02
  0.17600000E+01  0.23003093E+03 -0.69740082E+02
  0.17700000E+01  0.23203628E+03 -0.70434893E+02
  0.17800000E+01  0.23386799E+03 -0.70582148E+02
  0.17900000E+01  0.23508248E+03 -0.70221806E+02
  0.18000000E+01  0.23542743E+03 -0.69629573E+02
  0.18100000E+01  0.23494416E+03 -0.69188249E+02
  0.18200000E+01  0.23396771E+03 -0.69259587E+02
  0.18300000E+01  0.23301469E+03 -0.70028793E+02
  0.18400000E+01  0.23259797E+03 -0.71353040E+02
  0.18500000E+01  0.23304227E+03 -0.72801697E+02
  0.18600000E+01  0.23437358E+03 -0.73935104E+02
  0.18700000E+01  0.23632131E+03 -0.74557037E+02
  0.18800000E+01  0.23842320E+03 -0.74717001E+02
  0.18900000E+01  0.24018508E+03 -0.74573211E+02
  0.19000000E+01  0.24123660E+03 -0.74305836E+02
  0.19100000E+01  0.24143705E+03 -0.74088061E+02
  0.19200000E+01  0.24090941E+03 -0.74056098E+02
  0.19300000E+01  0.24000141E+03 -0.74289406E+02
  0.19400000E+01  0.23918521E+03 -0.74842016E+02
  0.19500000E+01  0.23891761E+03 -0.75774181E+02
  0.19600000E+01  0.23949483E+03 -0.77064564E+02
  0.19700000E+01  0.24094675E+03 -0.78452232E+02
  0.19800000E+01  0.24301336E+03 -0.79468863E+02
  0.19900000E+01  0.24522307E+03 -0.79756944E+02
  0.20000000E+01  0.24705179E+03 -0.79376457E+02
  0.20100000E+01  0.24810496E+03 -0.78758232E+02
  0.20200000E+01  0.24825193E+03 -0.78368004E+02
  0.20300000E+01  0.24766362E+03 -0.78440447E+02
  0.20400000E+01  0.24674599E+03 -0.78967334E+02
  0.20500000E+01  0.24600209E+03 -0.79819456E+02
  0.20600000E+01  0.24587374E+03 -0.80847274E+02
  0.20700000E+01  0.24661043E+03 -0.81937002E+02
  0.20800000E+01  0.24819740E+03 -0.83007943E+02
  0.20900000E+01  0.25035856E+03 -0.83919345E+02
  0.21000000E+01  0.25263511E+03 -0.84419956E+02
  0.21100000E+01  0.25452368E+03 -0.84323851E+02
  0.21200000E+01  0.25563702E+03 -0.83767913E+02
  0.21300000E+01  0.25583521E+03 -0.83197812E+02
  0.21400000E+01  0.25527803E+03 -0.83058923E+02
  0.21500000E+01  0.25437517E+03 -0.83527842E+02
  0.21600000E+01  0.25365055E+03 -0.84499515E+02
  0.21700000E+01  0.25356993E+03 -0.85732391E+02
  0.21800000E+01  0.25439267E+03 -0.86973512E+02
  0.21900000E+01  0.25609435E+03 -0.88019923E+02
  0.22000000E+01  0.25837941E+03 -0.88750871E+02
  0.22100000E+01  0.26077445E+03 -0.89116114E+02
  0.22200000E+01  0.26277268E+03 -0.89096511E+02
  0.22300000E+01  0.26398869E+03 -0.88740647E+02
  0.22400000E+01  0.26427936E+03 -0.88265313E+02
  0.22500000E+01  0.26379346E+03 -0.88032011E+02
  0.22600000E+01  0.26293017E+03 -0.88339477E+02
  0.22700000E+01  0.26221547E+03 -0.89235290E+02
  0.22800000E+01  0.26213464E+03 -0.90521826E+02
  0.22900000E+01  0.26297657E+03 -0.91894789E+02
  0.23000000E+01  0.26474193E+03 -0.93067024E+02
  0.23100000E+01  0.26714427E+03 -0.93839698E+02
  0.23200000E+01  0.26970124E+03 -0.94151162E+02
  0.23300000E+01  0.27188460E+03 -0.94075581E+02
  0.23400000E+01  0.27328261E+03 -0.93752033E+02
  0.23500000E+01  0.27372651E+03 -0.93351409E+02
  0.23600000E+01  0.27334416E+03 -0.93121105E+02
  0.23700000E+01  0.27252383E+03 -0.93339259E+02
  0.23800000E+01  0.27179690E+03 -0.94137145E+02
  0.23900000E+01  0.27167380E+03 -0.95395967E+02
  0.24000000E+01  0.27248397E+03 -0.96824495E+02
  0.24100000E+01  0.27427123E+03 -0.98105439E+02
  0.24200000E+01  0.27677859E+03 -0.98996712E+02
  0.24300000E+01  0.27952720E+03 -0.99388958E+02
  0.24400000E+01  0.28196394E+03 -0.99330907E+02
  0.24500000E+01  0.28363153E+03 -0.98983894E+02
  0.24600000E+01  0.28430930E+03 -0.98549178E+02
  0.24700000E+01  0.28408221E+03 -0.98271835E+02
  0.24800000E+01  0.28331734E+03 -0.98424539E+02
  0.24900000E+01  0.28255388E+03 -0.99157498E+02
  0.25000000E+01  0.28233927E+03 -0.10037984E+03
  0.25100000E+01  0.28306092E+03 -0.10182164E+03
  0.25200000E+01  0.28482550E+03 -0.10317981E+03
  0.25300000E+01  0.28742355E+03 -0.10421042E+03
  0.25400000E+01  0.29039083E+03 -0.10476367E+03
  0.25500000E+01  0.29314832E+03 -0.10481080E+03
  0.25600000E+01  0.29517861E+03 -0.10445515E+03
  0.25700000E+01  0.29618494E+03 -0.10391894E+03
  0.25800000E+01  0.29618421E+03 -0.10352492E+03
  0.25900000E+01  0.29550478E+03 -0.10359593E+03
  0.26000000E+01  0.29468937E+03 -0.10427036E+03
  0.26100000E+01  0.29433198E+03 -0.10543787E+03
  0.26200000E+01  0.29489825E+03 -0.10685720E+03
  0.26300000E+01  0.29658291E+03 -0.10828417E+03
  0.26400000E+01  0.29924722E+03 -0.10949767E+03
  0.26500000E+01  0.30245599E+03 -0.11028496E+03
  0.26600000E+01  0.30560514E+03 -0.11048819E+03
  0.26700000E+01  0.30810311E+03 -0.11012092E+03
  0.26800000E+01  0.30955180E+03 -0.10945481E+03
  0.26900000E+01  0.30987090E+03 -0.10893146E+03
  0.27000000E+01  0.30932639E+03 -0.10890231E+03
  0.27100000E+01  0.30845399E+03 -0.10945599E+03
  0.27200000E+01  0.30790092E+03 -0.11049277E+03
  0.27300000E+01  0.30823310E+03 -0.11186836E+03
  0.27400000E+01  0.30976424E+03 -0.11341667E+03
  0.27500000E+01  0.31245671E+03 -0.11488708E+03
  0.27600000E+01  0.31592503E+03 -0.11593956E+03
  0.27700000E+01  0.31954421E+03 -0.11628862E+03
  0.27800000E+01  0.32263419E+03 -0.11593126E+03
  0.27900000E+01  0.32466578E+03 -0.11520809E+03
  0.28000000E+01  0.32542496E+03 -0.11456876E+03
  0.28100000E+01  0.32508365E+03 -0.11431869E+03
  0.28200000E+01  0.32415483E+03 -0.11460078E+03
  0.28300000E+01  0.32334503E+03 -0.11546852E+03
  0.28400000E+01  0.32334710E+03 -0.11687237E+03
  0.28500000E+01  0.32463276E+03 -0.11860490E+03
  0.28600000E+01  0.32730506E+03 -0.12030984E+03
  0.28700000E+01  0.33105571E+03 -0.12159188E+03
  0.28800000E+01  0.33524490E+03 -0.12217422E+03
  0.28900000E+01  0.33908476E+03 -0.12200047E+03
  0.29000000E+01  0.34187499E+03 -0.12125457E+03
  0.29100000E+01  0.34321934E+03 -0.12032523E+03
  0.29200000E+01  0.34315552E+03 -0.11968066E+03
  0.29300000E+01  0.34215659E+03 -0.11967427E+03
  0.29400000E+01  0.34100124E+03 -0.12042285E+03
  0.29500000E+01  0.34054894E+03 -0.12182609E+03
  0.29600000E+01  0.34148383E+03 -0.12365900E+03
  0.29700000E+01  0.34410078E+03 -0.12562410E+03
  0.29800000E+01  0.34819875E+03 -0.12732572E+03
  0.29900000E+01  0.35311926E+03 -0.12830844E+03
  0.30000000E+01  0.35792750E+03 -0.12828845E+03
  0.30100000E+01  0.36168889E+03 -0.12739080E+03
  0.30200000E+01  0.36375981E+03 -0.12610802E+03
  0.30300000E+01  0.36400112E+03 -0.12502946E+03
  0.30400000E+01  0.36284426E+03 -0.12460916E+03
  0.30500000E+01  0.36118339E+03 -0.12509062E+03
  0.30600000E+01  0.36012027E+03 -0.12649567E+03
  0.30700000E+01  0.36063278E+03 -0.12860909E+03
  0.30800000E+01  0.36326325E+03 -0.13101805E+03
  0.30900000E+01  0.36792275E+03 -0.13320051E+03
  0.31000000E+01  0.37388061E+03 -0.13459620E+03
  0.31100000E+01  0.37995792E+03 -0.13475558E+03
  0.31200000E+01  0.38487965E+03 -0.13362934E+03
  0.31300000E+01  0.38768267E+03 -0.13173824E+03
  0.31400000E+01  0.38804850E+03 -0.12994757E+03
  0.31500000E+01  0.38644528E+03 -0.12901678E+03
  0.31600000E+01  0.38402040E+03 -0.12933983E+03
  0.31700000E+01  0.38226427E+03 -0.13095190E+03
  0.31800000E+01  0.38254075E+03 -0.13358175E+03
  0.31900000E+01  0.38562826E+03 -0.13668079E+03
  0.32000000E+01  0.39142272E+03 -0.13949689E+03
  0.32100000E+01  0.39891497E+03 -0.14121027E+03
  0.32200000E+01  0.40647506E+03 -0.14118044E+03
  0.32300000E+01  0.41237277E+03 -0.13933668E+03
  0.32400000E+01  0.41537156E+03 -0.13644425E+03
  0.32500000E+01  0.41518919E+03 -0.13381281E+03
  0.32600000E+01  0.41264912E+03 -0.13258663E+03
  0.32700000E+01  0.40944717E+03 -0.13327767E+03
  0.32800000E+01  0.40759414E+03 -0.13576054E+03
  0.32900000E+01  0.40871645E+03 -0.13943296E+03
  0.33000000E+01  0.41345898E+03 -0.14334928E+03
  0.33100000E+01  0.42121321E+03 -0.14637425E+03
  0.33200000E+01  0.43028999E+03 -0.14745313E+03
  0.33300000E+01  0.43850043E+03 -0.14606634E+03
  0.33400000E+01  0.44394908E+03 -0.14272151E+03
  0.33500000E+01  0.44574634E+03 -0.13894563E+03
  0.33600000E+01  0.44435829E+03 -0.13650486E+03
  0.33700000E+01  0.44144205E+03 -0.13647267E+03
  0.33800000E+01  0.43921770E+03 -0.13887445E+03
  0.33900000E+01  0.43961945E+03 -0.14287418E+03
  0.34000000E+01  0.44356541E+03 -0.14712961E+03
  0.34100000E+01  0.45063931E+03 -0.15019260E+03
  0.34200000E+01  0.45930779E+03 -0.15100063E+03
  0.34300000E+01  0.46757195E+03 -0.14939703E+03
  0.34400000E+01  0.47377095E+03 -0.14632374E+03
  0.34500000E+01  0.47719744E+03 -0.14335730E+03
  0.34600000E+01  0.47827724E+03 -0.14188024E+03
  0.34700000E+01  0.47826906E+03 -0.14248391E+03
  0.34800000E+01  0.47865691E+03 -0.14479507E+03
  0.34900000E+01  0.48053533E+03 -0.14767652E+03
  0.35000000E+01  0.48426214E+03 -0.14979903E+03
  0.35100000E+01  0.48949460E+03 -0.15039730E+03
  0.35200000E+01  0.49552016E+03 -0.14972104E+03
  0.35300000E+01  0.50165803E+03 -0.14876044E+03
  0.35400000E+01  0.50751052E+03 -0.14844605E+03
  0.35500000E+01  0.51297186E+03 -0.14901849E+03
  0.35600000E+01  0.51806633E+03 -0.14997114E+03
  0.35700000E+01  0.52278272E+03 -0.15046298E+03
  0.35800000E+01  0.52704200E+03 -0.14995252E+03
  0.35900000E+01  0.53081277E+03 -0.14868828E+03
  0.36000000E+01  0.53426609E+03 -0.14760247E+03
  0.36100000E+01  0.53782575E+03 -0.14760580E+03
  0.36200000E+01  0.54204467E+03 -0.14889289E+03
  0.36300000E+01  0.54736361E+03 -0.15080083E+03
  0.36400000E+01  0.55389475E+03 -0.15225391E+03
  0.36500000E+01  0.56135898E+03 -0.15249172E+03
  0.36600000E+01  0.56920880E+03 -0.15159199E+03
  0.36700000E+01  0.57685923E+03 -0.15031489E+03
  0.36800000E+01  0.58390250E+03 -0.14938945E+03
  0.36900000E+01  0.59021604E+03 -0.14895768E+03
  0.37000000E+01  0.59595106E+03 -0.14864442E+03
  0.37100000E+01  0.60144752E+03 -0.14808972E+03
  0.37200000E+01  0.60713036E+03 -0.14740277E+03
  0.37300000E+01  0.61341477E+03 -0.14704842E+03
  0.37400000E+01  0.62062274E+03 -0.14726811E+03
  0.37500000E+01  0.62891205E+03 -0.14771300E+03
  0.37600000E+01  0.63823423E+03 -0.14772470E+03
  0.37700000E+01  0.64834493E+03 -0.14695310E+03
  0.37800000E+01  0.65887536E+03 -0.14560424E+03
  0.37900000E+01  0.66944647E+03 -0.14404714E+03
  0.38000000E+01  0.67978756E+03 -0.14234916E+03
  0.38100000E+01  0.68982059E+03 -0.14036211E+03
  0.38200000E+01  0.69968712E+03 -0.13815023E+03
  0.38300000E+01  0.70971450E+03 -0.13605296E+03
  0.38400000E+01  0.72033489E+03 -0.13425475E+03
  0.38500000E+01  0.73198127E+03 -0.13252574E+03
  0.38600000E+01  0.74498975E+03 -0.13050469E+03
  0.38700000E+01  0.75953514E+03 -0.12802917E+03
  0.38800000E+01  0.77561762E+03 -0.12503534E+03
  0.38900000E+01  0.79310425E+03 -0.12134594E+03
  0.39000000E+01  0.81181561E+03 -0.11676974E+03
  0.39100000E+01  0.83163738E+03 -0.11126222E+03
  0.39200000E+01  0.85263137E+03 -0.10484658E+03
  0.39300000E+01  0.87511855E+03 -0.97526466E+02
  0.39400000E+01  0.89970910E+03 -0.89311699E+02
  0.39500000E+01  0.92725897E+03 -0.80134052E+02
  0.39600000E+01  0.95874061E+03 -0.69720246E+02
  0.39700000E+01  0.99502499E+03 -0.57614259E+02
  0.39800000E+01  0.10365872E+04 -0.43237841E+02
  0.39900000E+01  0.10831712E+04 -0.25913963E+02
  0.40000000E+01  0.11334838E+04 -0.48933893E+01
  0.40100000E+01  0.11850195E+04  0.20608670E+02
  0.40200000E+01  0.12341303E+04  0.51307938E+02
  0.40300000E+01  0.12764164E+04  0.87612829E+02
  0.40400000E+01  0.13074229E+04  0.12924131E+03
  0.40500000E+01  0.13235041E+04  0.17483305E+03
  0.40600000E+01  0.13226182E+04  0.22191496E+03
  0.40700000E+01  0.13047996E+04  0.26751097E+03
  0.40800000E+01  0.12721452E+04  0.30912253E+03
  0.40900000E+01  0.12283137E+04  0.34537994E+03
  0.41000000E+01  0.11777059E+04  0.37603315E+03
  0.41100000E+01  0.11245886E+04  0.40155011E+03
  0.41200000E+01  0.10724100E+04  0.42270153E+03
  0.41300000E+01  0.10234529E+04  0.44029253E+03
  0.41400000E+01  0.97883645E+03  0.45502887E+03
  0.41500000E+01  0.93876937E+03  0.46746050E+03
  0.41600000E+01  0.90291162E+03  0.47796537E+03
  0.41700000E+01  0.87071289E+03  0.48677091E+03
  0.41800000E+01  0.84164750E+03  0.49402253E+03
  0.41900000E+01  0.81532193E+03  0.49987336E+03
  0.42000000E+01  0.79147659E+03  0.50453230E+03
  0.42100000E+01  0.76992587E+03  0.50824735E+03
  0.42200000E+01  0.75048281E+03  0.51126050E+03
  0.42300000E+01  0.73290316E+03  0.51377839E+03
  0.42400000E+01  0.71686641E+03  0.51596363E+03
  0.42500000E+01  0.70199560E+03  0.51793399E+03
  0.42600000E+01  0.68790651E+03  0.51976266E+03
  0.42700000E+01  0.67426956E+03  0.52146568E+03
  0.42800000E+01  0.66086579E+03  0.52299152E+03
  0.42900000E+01  0.64761944E+03  0.52423730E+03
  0.43000000E+01  0.63459606E+03  0.52509169E+03
  0.43100000E+01  0.62196513E+03  0.52550674E+03
  0.43200000E+01  0.60993699E+03  0.52553107E+03
  0.43300000E+01  0.59869201E+03  0.52526925E+03
  0.43400000E+01  0.58832172E+03  0.52484348E+03
  0.43500000E+01  0.57879699E+03  0.52436902E+03
  0.43600000E+01  0.56997003E+03  0.52392710E+03
  0.43700000E+01  0.56160804E+03  0.52356841E+03
  0.43800000E+01  0.55344881E+03  0.52332362E+03
  0.43900000E+01  0.54526428E+03  0.52317303E+03
  0.44000000E+01  0.53691564E+03  0.52302862E+03
  0.44100000E+01  0.52838535E+03  0.52277453E+03
  0.44200000E+01  0.51977651E+03  0.52230282E+03
  0.44300000E+01  0.51127944E+03  0.52154286E+03
  0.44400000E+01  0.50311486E+03  0.52051847E+03
  0.44500000E+01  0.49547031E+03  0.51933532E+03
  0.44600000E+01  0.48844756E+03  0.51809375E+03
  0.44700000E+01  0.48203495E+03  0.51686609E+03
  0.44800000E+01  0.47611031E+03  0.51572697E+03
  0.44900000E+01  0.47047243E+03  0.51473920E+03
  0.45000000E+01  0.46489240E+03  0.51390961E+03
  0.45100000E+01  0.45917187E+03  0.51319007E+03
  0.45200000E+01  0.45319360E+03  0.51251969E+03
  0.45300000E+01  0.44695072E+03  0.51180922E+03
  0.45400000E+01  0.44054624E+03  0.51092260E+03
  0.45500000E+01  0.43416249E+03  0.50977945E+03
  0.45600000E+01  0.42800903E+03  0.50843213E+03
  0.45700000E+01  0.42226444E+03  0.50698148E+03
  0.45800000E+01  0.41702815E+03  0.50549114E+03
  0.45900000E+01  0.41229484E+03  0.50401829E+03
  0.46000000E+01  0.40795697E+03  0.50264861E+03
  0.46100000E+01  0.40383338E+03  0.50145050E+03
  0.46200000E+01  0.39971619E+03  0.50041909E+03
  0.46300000E+01  0.39542435E+03  0.49949283E+03
  0.46400000E+01  0.39085043E+03  0.49861387E+03
  0.46500000E+01  0.38598821E+03  0.49772466E+03
  0.46600000E+01  0.38093302E+03  0.49671325E+03
  0.46700000E+01  0.37585434E+03  0.49546688E+03
  0.46800000E+01  0.37094831E+03  0.49400521E+03
  0.46900000E+01  0.36638393E+03  0.49245848E+03
  0.47000000E+01  0.36225826E+03  0.49092007E+03
  0.47100000E+01  0.35857200E+03  0.48941262E+03
  0.47200000E+01  0.35523072E+03  0.48796765E+03
  0.47300000E+01  0.35207020E+03  0.48665848E+03
  0.47400000E+01  0.34889916E+03  0.48554242E+03
  0.47500000E+01  0.34554868E+03  0.48458502E+03
  0.47600000E+01  0.34191601E+03  0.48366426E+03
  0.47700000E+01  0.33799118E+03  0.48267021E+03
  0.47800000E+01  0.33385880E+03  0.48156892E+03
  0.47900000E+01  0.32967421E+03  0.48034584E+03
  0.48000000E+01  0.32562043E+03  0.47895487E+03
  0.48100000E+01  0.32185844E+03  0.47739577E+03
  0.48200000E+01  0.31848458E+03  0.47578598E+03
  0.48300000E+01  0.31550648E+03  0.47426846E+03
  0.48400000E+01  0.31284267E+03  0.47288993E+03
  0.48500000E+01  0.31034487E+03  0.47162082E+03
  0.48600000E+01  0.30783641E+03  0.47044321E+03
  0.48700000E+01  0.30515757E+03  0.46937901E+03
  0.48800000E+01  0.30220685E+03  0.46843788E+03
  0.48900000E+01  0.29896775E+03  0.46753525E+03
  0.49000000E+01  0.29551283E+03  0.46650022E+03
  0.49100000E+01  0.29198329E+03  0.46522561E+03
  0.49200000E+01  0.28854970E+03  0.46377809E+03
  0.49300000E+01  0.28536574E+03  0.46230000E+03
  0.49400000E+01  0.28252823E+03  0.46084562E+03
  0.49500000E+01  0.28005329E+03  0.45938453E+03
  0.49600000E+01  0.27787357E+03  0.45793584E+03
  0.49700000E+01  0.27585615E+03  0.45660410E+03
  0.49800000E+01  0.27383680E+03  0.45547150E+03
  0.49900000E+01  0.27166266E+03  0.45451381E+03
  0.50000000E+01  0.26923229E+03  0.45361619E+03
  0.50100000E+01  0.26652204E+03  0.45264760E+03
  0.50200000E+01  0.26359139E+03  0.45154897E+03
  0.50300000E+01  0.26056595E+03  0.45035233E+03
  0.50400000E+01  0.25760341E+03  0.44908945E+03
  0.50500000E+01  0.25485186E+03  0.44772360E+03
  0.50600000E+01  0.25241112E+03  0.44623237E+03
  0.50700000E+01  0.25030695E+03  0.44471251E+03
  0.50800000E+01  0.24848513E+03  0.44332115E+03
  0.50900000E+01  0.24682661E+03  0.44212765E+03
  0.51000000E+01  0.24517952E+03  0.44107404E+03
  0.51100000E+01  0.24339868E+03  0.44007320E+03
  0.51200000E+01  0.24138236E+03  0.43909182E+03
  0.51300000E+01  0.23909748E+03  0.43812865E+03
  0.51400000E+01  0.23658786E+03  0.43716142E+03
  0.51500000E+01  0.23396322E+03  0.43612264E+03
  0.51600000E+01  0.23137044E+03  0.43491855E+03
  0.51700000E+01  0.22895395E+03  0.43351642E+03
  0.51800000E+01  0.22681633E+03  0.43202244E+03
  0.51900000E+01  0.22499143E+03  0.43061209E+03
  0.52000000E+01  0.22343757E+03  0.42936830E+03
  0.52100000E+01  0.22205115E+03  0.42823328E+03
  0.52200000E+01  0.22069451E+03  0.42712811E+03
  0.52300000E+01  0.21922998E+03  0.42606566E+03
  0.52400000E+01  0.21755311E+03  0.42511051E+03
  0.52500000E+01  0.21561918E+03  0.42426147E+03
  0.52600000E+01  0.21345647E+03  0.42341269E+03
  0.52700000E+01  0.21116053E+03  0.42242281E+03
  0.52800000E+01  0.20886840E+03  0.42121487E+03
  0.52900000E+01  0.20671980E+03  0.41983906E+03
  0.53000000E+01  0.20481825E+03  0.41844756E+03
  0.53100000E+01  0.20320521E+03  0.41717032E+03
  0.53200000E+01  0.20185312E+03  0.41600356E+03
  0.53300000E+01  0.20067571E+03  0.41485804E+03
  0.53400000E+01  0.19954984E+03  0.41371311E+03
  0.53500000E+01  0.19834400E+03  0.41265902E+03
  0.53600000E+01  0.19694984E+03  0.41177661E+03
  0.53700000E+01  0.19531121E+03  0.41101906E+03
  0.53800000E+01  0.19344192E+03  0.41022874E+03
  0.53900000E+01  0.19142385E+03  0.40926146E+03
  0.54000000E+01  0.18938330E+03  0.40808777E+03
  0.54100000E+01  0.18745373E+03  0.40679410E+03
  0.54200000E+01  0.18573885E+03  0.40551239E+03
  0.54300000E+01  0.18428810E+03  0.40432349E+03
  0.54400000E+01  0.18308883E+03  0.40319758E+03
  0.54500000E+01  0.18207240E+03  0.40205816E+03
  0.54600000E+01  0.18113008E+03  0.40091624E+03
  0.54700000E+01  0.18013677E+03  0.39988679E+03
  0.54800000E+01  0.17898097E+03  0.39905360E+03
  0.54900000E+01  0.17759585E+03  0.39835347E+03
  0.55000000E+01  0.17598074E+03  0.39761311E+03
  0.55100000E+01  0.17420300E+03  0.39669184E+03
  0.55200000E+01  0.17237731E+03  0.39557955E+03
  0.55300000E+01  0.17063057E+03  0.39437035E+03
  0.55400000E+01  0.16906659E+03  0.39317365E+03
  0.55500000E+01  0.16774237E+03  0.39204547E+03
  0.55600000E+01  0.16665909E+03  0.39096187E+03
  0.55700000E+01  0.16576504E+03  0.38986262E+03
  0.55800000E+01  0.16496662E+03  0.38875201E+03
  0.55900000E+01  0.16414719E+03  0.38773395E+03
  0.56000000E+01  0.16319424E+03  0.38690901E+03
  0.56100000E+01  0.16203076E+03  0.38624294E+03
  0.56200000E+01  0.16064041E+03  0.38556828E+03
  0.56300000E+01  0.15907438E+03  0.38472550E+03
  0.56400000E+01  0.15743517E+03  0.38368647E+03
  0.56500000E+01  0.15584385E+03  0.38254267E+03
  0.56600000E+01  0.15440497E+03  0.38140429E+03
  0.56700000E+01  0.15318201E+03  0.38032469E+03
  0.56800000E+01  0.15218756E+03  0.37929028E+03
  0.56900000E+01  0.15138483E+03  0.37825410E+03
  0.57000000E+01  0.15069592E+03  0.37720039E+03
  0.57100000E+01  0.15001595E+03  0.37619381E+03
  0.57200000E+01  0.14923513E+03  0.37534050E+03
  0.57300000E+01  0.14826793E+03  0.37466950E+03
  0.57400000E+01  0.14708077E+03  0.37406131E+03
  0.57500000E+01  0.14570568E+03  0.37333213E+03
  0.57600000E+01  0.14423120E+03  0.37239298E+03
  0.57700000E+01  0.14277328E+03  0.37130482E+03
  0.57800000E+01  0.14143910E+03  0.37019418E+03
  0.57900000E+01  0.14029912E+03  0.36914377E+03
  0.58000000E+01  0.13937493E+03  0.36815713E+03
  0.58100000E+01  0.13864094E+03  0.36719281E+03
  0.58200000E+01  0.13803302E+03  0.36621805E+03
  0.58300000E+01  0.13746027E+03  0.36525163E+03
  0.58400000E+01  0.13682113E+03  0.36436886E+03
  0.58500000E+01  0.13602652E+03  0.36364340E+03
  0.58600000E+01  0.13502651E+03  0.36305030E+03
  0.58700000E+01  0.13383022E+03  0.36243927E+03
  0.58800000E+01  0.13250704E+03  0.36165031E+03
  0.58900000E+01  0.13116534E+03  0.36065468E+03
  0.59000000E+01  0.12991683E+03  0.35956032E+03
  0.59100000E+01  0.12884276E+03  0.35849973E+03
  0.59200000E+01  0.12797519E+03  0.35753114E+03
  0.59300000E+01  0.12729650E+03  0.35663017E+03
  0.59400000E+01  0.12675081E+03  0.35574599E+03
  0.59500000E+01  0.12625831E+03  0.35485700E+03
  0.59600000E+01  0.12572910E+03  0.35399131E+03
  0.59700000E+01  0.12507877E+03  0.35320999E+03
  0.59800000E+01  0.12424830E+03  0.35255578E+03
  0.59900000E+01  0.12322443E+03  0.35198328E+03
  0.60000000E+01  0.12205055E+03  0.35135043E+03
