  0.20000000E+00  0.18994446E+03 -0.20461907E+02
  0.21000000E+00  0.18998216E+03 -0.21473885E+02
  0.22000000E+00  0.19089023E+03 -0.21678966E+02
  0.23000000E+00  0.19223219E+03 -0.21248516E+02
  0.24000000E+00  0.19345415E+03 -0.20607799E+02
  0.25000000E+00  0.19412029E+03 -0.19962523E+02
  0.26000000E+00  0.19406499E+03 -0.19345266E+02
  0.27000000E+00  0.19341587E+03 -0.18899095E+02
  0.28000000E+00  0.19250188E+03 -0.18888130E+02
  0.29000000E+00  0.19170170E+03 -0.19396256E+02
  0.30000000E+00  0.19130042E+03 -0.20147137E+02
  0.31000000E+00  0.19140637E+03 -0.20727402E+02
  0.32000000E+00  0.19194705E+03 -0.20935384E+02
  0.33000000E+00  0.19272706E+03 -0.20879126E+02
  0.34000000E+00  0.19351020E+03 -0.20787191E+02
  0.35000000E+00  0.19408965E+03 -0.20786650E+02
  0.36000000E+00  0.19433020E+03 -0.20848451E+02
  0.37000000E+00  0.19418734E+03 -0.20851684E+02
  0.38000000E+00  0.19371441E+03 -0.20728360E+02
  0.39000000E+00  0.19306057E+03 -0.20609112E+02
  0.40000000E+00  0.19244900E+03 -0.20758161E+02
  0.41000000E+00  0.19212414E+03 -0.21307795E+02
  0.42000000E+00  0.19227102E+03 -0.22095693E+02
  0.43000000E+00  0.19293175E+03 -0.22818101E+02
  0.44000000E+00  0.19395767E+03 -0.23289159E+02
  0.45000000E+00  0.19503081E+03 -0.23488144E+02
  0.46000000E+00  0.19576364E+03 -0.23425978E+02
  0.47000000E+00  0.19585125E+03 -0.23064479E+02
  0.48000000E+00  0.19521791E+03 -0.22455780E+02
  0.49000000E+00  0.19408845E+03 -0.21966875E+02
  0.50000000E+00  0.19293481E+03 -0.22156167E+02
  0.51000000E+00  0.19229947E+03 -0.23257317E+02
  0.52000000E+00  0.19255959E+03 -0.24869282E+02
  0.53000000E+00  0.19373660E+03 -0.26249550E+02
  0.54000000E+00  0.19544835E+03 -0.26859906E+02
  0.55000000E+00  0.19704255E+03 -0.26615182E+02
  0.56000000E+00  0.19786646E+03 -0.25770535E+02
  0.57000000E+00  0.19755971E+03 -0.24740585E+02
  0.58000000E+00  0.19623762E+03 -0.23984903E+02
  0.59000000E+00  0.19447326E+03 -0.23930151E+02
  0.60000000E+00  0.19307165E+03 -0.24863923E+02
  0.61000000E+00  0.19272384E+03 -0.26695803E+02
  0.62000000E+00  0.19369086E+03 -0.28776144E+02
  0.63000000E+00  0.19566466E+03 -0.30158562E+02
  0.64000000E+00  0.19788077E+03 -0.30219104E+02
  0.65000000E+00  0.19944297E+03 -0.29084752E+02
  0.66000000E+00  0.19971898E+03 -0.27512506E+02
  0.67000000E+00  0.19862782E+03 -0.26389016E+02
  0.68000000E+00  0.19668568E+03 -0.26260899E+02
  0.69000000E+00  0.19478634E+03 -0.27191553E+02
  0.70000000E+00  0.19381226E+03 -0.28922800E+02
  0.71000000E+00  0.19424883E+03 -0.30993156E+02
  0.72000000E+00  0.19597303E+03 -0.32706391E+02
  0.73000000E+00  0.19831030E+03 -0.33320941E+02
  0.74000000E+00  0.20033345E+03 -0.32570992E+02
  0.75000000E+00  0.20126842E+03 -0.30993509E+02
  0.76000000E+00  0.20082444E+03 -0.29603904E+02
  0.77000000E+00  0.19930339E+03 -0.29208276E+02
  0.78000000E+00  0.19744733E+03 -0.29983643E+02
  0.79000000E+00  0.19610353E+03 -0.31552105E+02
  0.80000000E+00  0.19586348E+03 -0.33318545E+02
  0.81000000E+00  0.19683375E+03 -0.34755383E+02
  0.82000000E+00  0.19862697E+03 -0.35508892E+02
  0.83000000E+00  0.20055820E+03 -0.35436620E+02
  0.84000000E+00  0.20194597E+03 -0.34686108E+02
  0.85000000E+00  0.20238202E+03 -0.33734467E+02
  0.86000000E+00  0.20186158E+03 -0.33210000E+02
  0.87000000E+00  0.20073762E+03 -0.33495308E+02
  0.88000000E+00  0.19954216E+03 -0.34457652E+02
  0.89000000E+00  0.19876760E+03 -0.35614323E+02
  0.90000000E+00  0.19870123E+03 -0.36552484E+02
  0.91000000E+00  0.19936403E+03 -0.37181672E+02
  0.92000000E+00  0.20054983E+03 -0.37632309E+02
  0.93000000E+00  0.20192336E+03 -0.37980296E+02
  0.94000000E+00  0.20312919E+03 -0.38143815E+02
  0.95000000E+00  0.20388123E+03 -0.38070757E+02
  0.96000000E+00  0.20402408E+03 -0.37906432E+02
  0.97000000E+00  0.20356853E+03 -0.37854361E+02
  0.98000000E+00  0.20269962E+03 -0.37973267E+02
  0.99000000E+00  0.20174721E+03 -0.38249378E+02
  0.10000000E+01  0.20110803E+03 -0.38771116E+02
  0.10100000E+01  0.20112291E+03 -0.39671451E+02
  0.10200000E+01  0.20194079E+03 -0.40903130E+02
  0.10300000E+01  0.20342543E+03 -0.42119460E+02
  0.10400000E+01  0.20516208E+03 -0.42804382E+02
  0.10500000E+01  0.20658759E+03 -0.42632062E+02
  0.10600000E+01  0.20720898E+03 -0.41779649E+02
  0.10700000E+01  0.20682236E+03 -0.40848094E+02
  0.10800000E+01  0.20562835E+03 -0.40450490E+02
  0.10900000E+01  0.20417761E+03 -0.40872758E+02
  0.11000000E+01  0.20315632E+03 -0.42045129E+02
  0.11100000E+01  0.20309872E+03 -0.43680741E+02
  0.11200000E+01  0.20415406E+03 -0.45334404E+02
  0.11300000E+01  0.20601560E+03 -0.46442563E+02
  0.11400000E+01  0.20804723E+03 -0.46572256E+02
  0.11500000E+01  0.20955267E+03 -0.45773016E+02
  0.11600000E+01  0.21006598E+03 -0.44641902E+02
  0.11700000E+01  0.20953425E+03 -0.43950891E+02
  0.11800000E+01  0.20831736E+03 -0.44144730E+02
  0.11900000E+01  0.20701704E+03 -0.45124552E+02
  0.12000000E+01  0.20622321E+03 -0.46448668E+02
  0.12100000E+01  0.20629208E+03 -0.47700393E+02
  0.12200000E+01  0.20724168E+03 -0.48654864E+02
  0.12300000E+01  0.20878680E+03 -0.49211350E+02
  0.12400000E+01  0.21047513E+03 -0.49343077E+02
  0.12500000E+01  0.21185501E+03 -0.49148853E+02
  0.12600000E+01  0.21261162E+03 -0.48872479E+02
  0.12700000E+01  0.21263860E+03 -0.48774782E+02
  0.12800000E+01  0.21204467E+03 -0.48934768E+02
  0.12900000E+01  0.21111227E+03 -0.49234495E+02
  0.13000000E+01  0.21022466E+03 -0.49602312E+02
  0.13100000E+01  0.20976996E+03 -0.50185453E+02
  0.13200000E+01  0.21003053E+03 -0.51164637E+02
  0.13300000E+01  0.21107974E+03 -0.52430146E+02
  0.13400000E+01  0.21272556E+03 -0.53541467E+02
  0.13500000E+01  0.21454156E+03 -0.54045828E+02
  0.13600000E+01  0.21599853E+03 -0.53819642E+02
  0.13700000E+01  0.21666150E+03 -0.53120722E+02
  0.13800000E+01  0.21637429E+03 -0.52404698E+02
  0.13900000E+01  0.21534509E+03 -0.52109503E+02
  0.14000000E+01  0.21408296E+03 -0.52508231E+02
  0.14100000E+01  0.21320231E+03 -0.53636539E+02
  0.14200000E+01  0.21317622E+03 -0.55242502E+02
  0.14300000E+01  0.21414651E+03 -0.56797096E+02
  0.14400000E+01  0.21587369E+03 -0.57725241E+02
  0.14500000E+01  0.21784435E+03 -0.57795738E+02
  0.14600000E+01  0.21948200E+03 -0.57277557E+02
  0.14700000E+01  0.22036555E+03 -0.56678672E+02
  0.14800000E+01  0.22036655E+03 -0.56386074E+02
  0.14900000E+01  0.21966365E+03 -0.56528269E+02
  0.15000000E+01  0.21865039E+03 -0.57046440E+02
  0.15100000E+01  0.21778944E+03 -0.57812541E+02
  0.15200000E+01  0.21747045E+03 -0.58701816E+02
  0.15300000E+01  0.21790816E+03 -0.59620255E+02
  0.15400000E+01  0.21909313E+03 -0.60497501E+02
  0.15500000E+01  0.22079548E+03 -0.61254219E+02
  0.15600000E+01  0.22262063E+03 -0.61768007E+02
  0.15700000E+01  0.22411473E+03 -0.61883264E+02
  0.15800000E+01  0.22490437E+03 -0.61535006E+02
  0.15900000E+01  0.22483282E+03 -0.60930822E+02
  0.16000000E+01  0.22403883E+03 -0.60531714E+02
  0.16100000E+01  0.22293261E+03 -0.60753840E+02
  0.16200000E+01  0.22206084E+03 -0.61695184E+02
  0.16300000E+01  0.22190448E+03 -0.63117364E+02
  0.16400000E+01  0.22269117E+03 -0.64603075E+02
  0.16500000E+01  0.22430389E+03 -0.65730891E+02
  0.16600000E+01  0.22632724E+03 -0.66208176E+02
  0.16700000E+01  0.22820994E+03 -0.65998830E+02
  0.16800000E+01  0.22947173E+03 -0.65395928E+02
  0.16900000E+01  0.22986882E+03 -0.64891881E+02
  0.17000000E+01  0.22945930E+03 -0.64857340E+02
  0.17100000E+01  0.22855924E+03 -0.65304593E+02
  0.17200000E+01  0.22762322E+03 -0.65998840E+02
  0.17300000E+01  0.22709971E+03 -0.66779251E+02
  0.17400000E+01  0.22730366E+03 -0.67675885E+02
  0.17500000E+01  0.22833142E+03 -0.68717687E+02
  0.17600000E+01  0.23003095E+03 -0.69739933E+02
  0.17700000E+01  0.23203629E+03 -0.70434739E+02
  0.17800000E+01  0.23386800E+03 -0.70581986E+02
  0.17900000E+01  0.23508248E+03 -0.70221637E+02
  0.18000000E+01  0.23542742E+03 -0.69629400E+02
  0.18100000E+01  0.23494414E+03 -0.69188077E+02
  0.18200000E+01  0.23396769E+03 -0.69259420E+02
  0.18300000E+01  0.23301466E+03 -0.70028630E+02
  0.18400000E+01  0.23259794E+03 -0.71352875E+02
  0.18500000E+01  0.23304224E+03 -0.72801522E+02
  0.18600000E+01  0.23437354E+03 -0.73934918E+02
  0.18700000E+01  0.23632127E+03 -0.74556847E+02
  0.18800000E+01  0.23842315E+03 -0.74716816E+02
  0.18900000E+01  0.24018503E+03 -0.74573034E+02
  0.19000000E+01  0.24123654E+03 -0.74305662E+02
  0.19100000E+01  0.24143699E+03 -0.74087884E+02
  0.19200000E+01  0.24090934E+03 -0.74055913E+02
  0.19300000E+01  0.24000134E+03 -0.74289212E+02
  0.19400000E+01  0.23918512E+03 -0.74841815E+02
  0.19500000E+01  0.23891750E+03 -0.75773980E+02
  0.19600000E+01  0.23949471E+03 -0.77064369E+02
  0.19700000E+01  0.24094661E+03 -0.78452043E+02
  0.19800000E+01  0.24301321E+03 -0.79468678E+02
  0.19900000E+01  0.24522292E+03 -0.79756761E+02
  0.20000000E+01  0.24705164E+03 -0.79376278E+02
  0.20100000E+01  0.24810482E+03 -0.78758058E+02
  0.20200000E+01  0.24825180E+03 -0.78367832E+02
  0.20300000E+01  0.24766348E+03 -0.78440270E+02
  0.20400000E+01  0.24674583E+03 -0.78967149E+02
  0.20500000E+01  0.24600192E+03 -0.79819264E+02
  0.20600000E+01  0.24587354E+03 -0.80847079E+02
  0.20700000E+01  0.24661019E+03 -0.81936811E+02
  0.20800000E+01  0.24819715E+03 -0.83007765E+02
  0.20900000E+01  0.25035830E+03 -0.83919187E+02
  0.21000000E+01  0.25263485E+03 -0.84419816E+02
  0.21100000E+01  0.25452343E+03 -0.84323722E+02
  0.21200000E+01  0.25563679E+03 -0.83767784E+02
  0.21300000E+01  0.25583499E+03 -0.83197678E+02
  0.21400000E+01  0.25527780E+03 -0.83058783E+02
  0.21500000E+01  0.25437492E+03 -0.83527696E+02
  0.21600000E+01  0.25365027E+03 -0.84499367E+02
  0.21700000E+01  0.25356961E+03 -0.85732247E+02
  0.21800000E+01  0.25439231E+03 -0.86973379E+02
  0.21900000E+01  0.25609398E+03 -0.88019809E+02
  0.22000000E+01  0.25837903E+03 -0.88750782E+02
  0.22100000E+01  0.26077407E+03 -0.89116051E+02
  0.22200000E+01  0.26277233E+03 -0.89096466E+02
  0.22300000E+01  0.26398836E+03 -0.88740608E+02
  0.22400000E+01  0.26427904E+03 -0.88265269E+02
  0.22500000E+01  0.26379315E+03 -0.88031958E+02
  0.22600000E+01  0.26292984E+03 -0.88339416E+02
  0.22700000E+01  0.26221510E+03 -0.89235229E+02
  0.22800000E+01  0.26213423E+03 -0.90521774E+02
  0.22900000E+01  0.26297612E+03 -0.91894758E+02
  0.23000000E+01  0.26474145E+03 -0.93067023E+02
  0.23100000E+01  0.26714380E+03 -0.93839730E+02
  0.23200000E+01  0.26970079E+03 -0.94151222E+02
  0.23300000E+01  0.27188418E+03 -0.94075661E+02
  0.23400000E+01  0.27328222E+03 -0.93752121E+02
  0.23500000E+01  0.27372614E+03 -0.93351495E+02
  0.23600000E+01  0.27334380E+03 -0.93121183E+02
  0.23700000E+01  0.27252345E+03 -0.93339330E+02
  0.23800000E+01  0.27179648E+03 -0.94137214E+02
  0.23900000E+01  0.27167334E+03 -0.95396049E+02
  0.24000000E+01  0.27248347E+03 -0.96824604E+02
  0.24100000E+01  0.27427072E+03 -0.98105587E+02
  0.24200000E+01  0.27677809E+03 -0.98996900E+02
  0.24300000E+01  0.27952673E+03 -0.99389178E+02
  0.24400000E+01  0.28196351E+03 -0.99331146E+02
  0.24500000E+01  0.28363116E+03 -0.98984139E+02
  0.24600000E+01  0.28430896E+03 -0.98549421E+02
  0.24700000E+01  0.28408188E+03 -0.98272070E+02
  0.24800000E+01  0.28331699E+03 -0.98424765E+02
  0.24900000E+01  0.28255350E+03 -0.99157723E+02
  0.25000000E+01  0.28233884E+03 -0.10038008E+03
  0.25100000E+01  0.28306046E+03 -0.10182192E+03
  0.25200000E+01  0.28482504E+03 -0.10318012E+03
  0.25300000E+01  0.28742311E+03 -0.10421078E+03
  0.25400000E+01  0.29039044E+03 -0.10476406E+03
  0.25500000E+01  0.29314799E+03 -0.10481120E+03
  0.25600000E+01  0.29517833E+03 -0.10445555E+03
  0.25700000E+01  0.29618471E+03 -0.10391934E+03
  0.25800000E+01  0.29618399E+03 -0.10352531E+03
  0.25900000E+01  0.29550455E+03 -0.10359631E+03
  0.26000000E+01  0.29468910E+03 -0.10427073E+03
  0.26100000E+01  0.29433168E+03 -0.10543826E+03
  0.26200000E+01  0.29489793E+03 -0.10685763E+03
  0.26300000E+01  0.29658260E+03 -0.10828464E+03
  0.26400000E+01  0.29924695E+03 -0.10949817E+03
  0.26500000E+01  0.30245578E+03 -0.11028549E+03
  0.26600000E+01  0.30560501E+03 -0.11048873E+03
  0.26700000E+01  0.30810305E+03 -0.11012146E+03
  0.26800000E+01  0.30955178E+03 -0.10945532E+03
  0.26900000E+01  0.30987090E+03 -0.10893195E+03
  0.27000000E+01  0.30932637E+03 -0.10890278E+03
  0.27100000E+01  0.30845395E+03 -0.10945646E+03
  0.27200000E+01  0.30790086E+03 -0.11049327E+03
  0.27300000E+01  0.30823303E+03 -0.11186889E+03
  0.27400000E+01  0.30976419E+03 -0.11341723E+03
  0.27500000E+01  0.31245673E+03 -0.11488767E+03
  0.27600000E+01  0.31592512E+03 -0.11594016E+03
  0.27700000E+01  0.31954439E+03 -0.11628923E+03
  0.27800000E+01  0.32263443E+03 -0.11593184E+03
  0.27900000E+01  0.32466607E+03 -0.11520863E+03
  0.28000000E+01  0.32542525E+03 -0.11456927E+03
  0.28100000E+01  0.32508392E+03 -0.11431917E+03
  0.28200000E+01  0.32415508E+03 -0.11460127E+03
  0.28300000E+01  0.32334526E+03 -0.11546903E+03
  0.28400000E+01  0.32334734E+03 -0.11687290E+03
  0.28500000E+01  0.32463306E+03 -0.11860546E+03
  0.28600000E+01  0.32730544E+03 -0.12031041E+03
  0.28700000E+01  0.33105619E+03 -0.12159245E+03
  0.28800000E+01  0.33524546E+03 -0.12217476E+03
  0.28900000E+01  0.33908537E+03 -0.12200096E+03
  0.29000000E+01  0.34187561E+03 -0.12125500E+03
  0.29100000E+01  0.34321995E+03 -0.12032562E+03
  0.29200000E+01  0.34315609E+03 -0.11968103E+03
  0.29300000E+01  0.34215713E+03 -0.11967465E+03
  0.29400000E+01  0.34100178E+03 -0.12042325E+03
  0.29500000E+01  0.34054952E+03 -0.12182651E+03
  0.29600000E+01  0.34148449E+03 -0.12365942E+03
  0.29700000E+01  0.34410154E+03 -0.12562451E+03
  0.29800000E+01  0.34819960E+03 -0.12732610E+03
  0.29900000E+01  0.35312017E+03 -0.12830876E+03
  0.30000000E+01  0.35792842E+03 -0.12828870E+03
  0.30100000E+01  0.36168978E+03 -0.12739097E+03
  0.30200000E+01  0.36376064E+03 -0.12610815E+03
  0.30300000E+01  0.36400190E+03 -0.12502958E+03
  0.30400000E+01  0.36284502E+03 -0.12460930E+03
  0.30500000E+01  0.36118417E+03 -0.12509079E+03
  0.30600000E+01  0.36012112E+03 -0.12649586E+03
  0.30700000E+01  0.36063373E+03 -0.12860926E+03
  0.30800000E+01  0.36326429E+03 -0.13101817E+03
  0.30900000E+01  0.36792385E+03 -0.13320055E+03
  0.31000000E+01  0.37388171E+03 -0.13459616E+03
  0.31100000E+01  0.37995897E+03 -0.13475545E+03
  0.31200000E+01  0.38488062E+03 -0.13362915E+03
  0.31300000E+01  0.38768356E+03 -0.13173804E+03
  0.31400000E+01  0.38804933E+03 -0.12994739E+03
  0.31500000E+01  0.38644611E+03 -0.12901664E+03
  0.31600000E+01  0.38402128E+03 -0.12933970E+03
  0.31700000E+01  0.38226523E+03 -0.13095175E+03
  0.31800000E+01  0.38254178E+03 -0.13358155E+03
  0.31900000E+01  0.38562933E+03 -0.13668050E+03
  0.32000000E+01  0.39142377E+03 -0.13949651E+03
  0.32100000E+01  0.39891597E+03 -0.14120982E+03
  0.32200000E+01  0.40647597E+03 -0.14117995E+03
  0.32300000E+01  0.41237359E+03 -0.13933617E+03
  0.32400000E+01  0.41537231E+03 -0.13644377E+03
  0.32500000E+01  0.41518992E+03 -0.13381235E+03
  0.32600000E+01  0.41264986E+03 -0.13258618E+03
  0.32700000E+01  0.40944792E+03 -0.13327718E+03
  0.32800000E+01  0.40759490E+03 -0.13575999E+03
  0.32900000E+01  0.40871720E+03 -0.13943235E+03
  0.33000000E+01  0.41345972E+03 -0.14334862E+03
  0.33100000E+01  0.42121390E+03 -0.14637358E+03
  0.33200000E+01  0.43029064E+03 -0.14745247E+03
  0.33300000E+01  0.43850104E+03 -0.14606568E+03
  0.33400000E+01  0.44394965E+03 -0.14272084E+03
  0.33500000E+01  0.44574686E+03 -0.13894493E+03
  0.33600000E+01  0.44435874E+03 -0.13650411E+03
  0.33700000E+01  0.44144242E+03 -0.13647188E+03
  0.33800000E+01  0.43921798E+03 -0.13887364E+03
  0.33900000E+01  0.43961968E+03 -0.14287338E+03
  0.34000000E+01  0.44356562E+03 -0.14712886E+03
  0.34100000E+01  0.45063955E+03 -0.15019191E+03
  0.34200000E+01  0.45930808E+03 -0.15099999E+03
  0.34300000E+01  0.46757228E+03 -0.14939637E+03
  0.34400000E+01  0.47377129E+03 -0.14632299E+03
  0.34500000E+01  0.47719770E+03 -0.14335645E+03
  0.34600000E+01  0.47827737E+03 -0.14187932E+03
  0.34700000E+01  0.47826903E+03 -0.14248299E+03
  0.34800000E+01  0.47865675E+03 -0.14479421E+03
  0.34900000E+01  0.48053509E+03 -0.14767576E+03
  0.35000000E+01  0.48426192E+03 -0.14979836E+03
  0.35100000E+01  0.48949447E+03 -0.15039670E+03
  0.35200000E+01  0.49552016E+03 -0.14972046E+03
  0.35300000E+01  0.50165813E+03 -0.14875981E+03
  0.35400000E+01  0.50751067E+03 -0.14844534E+03
  0.35500000E+01  0.51297197E+03 -0.14901769E+03
  0.35600000E+01  0.51806632E+03 -0.14997028E+03
  0.35700000E+01  0.52278256E+03 -0.15046210E+03
  0.35800000E+01  0.52704170E+03 -0.14995169E+03
  0.35900000E+01  0.53081240E+03 -0.14868755E+03
  0.36000000E+01  0.53426574E+03 -0.14760183E+03
  0.36100000E+01  0.53782551E+03 -0.14760523E+03
  0.36200000E+01  0.54204457E+03 -0.14889233E+03
  0.36300000E+01  0.54736365E+03 -0.15080022E+03
  0.36400000E+01  0.55389488E+03 -0.15225321E+03
  0.36500000E+01  0.56135913E+03 -0.15249092E+03
  0.36600000E+01  0.56920889E+03 -0.15159112E+03
  0.36700000E+01  0.57685922E+03 -0.15031400E+03
  0.36800000E+01  0.58390238E+03 -0.14938858E+03
  0.36900000E+01  0.59021584E+03 -0.14895684E+03
  0.37000000E+01  0.59595084E+03 -0.14864359E+03
  0.37100000E+01  0.60144732E+03 -0.14808890E+03
  0.37200000E+01  0.60713022E+03 -0.14740193E+03
  0.37300000E+01  0.61341469E+03 -0.14704755E+03
  0.37400000E+01  0.62062271E+03 -0.14726720E+03
  0.37500000E+01  0.62891202E+03 -0.14771202E+03
  0.37600000E+01  0.63823416E+03 -0.14772365E+03
  0.37700000E+01  0.64834474E+03 -0.14695197E+03
  0.37800000E+01  0.65887500E+03 -0.14560306E+03
  0.37900000E+01  0.66944592E+03 -0.14404594E+03
  0.38000000E+01  0.67978680E+03 -0.14234796E+03
  0.38100000E+01  0.68981962E+03 -0.14036093E+03
  0.38200000E+01  0.69968596E+03 -0.13814909E+03
  0.38300000E+01  0.70971316E+03 -0.13605185E+03
  0.38400000E+01  0.72033335E+03 -0.13425369E+03
  0.38500000E+01  0.73197951E+03 -0.13252471E+03
  0.38600000E+01  0.74498772E+03 -0.13050370E+03
  0.38700000E+01  0.75953280E+03 -0.12802825E+03
  0.38800000E+01  0.77561489E+03 -0.12503451E+03
  0.38900000E+01  0.79310110E+03 -0.12134524E+03
  0.39000000E+01  0.81181200E+03 -0.11676920E+03
  0.39100000E+01  0.83163333E+03 -0.11126191E+03
  0.39200000E+01  0.85262690E+03 -0.10484656E+03
  0.39300000E+01  0.87511376E+03 -0.97526762E+02
  0.39400000E+01  0.89970409E+03 -0.89312349E+02
  0.39500000E+01  0.92725390E+03 -0.80135077E+02
  0.39600000E+01  0.95873567E+03 -0.69721655E+02
  0.39700000E+01  0.99502039E+03 -0.57616048E+02
  0.39800000E+01  0.10365831E+04 -0.43239993E+02
  0.39900000E+01  0.10831679E+04 -0.25916440E+02
  0.40000000E+01  0.11334816E+04 -0.48961240E+01
  0.40100000E+01  0.11850184E+04  0.20605778E+02
  0.40200000E+01  0.12341304E+04  0.51305025E+02
  0.40300000E+01  0.12764175E+04  0.87610049E+02
  0.40400000E+01  0.13074250E+04  0.12923881E+03
  0.40500000E+01  0.13235069E+04  0.17483094E+03
  0.40600000E+01  0.13226212E+04  0.22191325E+03
  0.40700000E+01  0.13048027E+04  0.26750963E+03
  0.40800000E+01  0.12721482E+04  0.30912148E+03
  0.40900000E+01  0.12283163E+04  0.34537911E+03
  0.41000000E+01  0.11777082E+04  0.37603249E+03
  0.41100000E+01  0.11245905E+04  0.40154957E+03
  0.41200000E+01  0.10724115E+04  0.42270109E+03
  0.41300000E+01  0.10234541E+04  0.44029217E+03
  0.41400000E+01  0.97883742E+03  0.45502856E+03
  0.41500000E+01  0.93877017E+03  0.46746022E+03
  0.41600000E+01  0.90291231E+03  0.47796511E+03
  0.41700000E+01  0.87071353E+03  0.48677067E+03
  0.41800000E+01  0.84164810E+03  0.49402231E+03
  0.41900000E+01  0.81532251E+03  0.49987316E+03
  0.42000000E+01  0.79147716E+03  0.50453213E+03
  0.42100000E+01  0.76992642E+03  0.50824721E+03
  0.42200000E+01  0.75048334E+03  0.51126039E+03
  0.42300000E+01  0.73290365E+03  0.51377830E+03
  0.42400000E+01  0.71686685E+03  0.51596356E+03
  0.42500000E+01  0.70199599E+03  0.51793394E+03
  0.42600000E+01  0.68790685E+03  0.51976261E+03
  0.42700000E+01  0.67426986E+03  0.52146563E+03
  0.42800000E+01  0.66086607E+03  0.52299147E+03
  0.42900000E+01  0.64761972E+03  0.52423724E+03
  0.43000000E+01  0.63459634E+03  0.52509163E+03
  0.43100000E+01  0.62196543E+03  0.52550669E+03
  0.43200000E+01  0.60993730E+03  0.52553104E+03
  0.43300000E+01  0.59869232E+03  0.52526923E+03
  0.43400000E+01  0.58832202E+03  0.52484348E+03
  0.43500000E+01  0.57879726E+03  0.52436903E+03
  0.43600000E+01  0.56997028E+03  0.52392712E+03
  0.43700000E+01  0.56160825E+03  0.52356843E+03
  0.43800000E+01  0.55344900E+03  0.52332364E+03
  0.43900000E+01  0.54526444E+03  0.52317304E+03
  0.44000000E+01  0.53691580E+03  0.52302862E+03
  0.44100000E+01  0.52838552E+03  0.52277453E+03
  0.44200000E+01  0.51977669E+03  0.52230281E+03
  0.44300000E+01  0.51127964E+03  0.52154286E+03
  0.44400000E+01  0.50311507E+03  0.52051848E+03
  0.44500000E+01  0.49547052E+03  0.51933535E+03
  0.44600000E+01  0.48844776E+03  0.51809378E+03
  0.44700000E+01  0.48203513E+03  0.51686613E+03
  0.44800000E+01  0.47611047E+03  0.51572701E+03
  0.44900000E+01  0.47047257E+03  0.51473925E+03
  0.45000000E+01  0.46489252E+03  0.51390965E+03
  0.45100000E+01  0.45917198E+03  0.51319010E+03
  0.45200000E+01  0.45319371E+03  0.51251972E+03
  0.45300000E+01  0.44695084E+03  0.51180925E+03
  0.45400000E+01  0.44054638E+03  0.51092263E+03
  0.45500000E+01  0.43416264E+03  0.50977948E+03
  0.45600000E+01  0.42800919E+03  0.50843217E+03
  0.45700000E+01  0.42226460E+03  0.50698153E+03
  0.45800000E+01  0.41702830E+03  0.50549119E+03
  0.45900000E+01  0.41229497E+03  0.50401835E+03
  0.46000000E+01  0.40795708E+03  0.50264868E+03
  0.46100000E+01  0.40383348E+03  0.50145057E+03
  0.46200000E+01  0.39971627E+03  0.50041915E+03
  0.46300000E+01  0.39542443E+03  0.49949288E+03
  0.46400000E+01  0.39085052E+03  0.49861391E+03
  0.46500000E+01  0.38598831E+03  0.49772470E+03
  0.46600000E+01  0.38093313E+03  0.49671329E+03
  0.46700000E+01  0.37585446E+03  0.49546693E+03
  0.46800000E+01  0.37094843E+03  0.49400527E+03
  0.46900000E+01  0.36638405E+03  0.49245855E+03
  0.47000000E+01  0.36225837E+03  0.49092015E+03
  0.47100000E+01  0.35857210E+03  0.48941270E+03
  0.47200000E+01  0.35523080E+03  0.48796772E+03
  0.47300000E+01  0.35207027E+03  0.48665855E+03
  0.47400000E+01  0.34889922E+03  0.48554249E+03
  0.47500000E+01  0.34554875E+03  0.48458508E+03
  0.47600000E+01  0.34191608E+03  0.48366432E+03
  0.47700000E+01  0.33799126E+03  0.48267026E+03
  0.47800000E+01  0.33385889E+03  0.48156899E+03
  0.47900000E+01  0.32967431E+03  0.48034591E+03
  0.48000000E+01  0.32562053E+03  0.47895495E+03
  0.48100000E+01  0.32185853E+03  0.47739585E+03
  0.48200000E+01  0.31848467E+03  0.47578606E+03
  0.48300000E+01  0.31550655E+03  0.47426855E+03
  0.48400000E+01  0.31284272E+03  0.47289002E+03
  0.48500000E+01  0.31034491E+03  0.47162091E+03
  0.48600000E+01  0.30783646E+03  0.47044328E+03
  0.48700000E+01  0.30515761E+03  0.46937909E+03
  0.48800000E+01  0.30220690E+03  0.46843796E+03
  0.48900000E+01  0.29896781E+03  0.46753533E+03
  0.49000000E+01  0.29551291E+03  0.46650029E+03
  0.49100000E+01  0.29198337E+03  0.46522569E+03
  0.49200000E+01  0.28854978E+03  0.46377818E+03
  0.49300000E+01  0.28536581E+03  0.46230010E+03
  0.49400000E+01  0.28252829E+03  0.46084573E+03
  0.49500000E+01  0.28005334E+03  0.45938463E+03
  0.49600000E+01  0.27787361E+03  0.45793593E+03
  0.49700000E+01  0.27585617E+03  0.45660419E+03
  0.49800000E+01  0.27383682E+03  0.45547159E+03
  0.49900000E+01  0.27166269E+03  0.45451391E+03
  0.50000000E+01  0.26923233E+03  0.45361627E+03
  0.50100000E+01  0.26652209E+03  0.45264768E+03
  0.50200000E+01  0.26359145E+03  0.45154905E+03
  0.50300000E+01  0.26056601E+03  0.45035243E+03
  0.50400000E+01  0.25760346E+03  0.44908956E+03
  0.50500000E+01  0.25485191E+03  0.44772371E+03
  0.50600000E+01  0.25241115E+03  0.44623247E+03
  0.50700000E+01  0.25030698E+03  0.44471261E+03
  0.50800000E+01  0.24848515E+03  0.44332126E+03
  0.50900000E+01  0.24682662E+03  0.44212776E+03
  0.51000000E+01  0.24517953E+03  0.44107414E+03
  0.51100000E+01  0.24339870E+03  0.44007329E+03
  0.51200000E+01  0.24138238E+03  0.43909190E+03
  0.51300000E+01  0.23909750E+03  0.43812874E+03
  0.51400000E+01  0.23658790E+03  0.43716153E+03
  0.51500000E+01  0.23396326E+03  0.43612276E+03
  0.51600000E+01  0.23137048E+03  0.43491866E+03
  0.51700000E+01  0.22895397E+03  0.43351652E+03
  0.51800000E+01  0.22681635E+03  0.43202254E+03
  0.51900000E+01  0.22499143E+03  0.43061220E+03
  0.52000000E+01  0.22343756E+03  0.42936842E+03
  0.52100000E+01  0.22205114E+03  0.42823340E+03
  0.52200000E+01  0.22069450E+03  0.42712821E+03
  0.52300000E+01  0.21922998E+03  0.42606575E+03
  0.52400000E+01  0.21755311E+03  0.42511060E+03
  0.52500000E+01  0.21561919E+03  0.42426158E+03
  0.52600000E+01  0.21345649E+03  0.42341281E+03
  0.52700000E+01  0.21116054E+03  0.42242293E+03
  0.52800000E+01  0.20886841E+03  0.42121497E+03
  0.52900000E+01  0.20671980E+03  0.41983916E+03
  0.53000000E+01  0.20481825E+03  0.41844768E+03
  0.53100000E+01  0.20320520E+03  0.41717044E+03
  0.53200000E+01  0.20185310E+03  0.41600369E+03
  0.53300000E+01  0.20067569E+03  0.41485815E+03
  0.53400000E+01  0.19954981E+03  0.41371320E+03
  0.53500000E+01  0.19834397E+03  0.41265910E+03
  0.53600000E+01  0.19694982E+03  0.41177671E+03
  0.53700000E+01  0.19531120E+03  0.41101918E+03
  0.53800000E+01  0.19344191E+03  0.41022886E+03
  0.53900000E+01  0.19142384E+03  0.40926157E+03
  0.54000000E+01  0.18938329E+03  0.40808787E+03
  0.54100000E+01  0.18745371E+03  0.40679420E+03
  0.54200000E+01  0.18573882E+03  0.40551251E+03
  0.54300000E+01  0.18428806E+03  0.40432362E+03
  0.54400000E+01  0.18308879E+03  0.40319770E+03
  0.54500000E+01  0.18207236E+03  0.40205827E+03
  0.54600000E+01  0.18113004E+03  0.40091632E+03
  0.54700000E+01  0.18013673E+03  0.39988688E+03
  0.54800000E+01  0.17898094E+03  0.39905371E+03
  0.54900000E+01  0.17759581E+03  0.39835359E+03
  0.55000000E+01  0.17598071E+03  0.39761323E+03
  0.55100000E+01  0.17420297E+03  0.39669194E+03
  0.55200000E+01  0.17237728E+03  0.39557964E+03
  0.55300000E+01  0.17063052E+03  0.39437045E+03
  0.55400000E+01  0.16906654E+03  0.39317377E+03
  0.55500000E+01  0.16774231E+03  0.39204560E+03
  0.55600000E+01  0.16665903E+03  0.39096199E+03
  0.55700000E+01  0.16576498E+03  0.38986272E+03
  0.55800000E+01  0.16496656E+03  0.38875210E+03
  0.55900000E+01  0.16414714E+03  0.38773404E+03
  0.56000000E+01  0.16319419E+03  0.38690911E+03
  0.56100000E+01  0.16203071E+03  0.38624306E+03
  0.56200000E+01  0.16064036E+03  0.38556840E+03
  0.56300000E+01  0.15907432E+03  0.38472561E+03
  0.56400000E+01  0.15743511E+03  0.38368655E+03
  0.56500000E+01  0.15584378E+03  0.38254276E+03
  0.56600000E+01  0.15440489E+03  0.38140440E+03
  0.56700000E+01  0.15318194E+03  0.38032481E+03
  0.56800000E+01  0.15218748E+03  0.37929039E+03
  0.56900000E+01  0.15138475E+03  0.37825419E+03
  0.57000000E+01  0.15069585E+03  0.37720047E+03
  0.57100000E+01  0.15001588E+03  0.37619389E+03
  0.57200000E+01  0.14923507E+03  0.37534059E+03
  0.57300000E+01  0.14826786E+03  0.37466961E+03
  0.57400000E+01  0.14708070E+03  0.37406142E+03
  0.57500000E+01  0.14570560E+03  0.37333224E+03
  0.57600000E+01  0.14423112E+03  0.37239307E+03
  0.57700000E+01  0.14277319E+03  0.37130489E+03
  0.57800000E+01  0.14143901E+03  0.37019426E+03
  0.57900000E+01  0.14029902E+03  0.36914387E+03
  0.58000000E+01  0.13937484E+03  0.36815724E+03
  0.58100000E+01  0.13864084E+03  0.36719291E+03
  0.58200000E+01  0.13803293E+03  0.36621812E+03
  0.58300000E+01  0.13746018E+03  0.36525169E+03
  0.58400000E+01  0.13682105E+03  0.36436893E+03
  0.58500000E+01  0.13602645E+03  0.36364350E+03
  0.58600000E+01  0.13502643E+03  0.36305041E+03
  0.58700000E+01  0.13383013E+03  0.36243938E+03
  0.58800000E+01  0.13250694E+03  0.36165040E+03
  0.58900000E+01  0.13116523E+03  0.36065475E+03
  0.59000000E+01  0.12991672E+03  0.35956039E+03
  0.59100000E+01  0.12884266E+03  0.35849981E+03
  0.59200000E+01  0.12797508E+03  0.35753123E+03
  0.59300000E+01  0.12729640E+03  0.35663026E+03
  0.59400000E+01  0.12675071E+03  0.35574606E+03
  0.59500000E+01  0.12625822E+03  0.35485706E+03
  0.59600000E+01  0.12572901E+03  0.35399137E+03
  0.59700000E+01  0.12507868E+03  0.35321006E+03
  0.59800000E+01  0.12424821E+03  0.35255586E+03
  0.59900000E+01  0.12322433E+03  0.35198337E+03
  0.60000000E+01  0.12205043E+03  0.35135053E+03
