  0.20000000E+00 -0.38863398E-06  0.12425832E-05
  0.21000000E+00 -0.30175463E-06  0.10509331E-05
  0.22000000E+00 -0.13278129E-06  0.94607696E-06
  0.23000000E+00  0.40167808E-07  0.95871686E-06
  0.24000000E+00  0.14021493E-06  0.10580383E-05
  0.25000000E+00  0.12542488E-06  0.11695479E-05
  0.26000000E+00  0.59320356E-08  0.12239589E-05
  0.27000000E+00 -0.16233535E-06  0.11891749E-05
  0.28000000E+00 -0.30372717E-06  0.10723815E-05
  0.29000000E+00 -0.35667765E-06  0.91036136E-06
  0.30000000E+00 -0.30027226E-06  0.75689095E-06
  0.31000000E+00 -0.16224449E-06  0.66407972E-06
  0.32000000E+00 -0.54612649E-08  0.66162691E-06
  0.33000000E+00  0.10062481E-06  0.74226331E-06
  0.34000000E+00  0.11067316E-06  0.85865593E-06
  0.35000000E+00  0.22755333E-07  0.94298012E-06
  0.36000000E+00 -0.12197423E-06  0.94611240E-06
  0.37000000E+00 -0.25858382E-06  0.86311163E-06
  0.38000000E+00 -0.32758395E-06  0.72745952E-06
  0.39000000E+00 -0.30085959E-06  0.59269329E-06
  0.40000000E+00 -0.19299616E-06  0.50991657E-06
  0.41000000E+00 -0.53517034E-07  0.50263174E-06
  0.42000000E+00  0.55908107E-07  0.56118599E-06
  0.43000000E+00  0.88792160E-07  0.65603469E-06
  0.44000000E+00  0.33582172E-07  0.74430294E-06
  0.45000000E+00 -0.82569758E-07  0.77807649E-06
  0.46000000E+00 -0.20713158E-06  0.73117837E-06
  0.47000000E+00 -0.28613404E-06  0.62136130E-06
  0.48000000E+00 -0.28774587E-06  0.50055737E-06
  0.49000000E+00 -0.21506744E-06  0.42180988E-06
  0.50000000E+00 -0.10299454E-06  0.40996690E-06
  0.51000000E+00 -0.13709534E-08  0.45489502E-06
  0.52000000E+00  0.47376193E-07  0.52733176E-06
  0.53000000E+00  0.25986670E-07  0.59616164E-06
  0.54000000E+00 -0.51932897E-07  0.63214328E-06
  0.55000000E+00 -0.14990623E-06  0.61345688E-06
  0.56000000E+00 -0.22582584E-06  0.54318912E-06
  0.57000000E+00 -0.25025323E-06  0.45462495E-06
  0.58000000E+00 -0.21774488E-06  0.38872450E-06
  0.59000000E+00 -0.14687415E-06  0.36816532E-06
  0.60000000E+00 -0.69995454E-07  0.39109569E-06
  0.61000000E+00 -0.18264380E-07  0.43801601E-06
  0.62000000E+00 -0.89674026E-08  0.48318092E-06
  0.63000000E+00 -0.40361939E-07  0.50577897E-06
  0.64000000E+00 -0.95197031E-07  0.49646761E-06
  0.65000000E+00 -0.15004907E-06  0.46149893E-06
  0.66000000E+00 -0.18548433E-06  0.42024062E-06
  0.67000000E+00 -0.19258373E-06  0.38992864E-06
  0.68000000E+00 -0.17386812E-06  0.37456888E-06
  0.69000000E+00 -0.13959857E-06  0.37154058E-06
  0.70000000E+00 -0.10228837E-06  0.37769847E-06
  0.71000000E+00 -0.72316786E-07  0.38606632E-06
  0.72000000E+00 -0.56091871E-07  0.38833928E-06
  0.73000000E+00 -0.56335214E-07  0.38407009E-06
  0.74000000E+00 -0.72928409E-07  0.38117973E-06
  0.75000000E+00 -0.10298359E-06  0.38601836E-06
  0.76000000E+00 -0.14008978E-06  0.39592460E-06
  0.77000000E+00 -0.17403070E-06  0.39988996E-06
  0.78000000E+00 -0.19257814E-06  0.38595505E-06
  0.79000000E+00 -0.18582954E-06  0.35252018E-06
  0.80000000E+00 -0.15159654E-06  0.31147326E-06
  0.81000000E+00 -0.98878271E-07  0.28077151E-06
  0.82000000E+00 -0.46638513E-07  0.27690893E-06
  0.83000000E+00 -0.17164492E-07  0.30588010E-06
  0.84000000E+00 -0.26254223E-07  0.35447516E-06
  0.85000000E+00 -0.74717566E-07  0.39794699E-06
  0.86000000E+00 -0.14578553E-06  0.41635545E-06
  0.87000000E+00 -0.21065546E-06  0.39883031E-06
  0.88000000E+00 -0.24051722E-06  0.34442961E-06
  0.89000000E+00 -0.21989272E-06  0.26998119E-06
  0.90000000E+00 -0.15487455E-06  0.21033023E-06
  0.91000000E+00 -0.71787053E-07  0.19869460E-06
  0.92000000E+00 -0.62160790E-08  0.24235218E-06
  0.93000000E+00  0.12851081E-07  0.31693532E-06
  0.94000000E+00 -0.23629776E-07  0.38257096E-06
  0.95000000E+00 -0.10036534E-06  0.40863016E-06
  0.96000000E+00 -0.18448798E-06  0.38667765E-06
  0.97000000E+00 -0.24032323E-06  0.32672450E-06
  0.98000000E+00 -0.24520550E-06  0.25253662E-06
  0.99000000E+00 -0.19901455E-06  0.19602302E-06
  0.10000000E+01 -0.12326088E-06  0.18176138E-06
  0.10100000E+01 -0.50603634E-07  0.21350124E-06
  0.10200000E+01 -0.10115705E-07  0.27355732E-06
  0.10300000E+01 -0.15283601E-07  0.33078584E-06
  0.10400000E+01 -0.59929364E-07  0.35564703E-06
  0.10500000E+01 -0.12305617E-06  0.33862344E-06
  0.10600000E+01 -0.17932309E-06  0.29612872E-06
  0.10700000E+01 -0.20966083E-06  0.25486604E-06
  0.10800000E+01 -0.20735351E-06  0.23067612E-06
  0.10900000E+01 -0.17791479E-06  0.22354971E-06
  0.11000000E+01 -0.13435593E-06  0.22755791E-06
  0.11100000E+01 -0.91180395E-07  0.23811314E-06
  0.11200000E+01 -0.60012219E-07  0.24946596E-06
  0.11300000E+01 -0.47874556E-07  0.25546076E-06
  0.11400000E+01 -0.57241564E-07  0.25737312E-06
  0.11500000E+01 -0.86300966E-07  0.26314472E-06
  0.11600000E+01 -0.12865816E-06  0.27596670E-06
  0.11700000E+01 -0.17318048E-06  0.28797852E-06
  0.11800000E+01 -0.20555173E-06  0.28488876E-06
  0.11900000E+01 -0.21248222E-06  0.25733637E-06
  0.12000000E+01 -0.18762598E-06  0.21238061E-06
  0.12100000E+01 -0.13634318E-06  0.17218744E-06
  0.12200000E+01 -0.76025188E-07  0.15939111E-06
  0.12300000E+01 -0.30460549E-07  0.18335144E-06
  0.12400000E+01 -0.19914192E-07  0.23456492E-06
  0.12500000E+01 -0.51393174E-07  0.28895282E-06
  0.12600000E+01 -0.11417614E-06  0.32059541E-06
  0.12700000E+01 -0.18344668E-06  0.31298434E-06
  0.12800000E+01 -0.23083510E-06  0.26517074E-06
  0.12900000E+01 -0.23700058E-06  0.19707052E-06
  0.13000000E+01 -0.20016416E-06  0.14414265E-06
  0.13100000E+01 -0.13649046E-06  0.13350955E-06
  0.13200000E+01 -0.72355989E-07  0.16421558E-06
  0.13300000E+01 -0.32558438E-07  0.21343341E-06
  0.13400000E+01 -0.30239652E-07  0.25595869E-06
  0.13500000E+01 -0.62932312E-07  0.27650684E-06
  0.13600000E+01 -0.11566701E-06  0.27094542E-06
  0.13700000E+01 -0.16858185E-06  0.24538829E-06
  0.13800000E+01 -0.20483021E-06  0.21450882E-06
  0.13900000E+01 -0.21540887E-06  0.19274819E-06
  0.14000000E+01 -0.19993009E-06  0.18544883E-06
  0.14100000E+01 -0.16464572E-06  0.18750393E-06
  0.14200000E+01 -0.11981626E-06  0.18752047E-06
  0.14300000E+01 -0.77624220E-07  0.17909444E-06
  0.14400000E+01 -0.50326643E-07  0.17303193E-06
  0.14500000E+01 -0.47647556E-07  0.18837998E-06
  0.14600000E+01 -0.73213615E-07  0.22564819E-06
  0.14700000E+01 -0.12145850E-06  0.26092040E-06
  0.14800000E+01 -0.17738770E-06  0.26940126E-06
  0.14900000E+01 -0.22077482E-06  0.24510971E-06
  0.15000000E+01 -0.23396861E-06  0.19984560E-06
  0.15100000E+01 -0.20997920E-06  0.15218361E-06
  0.15200000E+01 -0.15664565E-06  0.12037715E-06
  0.15300000E+01 -0.94240253E-07  0.11872221E-06
  0.15400000E+01 -0.47150778E-07  0.15144470E-06
  0.15500000E+01 -0.33463292E-07  0.20649745E-06
  0.15600000E+01 -0.57471336E-07  0.25553918E-06
  0.15700000E+01 -0.10860846E-06  0.26855405E-06
  0.15800000E+01 -0.16688783E-06  0.24000159E-06
  0.15900000E+01 -0.21166821E-06  0.19584370E-06
  0.16000000E+01 -0.22933347E-06  0.16578986E-06
  0.16100000E+01 -0.21679813E-06  0.15671346E-06
  0.16200000E+01 -0.18049693E-06  0.15742980E-06
  0.16300000E+01 -0.13272657E-06  0.15759848E-06
  0.16400000E+01 -0.87646436E-07  0.15698718E-06
  0.16500000E+01 -0.58112391E-07  0.16143317E-06
  0.16600000E+01 -0.53171332E-07  0.17540656E-06
  0.16700000E+01 -0.75710571E-07  0.19828924E-06
  0.16800000E+01 -0.12059584E-06  0.22340016E-06
  0.16900000E+01 -0.17465068E-06  0.23901226E-06
  0.17000000E+01 -0.21981500E-06  0.23155379E-06
  0.17100000E+01 -0.23934093E-06  0.19488615E-06
  0.17200000E+01 -0.22479364E-06  0.14279210E-06
  0.17300000E+01 -0.18042156E-06  0.10494486E-06
  0.17400000E+01 -0.12225668E-06  0.10258995E-06
  0.17500000E+01 -0.71872976E-07  0.13286679E-06
  0.17600000E+01 -0.47597765E-07  0.17690630E-06
  0.17700000E+01 -0.57349442E-07  0.21450205E-06
  0.17800000E+01 -0.96296378E-07  0.23132388E-06
  0.17900000E+01 -0.14987258E-06  0.22214326E-06
  0.18000000E+01 -0.20003060E-06  0.19501479E-06
  0.18100000E+01 -0.23154361E-06  0.16813645E-06
  0.18200000E+01 -0.23602963E-06  0.15486614E-06
  0.18300000E+01 -0.21320047E-06  0.15144761E-06
  0.18400000E+01 -0.17015039E-06  0.14352145E-06
  0.18500000E+01 -0.11955337E-06  0.12716773E-06
  0.18600000E+01 -0.76881051E-07  0.11899052E-06
  0.18700000E+01 -0.56388248E-07  0.13815983E-06
  0.18800000E+01 -0.66311850E-07  0.18117622E-06
  0.18900000E+01 -0.10501153E-06  0.22204359E-06
  0.19000000E+01 -0.16032778E-06  0.23571288E-06
  0.19100000E+01 -0.21335543E-06  0.21644335E-06
  0.19200000E+01 -0.24552210E-06  0.17580874E-06
  0.19300000E+01 -0.24585428E-06  0.13244311E-06
  0.19400000E+01 -0.21503961E-06  0.10535164E-06
  0.19500000E+01 -0.16459473E-06  0.10546640E-06
  0.19600000E+01 -0.11197484E-06  0.12676358E-06
  0.19700000E+01 -0.74198219E-07  0.15107022E-06
  0.19800000E+01 -0.62616150E-07  0.16648995E-06
  0.19900000E+01 -0.80221237E-07  0.17701479E-06
  0.20000000E+01 -0.12149269E-06  0.19012014E-06
  0.20100000E+01 -0.17415477E-06  0.20187469E-06
  0.20200000E+01 -0.22235099E-06  0.20079814E-06
  0.20300000E+01 -0.25093172E-06  0.18112662E-06
  0.20400000E+01 -0.25018826E-06  0.14802157E-06
  0.20500000E+01 -0.21960636E-06  0.11330209E-06
  0.20600000E+01 -0.16885173E-06  0.91074945E-07
  0.20700000E+01 -0.11494393E-06  0.94504444E-07
  0.20800000E+01 -0.76299545E-07  0.12639603E-06
  0.20900000E+01 -0.66017436E-07  0.17049367E-06
  0.21000000E+01 -0.87289291E-07  0.20058822E-06
  0.21100000E+01 -0.13273913E-06  0.20352551E-06
  0.21200000E+01 -0.18754851E-06  0.18888004E-06
  0.21300000E+01 -0.23465021E-06  0.17269323E-06
  0.21400000E+01 -0.25992394E-06  0.15910741E-06
  0.21500000E+01 -0.25600172E-06  0.14269677E-06
  0.21600000E+01 -0.22414627E-06  0.12134335E-06
  0.21700000E+01 -0.17404458E-06  0.10131056E-06
  0.21800000E+01 -0.12137134E-06  0.93638077E-07
  0.21900000E+01 -0.83263452E-07  0.10875560E-06
  0.22000000E+01 -0.72708155E-07  0.14755019E-06
  0.22100000E+01 -0.93813376E-07  0.19205530E-06
  0.22200000E+01 -0.14006667E-06  0.21369277E-06
  0.22300000E+01 -0.19654953E-06  0.20040737E-06
  0.22400000E+01 -0.24522094E-06  0.16875099E-06
  0.22500000E+01 -0.27101995E-06  0.14205129E-06
  0.22600000E+01 -0.26647288E-06  0.12665507E-06
  0.22700000E+01 -0.23354222E-06  0.11535680E-06
  0.22800000E+01 -0.18268056E-06  0.10396697E-06
  0.22900000E+01 -0.12971813E-06  0.97868433E-07
  0.23000000E+01 -0.91357897E-07  0.10666992E-06
  0.23100000E+01 -0.80181974E-07  0.13553639E-06
  0.23200000E+01 -0.10047990E-06  0.17660711E-06
  0.23300000E+01 -0.14644891E-06  0.20702569E-06
  0.23400000E+01 -0.20380255E-06  0.20525122E-06
  0.23500000E+01 -0.25447494E-06  0.17439739E-06
  0.23600000E+01 -0.28267399E-06  0.13908002E-06
  0.23700000E+01 -0.27996463E-06  0.11719332E-06
  0.23800000E+01 -0.24767763E-06  0.10678098E-06
  0.23900000E+01 -0.19618365E-06  0.99612107E-07
  0.24000000E+01 -0.14162254E-06  0.95951707E-07
  0.24100000E+01 -0.10113734E-06  0.10396849E-06
  0.24200000E+01 -0.87785846E-07  0.12976217E-06
  0.24300000E+01 -0.10641940E-06  0.16799823E-06
  0.24400000E+01 -0.15187027E-06  0.19960036E-06
  0.24500000E+01 -0.21032886E-06  0.20320317E-06
  0.24600000E+01 -0.26371191E-06  0.17650738E-06
  0.24700000E+01 -0.29554469E-06  0.14063378E-06
  0.24800000E+01 -0.29622873E-06  0.11569344E-06
  0.24900000E+01 -0.26592062E-06  0.10257097E-06
  0.25000000E+01 -0.21429618E-06  0.93603308E-07
  0.25100000E+01 -0.15753291E-06  0.88994090E-07
  0.25200000E+01 -0.11348217E-06  0.97282382E-07
  0.25300000E+01 -0.96311229E-07  0.12435705E-06
  0.25400000E+01 -0.11206071E-06  0.16361229E-06
  0.25500000E+01 -0.15653440E-06  0.19523831E-06
  0.25600000E+01 -0.21641577E-06  0.19923906E-06
  0.25700000E+01 -0.27342714E-06  0.17536884E-06
  0.25800000E+01 -0.31015622E-06  0.14365533E-06
  0.25900000E+01 -0.31553465E-06  0.11954326E-06
  0.26000000E+01 -0.28819770E-06  0.10162897E-06
  0.26100000E+01 -0.23681668E-06  0.86104636E-07
  0.26200000E+01 -0.17746928E-06  0.78752474E-07
  0.26300000E+01 -0.12884357E-06  0.89417829E-07
  0.26400000E+01 -0.10657953E-06  0.12036584E-06
  0.26500000E+01 -0.11836072E-06  0.16047291E-06
  0.26600000E+01 -0.16133000E-06  0.18945196E-06
  0.26700000E+01 -0.22281418E-06  0.19299393E-06
  0.26800000E+01 -0.28423566E-06  0.17588869E-06
  0.26900000E+01 -0.32694642E-06  0.15183600E-06
  0.27000000E+01 -0.33804781E-06  0.12560638E-06
  0.27100000E+01 -0.31436551E-06  0.97518639E-07
  0.27200000E+01 -0.26342825E-06  0.75224674E-07
  0.27300000E+01 -0.20122614E-06  0.69965382E-07
  0.27400000E+01 -0.14741466E-06  0.86038655E-07
  0.27500000E+01 -0.11932919E-06  0.11740815E-06
  0.27600000E+01 -0.12656641E-06  0.15181104E-06
  0.27700000E+01 -0.16783411E-06  0.17799992E-06
  0.27800000E+01 -0.23116004E-06  0.19039873E-06
  0.27900000E+01 -0.29750947E-06  0.18572150E-06
  0.28000000E+01 -0.34671197E-06  0.16128519E-06
  0.28100000E+01 -0.36380583E-06  0.12326734E-06
  0.28200000E+01 -0.34375460E-06  0.88054215E-07
  0.28300000E+01 -0.29306289E-06  0.69284493E-07
  0.28400000E+01 -0.22782915E-06  0.69090154E-07
  0.28500000E+01 -0.16886197E-06  0.82345543E-07
  0.28600000E+01 -0.13531127E-06  0.10533964E-06
  0.28700000E+01 -0.13868175E-06  0.13813899E-06
  0.28800000E+01 -0.17905309E-06  0.17525204E-06
  0.28900000E+01 -0.24478764E-06  0.19822139E-06
  0.29000000E+01 -0.31600086E-06  0.19066166E-06
  0.29100000E+01 -0.37081105E-06  0.15786151E-06
  0.29200000E+01 -0.39236023E-06  0.11904414E-06
  0.29300000E+01 -0.37426447E-06  0.87582868E-07
  0.29400000E+01 -0.32270832E-06  0.67185870E-07
  0.29500000E+01 -0.25455347E-06  0.59872167E-07
  0.29600000E+01 -0.19209917E-06  0.70395294E-07
  0.29700000E+01 -0.15609728E-06  0.10009940E-06
  0.29800000E+01 -0.15912271E-06  0.13967749E-06
  0.29900000E+01 -0.20135347E-06  0.17457269E-06
  0.30000000E+01 -0.27022806E-06  0.19366006E-06
  0.30100000E+01 -0.34430730E-06  0.18918395E-06
  0.30200000E+01 -0.40023951E-06  0.15948386E-06
  0.30300000E+01 -0.42054034E-06  0.11520081E-06
  0.30400000E+01 -0.39949091E-06  0.75228700E-07
  0.30500000E+01 -0.34509446E-06  0.54737920E-07
  0.30600000E+01 -0.27641675E-06  0.56218069E-07
  0.30700000E+01 -0.21724330E-06  0.73461717E-07
  0.30800000E+01 -0.18815052E-06  0.10266287E-06
  0.30900000E+01 -0.19958328E-06  0.14094921E-06
  0.31000000E+01 -0.24823490E-06  0.17663331E-06
  0.31100000E+01 -0.31806107E-06  0.19228640E-06
  0.31200000E+01 -0.38578298E-06  0.17798686E-06
  0.31300000E+01 -0.42911458E-06  0.13971854E-06
  0.31400000E+01 -0.43478938E-06  0.94696324E-07
  0.31500000E+01 -0.40334218E-06  0.60363178E-07
  0.31600000E+01 -0.34874937E-06  0.48852485E-07
  0.31700000E+01 -0.29300340E-06  0.62734502E-07
  0.31800000E+01 -0.25770510E-06  0.93094404E-07
  0.31900000E+01 -0.25590956E-06  0.12757326E-06
  0.32000000E+01 -0.28735233E-06  0.15692200E-06
  0.32100000E+01 -0.33891317E-06  0.17209494E-06
  0.32200000E+01 -0.39019071E-06  0.16344649E-06
  0.32300000E+01 -0.42204933E-06  0.13045095E-06
  0.32400000E+01 -0.42469406E-06  0.88824678E-07
  0.32500000E+01 -0.40178923E-06  0.60009057E-07
  0.32600000E+01 -0.36862616E-06  0.56632012E-07
  0.32700000E+01 -0.34485702E-06  0.79099726E-07
  0.32800000E+01 -0.34491921E-06  0.11695906E-06
  0.32900000E+01 -0.37062030E-06  0.15191032E-06
  0.33000000E+01 -0.40969289E-06  0.16583169E-06
  0.33100000E+01 -0.44150533E-06  0.14917871E-06
  0.33200000E+01 -0.44762411E-06  0.10507117E-06
  0.33300000E+01 -0.42224110E-06  0.53406112E-07
  0.33400000E+01 -0.37704139E-06  0.25479346E-07
  0.33500000E+01 -0.33732842E-06  0.40104393E-07
  0.33600000E+01 -0.33034879E-06  0.89415449E-07
  0.33700000E+01 -0.37086989E-06  0.15081759E-06
  0.33800000E+01 -0.45114951E-06  0.19996763E-06
  0.33900000E+01 -0.54117685E-06  0.21292052E-06
  0.34000000E+01 -0.60060863E-06  0.17276298E-06
  0.34100000E+01 -0.59794295E-06  0.83460246E-07
  0.34200000E+01 -0.52796173E-06 -0.19837019E-07
  0.34300000E+01 -0.41803846E-06 -0.78208864E-07
  0.34400000E+01 -0.31847596E-06 -0.47075089E-07
  0.34500000E+01 -0.27996610E-06  0.63433485E-07
  0.34600000E+01 -0.32855707E-06  0.19466890E-06
  0.34700000E+01 -0.45098532E-06  0.28108742E-06
  0.34800000E+01 -0.59883882E-06  0.28127708E-06
  0.34900000E+01 -0.71059005E-06  0.19014701E-06
  0.35000000E+01 -0.74091821E-06  0.45026655E-07
  0.35100000E+01 -0.68239296E-06 -0.81714274E-07
  0.35200000E+01 -0.56823679E-06 -0.12003044E-06
  0.35300000E+01 -0.45487403E-06 -0.51654381E-07
  0.35400000E+01 -0.39383500E-06  0.77929439E-07
  0.35500000E+01 -0.40811587E-06  0.19442201E-06
  0.35600000E+01 -0.48501862E-06  0.23675517E-06
  0.35700000E+01 -0.58765220E-06  0.18598046E-06
  0.35800000E+01 -0.67666839E-06  0.80476615E-07
  0.35900000E+01 -0.72891831E-06 -0.38951973E-08
  0.36000000E+01 -0.74330991E-06 -0.12966773E-07
  0.36100000E+01 -0.73337363E-06  0.41804923E-07
  0.36200000E+01 -0.71439335E-06  0.99631617E-07
  0.36300000E+01 -0.69488184E-06  0.10351488E-06
  0.36400000E+01 -0.67699525E-06  0.45100581E-07
  0.36500000E+01 -0.66277306E-06 -0.25565074E-07
  0.36600000E+01 -0.65894465E-06 -0.40774878E-07
  0.36700000E+01 -0.67531185E-06  0.18704830E-07
  0.36800000E+01 -0.71791017E-06  0.10281609E-06
  0.36900000E+01 -0.78285001E-06  0.13868474E-06
  0.37000000E+01 -0.85616654E-06  0.95511270E-07
  0.37100000E+01 -0.92012217E-06  0.12180948E-07
  0.37200000E+01 -0.96158598E-06 -0.41656845E-07
  0.37300000E+01 -0.97720440E-06 -0.38000025E-07
  0.37400000E+01 -0.97314136E-06 -0.13448911E-07
  0.37500000E+01 -0.96107490E-06 -0.18292496E-07
  0.37600000E+01 -0.95368089E-06 -0.56498158E-07
  0.37700000E+01 -0.96158661E-06 -0.84436635E-07
  0.37800000E+01 -0.99172283E-06 -0.69896725E-07
  0.37900000E+01 -0.10462427E-05 -0.35726370E-07
  0.38000000E+01 -0.11218926E-05 -0.29326199E-07
  0.38100000E+01 -0.12105363E-05 -0.62999070E-07
  0.38200000E+01 -0.13013870E-05 -0.10658076E-06
  0.38300000E+01 -0.13844494E-05 -0.13757766E-06
  0.38400000E+01 -0.14538319E-05 -0.16969008E-06
  0.38500000E+01 -0.15096704E-05 -0.21881737E-06
  0.38600000E+01 -0.15581671E-05 -0.27100620E-06
  0.38700000E+01 -0.16100288E-05 -0.30770799E-06
  0.38800000E+01 -0.16780361E-05 -0.33787091E-06
  0.38900000E+01 -0.17744979E-05 -0.37805653E-06
  0.39000000E+01 -0.19092444E-05 -0.42589582E-06
  0.39100000E+01 -0.20886640E-05 -0.47822778E-06
  0.39200000E+01 -0.23159897E-05 -0.54839382E-06
  0.39300000E+01 -0.25925292E-05 -0.64767949E-06
  0.39400000E+01 -0.29188726E-05 -0.77620223E-06
  0.39500000E+01 -0.32945762E-05 -0.93495686E-06
  0.39600000E+01 -0.37148010E-05 -0.11258236E-05
  0.39700000E+01 -0.41634737E-05 -0.13503864E-05
  0.39800000E+01 -0.46044474E-05 -0.16162618E-05
  0.39900000E+01 -0.49745565E-05 -0.19346137E-05
  0.40000000E+01 -0.51839592E-05 -0.23158212E-05
  0.40100000E+01 -0.51282961E-05 -0.27653867E-05
  0.40200000E+01 -0.47132989E-05 -0.32741642E-05
  0.40300000E+01 -0.38863826E-05 -0.38045425E-05
  0.40400000E+01 -0.26642871E-05 -0.42784741E-05
  0.40500000E+01 -0.11443370E-05 -0.45863401E-05
  0.40600000E+01  0.50849022E-06 -0.46341478E-05
  0.40700000E+01  0.20971033E-05 -0.44047933E-05
  0.40800000E+01  0.34390302E-05 -0.39706486E-05
  0.40900000E+01  0.44078228E-05 -0.34426143E-05
  0.41000000E+01  0.49552626E-05 -0.29125082E-05
  0.41100000E+01  0.51090964E-05 -0.24316632E-05
  0.41200000E+01  0.49511120E-05 -0.20183289E-05
  0.41300000E+01  0.45867320E-05 -0.16724322E-05
  0.41400000E+01  0.41176619E-05 -0.13869370E-05
  0.41500000E+01  0.36246812E-05 -0.11542058E-05
  0.41600000E+01  0.31617911E-05 -0.96823925E-06
  0.41700000E+01  0.27585576E-05 -0.82359750E-06
  0.41800000E+01  0.24261772E-05 -0.71292723E-06
  0.41900000E+01  0.21637370E-05 -0.62655047E-06
  0.42000000E+01  0.19630319E-05 -0.55515788E-06
  0.42100000E+01  0.18118564E-05 -0.49235963E-06
  0.42200000E+01  0.16963154E-05 -0.43467969E-06
  0.42300000E+01  0.16026970E-05 -0.38063746E-06
  0.42400000E+01  0.15191383E-05 -0.32944791E-06
  0.42500000E+01  0.14370152E-05 -0.28108396E-06
  0.42600000E+01  0.13518489E-05 -0.23658992E-06
  0.42700000E+01  0.12634976E-05 -0.19778559E-06
  0.42800000E+01  0.11754738E-05 -0.16786963E-06
  0.42900000E+01  0.10934517E-05 -0.14887128E-06
  0.43000000E+01  0.10232866E-05 -0.13890315E-06
  0.43100000E+01  0.96907193E-06 -0.13415122E-06
  0.43200000E+01  0.93180085E-06 -0.12964404E-06
  0.43300000E+01  0.90899699E-06 -0.12178557E-06
  0.43400000E+01  0.89535644E-06 -0.11063910E-06
  0.43500000E+01  0.88413568E-06 -0.96487357E-07
  0.43600000E+01  0.86885458E-06 -0.78916492E-07
  0.43700000E+01  0.84488813E-06 -0.59751813E-07
  0.43800000E+01  0.81056937E-06 -0.41415606E-07
  0.43900000E+01  0.76755654E-06 -0.24838816E-07
  0.44000000E+01  0.72034046E-06 -0.13251631E-07
  0.44100000E+01  0.67497603E-06 -0.10782545E-07
  0.44200000E+01  0.63736174E-06 -0.14820847E-07
  0.44300000E+01  0.61156137E-06 -0.19872346E-07
  0.44400000E+01  0.59868298E-06 -0.24538633E-07
  0.44500000E+01  0.59663413E-06 -0.26793208E-07
  0.44600000E+01  0.60076573E-06 -0.23251341E-07
  0.44700000E+01  0.60516762E-06 -0.14995580E-07
  0.44800000E+01  0.60421658E-06 -0.54065621E-08
  0.44900000E+01  0.59399892E-06  0.53629828E-08
  0.45000000E+01  0.57328394E-06  0.18800301E-07
  0.45100000E+01  0.54382687E-06  0.31211592E-07
  0.45200000E+01  0.50989810E-06  0.35845063E-07
  0.45300000E+01  0.47712050E-06  0.33376299E-07
  0.45400000E+01  0.45090903E-06  0.28809410E-07
  0.45500000E+01  0.43496019E-06  0.22039033E-07
  0.45600000E+01  0.43025804E-06  0.13279971E-07
  0.45700000E+01  0.43487364E-06  0.85368322E-08
  0.45800000E+01  0.44457475E-06  0.11336182E-07
  0.45900000E+01  0.45400536E-06  0.17743382E-07
  0.46000000E+01  0.45809277E-06  0.23695938E-07
  0.46100000E+01  0.45332911E-06  0.30847497E-07
  0.46200000E+01  0.43864705E-06  0.42045498E-07
  0.46300000E+01  0.41569396E-06  0.53540139E-07
  0.46400000E+01  0.38840270E-06  0.56992371E-07
  0.46500000E+01  0.36193312E-06  0.51401960E-07
  0.46600000E+01  0.34125624E-06  0.44774324E-07
  0.46700000E+01  0.32977941E-06  0.40202755E-07
  0.46800000E+01  0.32843805E-06  0.33340887E-07
  0.46900000E+01  0.33550381E-06  0.25558501E-07
  0.47000000E+01  0.34713120E-06  0.24239800E-07
  0.47100000E+01  0.35843182E-06  0.30883459E-07
  0.47200000E+01  0.36475945E-06  0.39597044E-07
  0.47300000E+01  0.36287656E-06  0.45600550E-07
  0.47400000E+01  0.35175520E-06  0.50367638E-07
  0.47500000E+01  0.33284022E-06  0.57923425E-07
  0.47600000E+01  0.30969109E-06  0.66016111E-07
  0.47700000E+01  0.28703969E-06  0.65706611E-07
  0.47800000E+01  0.26949200E-06  0.54387342E-07
  0.47900000E+01  0.26025166E-06  0.42254533E-07
  0.48000000E+01  0.26026823E-06  0.38680011E-07
  0.48100000E+01  0.26805532E-06  0.39636333E-07
  0.48200000E+01  0.28016689E-06  0.37546561E-07
  0.48300000E+01  0.29214682E-06  0.34919877E-07
  0.48400000E+01  0.29967836E-06  0.38922369E-07
  0.48500000E+01  0.29967727E-06  0.49972514E-07
  0.48600000E+01  0.29107841E-06  0.61431518E-07
  0.48700000E+01  0.27510933E-06  0.66433363E-07
  0.48800000E+01  0.25496185E-06  0.64185155E-07
  0.48900000E+01  0.23493522E-06  0.60598842E-07
  0.49000000E+01  0.21928895E-06  0.59620169E-07
  0.49100000E+01  0.21110435E-06  0.56574255E-07
  0.49200000E+01  0.21146440E-06  0.46637392E-07
  0.49300000E+01  0.21917774E-06  0.35633899E-07
  0.49400000E+01  0.23114403E-06  0.34002024E-07
  0.49500000E+01  0.24324346E-06  0.42235983E-07
  0.49600000E+01  0.25145783E-06  0.50773375E-07
  0.49700000E+01  0.25288052E-06  0.53873535E-07
  0.49800000E+01  0.24638649E-06  0.55046222E-07
  0.49900000E+01  0.23287653E-06  0.59518400E-07
  0.50000000E+01  0.21508195E-06  0.67124062E-07
  0.50100000E+01  0.19692035E-06  0.71411401E-07
  0.50200000E+01  0.18246257E-06  0.65386627E-07
  0.50300000E+01  0.17476784E-06  0.50934350E-07
  0.50400000E+01  0.17499719E-06  0.39739596E-07
  0.50500000E+01  0.18215692E-06  0.40044146E-07
  0.50600000E+01  0.19350806E-06  0.46262937E-07
  0.50700000E+01  0.20539178E-06  0.47979641E-07
  0.50800000E+01  0.21413755E-06  0.44726793E-07
  0.50900000E+01  0.21688236E-06  0.45200262E-07
  0.51000000E+01  0.21224665E-06  0.54313007E-07
  0.51100000E+01  0.20076584E-06  0.66545995E-07
  0.51200000E+01  0.18486663E-06  0.72617485E-07
  0.51300000E+01  0.16823454E-06  0.68247366E-07
  0.51400000E+01  0.15471555E-06  0.56949029E-07
  0.51500000E+01  0.14718673E-06  0.47768239E-07
  0.51600000E+01  0.14683578E-06  0.46818894E-07
  0.51700000E+01  0.15301424E-06  0.49606786E-07
  0.51800000E+01  0.16352962E-06  0.47350105E-07
  0.51900000E+01  0.17517640E-06  0.40264505E-07
  0.52000000E+01  0.18443053E-06  0.38056342E-07
  0.52100000E+01  0.18830295E-06  0.46737043E-07
  0.52200000E+01  0.18520726E-06  0.60318213E-07
  0.52300000E+01  0.17550099E-06  0.68282333E-07
  0.52400000E+01  0.16139512E-06  0.66873970E-07
  0.52500000E+01  0.14622750E-06  0.60253713E-07
  0.52600000E+01  0.13344617E-06  0.54524473E-07
  0.52700000E+01  0.12573013E-06  0.52871235E-07
  0.52800000E+01  0.12445901E-06  0.53306286E-07
  0.52900000E+01  0.12948975E-06  0.50324566E-07
  0.53000000E+01  0.13915331E-06  0.41946445E-07
  0.53100000E+01  0.15053080E-06  0.34820611E-07
  0.53200000E+01  0.16012847E-06  0.37900725E-07
  0.53300000E+01  0.16488723E-06  0.50387214E-07
  0.53400000E+01  0.16315786E-06  0.61669964E-07
  0.53500000E+01  0.15518021E-06  0.64037083E-07
  0.53600000E+01  0.14286386E-06  0.59804622E-07
  0.53700000E+01  0.12907607E-06  0.55977173E-07
  0.53800000E+01  0.11684483E-06  0.55836929E-07
  0.53900000E+01  0.10874088E-06  0.56893543E-07
  0.54000000E+01  0.10642556E-06  0.54898950E-07
  0.54100000E+01  0.11025214E-06  0.47887241E-07
  0.54200000E+01  0.11899391E-06  0.38274525E-07
  0.54300000E+01  0.12996820E-06  0.33070773E-07
  0.54400000E+01  0.13974490E-06  0.38318828E-07
  0.54500000E+01  0.14526179E-06  0.50756636E-07
  0.54600000E+01  0.14482824E-06  0.59877739E-07
  0.54700000E+01  0.13852722E-06  0.59880565E-07
  0.54800000E+01  0.12793024E-06  0.55117385E-07
  0.54900000E+01  0.11544785E-06  0.53228929E-07
  0.55000000E+01  0.10372850E-06  0.55902084E-07
  0.55100000E+01  0.95236107E-07  0.58103237E-07
  0.55200000E+01  0.91854361E-07  0.54904689E-07
  0.55300000E+01  0.94374743E-07  0.46406849E-07
  0.55400000E+01  0.10202615E-06  0.36913609E-07
  0.55500000E+01  0.11244169E-06  0.32360947E-07
  0.55600000E+01  0.12231800E-06  0.36937219E-07
  0.55700000E+01  0.12856644E-06  0.48128197E-07
  0.55800000E+01  0.12937032E-06  0.57189917E-07
  0.55900000E+01  0.12461328E-06  0.57841995E-07
  0.56000000E+01  0.11559041E-06  0.52900718E-07
  0.56100000E+01  0.10437219E-06  0.50310482E-07
  0.56200000E+01  0.93272932E-07  0.53271268E-07
  0.56300000E+01  0.84556944E-07  0.56919557E-07
  0.56400000E+01  0.80167210E-07  0.55009967E-07
  0.56500000E+01  0.81246377E-07  0.46856543E-07
  0.56600000E+01  0.87552848E-07  0.37176552E-07
  0.56700000E+01  0.97204437E-07  0.31777266E-07
  0.56800000E+01  0.10713181E-06  0.34217325E-07
  0.56900000E+01  0.11416654E-06  0.43456553E-07
  0.57000000E+01  0.11621057E-06  0.53346770E-07
  0.57100000E+01  0.11285123E-06  0.57032436E-07
  0.57200000E+01  0.10517865E-06  0.53403183E-07
  0.57300000E+01  0.95110613E-07  0.48487553E-07
  0.57400000E+01  0.84756382E-07  0.48617494E-07
  0.57500000E+01  0.76113182E-07  0.52729689E-07
  0.57600000E+01  0.70954328E-07  0.54156413E-07
  0.57700000E+01  0.70566054E-07  0.48875333E-07
  0.57800000E+01  0.75228713E-07  0.39465334E-07
  0.57900000E+01  0.83749095E-07  0.32045721E-07
  0.58000000E+01  0.93536354E-07  0.31257786E-07
  0.58100000E+01  0.10142047E-06  0.37667334E-07
  0.58200000E+01  0.10487192E-06  0.47538667E-07
  0.58300000E+01  0.10294387E-06  0.54876574E-07
  0.58400000E+01  0.96422408E-07  0.55379309E-07
  0.58500000E+01  0.87218903E-07  0.50151393E-07
  0.58600000E+01  0.77512950E-07  0.45412498E-07
  0.58700000E+01  0.69189206E-07  0.45994619E-07
  0.58800000E+01  0.63715788E-07  0.49534958E-07
  0.58900000E+01  0.62177599E-07  0.49671394E-07
  0.59000000E+01  0.65093564E-07  0.43679199E-07
  0.59100000E+01  0.71986489E-07  0.35105907E-07
  0.59200000E+01  0.81080495E-07  0.30036902E-07
  0.59300000E+01  0.89586027E-07  0.32018621E-07
  0.59400000E+01  0.94653869E-07  0.39977458E-07
  0.59500000E+01  0.94548505E-07  0.49385584E-07
  0.59600000E+01  0.89349590E-07  0.55084034E-07
  0.59700000E+01  0.80770949E-07  0.54060755E-07
  0.59800000E+01  0.71270361E-07  0.47725920E-07
  0.59900000E+01  0.63061221E-07  0.41897654E-07
  0.60000000E+01  0.57586959E-07  0.41461546E-07
