  0.20000000E+00  0.68270316E-11 -0.22823632E-10
  0.21000000E+00  0.75213557E-11 -0.23857255E-10
  0.22000000E+00  0.82593897E-11 -0.24837087E-10
  0.23000000E+00  0.90170884E-11 -0.25773844E-10
  0.24000000E+00  0.97718932E-11 -0.26683719E-10
  0.25000000E+00  0.10511022E-10 -0.27572070E-10
  0.26000000E+00  0.11235850E-10 -0.28439761E-10
  0.27000000E+00  0.11960845E-10 -0.29296877E-10
  0.28000000E+00  0.12707658E-10 -0.30159426E-10
  0.29000000E+00  0.13496823E-10 -0.31029206E-10
  0.30000000E+00  0.14340348E-10 -0.31883862E-10
  0.31000000E+00  0.15237936E-10 -0.32693819E-10
  0.32000000E+00  0.16177769E-10 -0.33446672E-10
  0.33000000E+00  0.17140750E-10 -0.34153029E-10
  0.34000000E+00  0.18105908E-10 -0.34831103E-10
  0.35000000E+00  0.19055105E-10 -0.35489549E-10
  0.36000000E+00  0.19976513E-10 -0.36123806E-10
  0.37000000E+00  0.20867374E-10 -0.36722163E-10
  0.38000000E+00  0.21736179E-10 -0.37280513E-10
  0.39000000E+00  0.22603137E-10 -0.37816679E-10
  0.40000000E+00  0.23496915E-10 -0.38360748E-10
  0.41000000E+00  0.24446449E-10 -0.38923687E-10
  0.42000000E+00  0.25469176E-10 -0.39480055E-10
  0.43000000E+00  0.26559878E-10 -0.39989388E-10
  0.44000000E+00  0.27685791E-10 -0.40428962E-10
  0.45000000E+00  0.28792508E-10 -0.40798274E-10
  0.46000000E+00  0.29821396E-10 -0.41100231E-10
  0.47000000E+00  0.30733852E-10 -0.41330906E-10
  0.48000000E+00  0.31532858E-10 -0.41502585E-10
  0.49000000E+00  0.32270571E-10 -0.41678084E-10
  0.50000000E+00  0.33034486E-10 -0.41947013E-10
  0.51000000E+00  0.33913706E-10 -0.42339018E-10
  0.52000000E+00  0.34957578E-10 -0.42774592E-10
  0.53000000E+00  0.36145554E-10 -0.43119508E-10
  0.54000000E+00  0.37384984E-10 -0.43281756E-10
  0.55000000E+00  0.38542301E-10 -0.43254709E-10
  0.56000000E+00  0.39497570E-10 -0.43095021E-10
  0.57000000E+00  0.40199909E-10 -0.42888019E-10
  0.58000000E+00  0.40698201E-10 -0.42725638E-10
  0.59000000E+00  0.41129972E-10 -0.42692271E-10
  0.60000000E+00  0.41668608E-10 -0.42843110E-10
  0.61000000E+00  0.42448472E-10 -0.43151427E-10
  0.62000000E+00  0.43500166E-10 -0.43469068E-10
  0.63000000E+00  0.44727094E-10 -0.43586480E-10
  0.64000000E+00  0.45938123E-10 -0.43372338E-10
  0.65000000E+00  0.46925815E-10 -0.42868662E-10
  0.66000000E+00  0.47557242E-10 -0.42259416E-10
  0.67000000E+00  0.47836434E-10 -0.41753086E-10
  0.68000000E+00  0.47908660E-10 -0.41474887E-10
  0.69000000E+00  0.48002254E-10 -0.41435807E-10
  0.70000000E+00  0.48331775E-10 -0.41571438E-10
  0.71000000E+00  0.49004225E-10 -0.41767383E-10
  0.72000000E+00  0.49969808E-10 -0.41848490E-10
  0.73000000E+00  0.51039952E-10 -0.41626609E-10
  0.74000000E+00  0.51965986E-10 -0.41035110E-10
  0.75000000E+00  0.52544562E-10 -0.40214930E-10
  0.76000000E+00  0.52703526E-10 -0.39432245E-10
  0.77000000E+00  0.52530649E-10 -0.38900703E-10
  0.78000000E+00  0.52233682E-10 -0.38672542E-10
  0.79000000E+00  0.52050943E-10 -0.38656456E-10
  0.80000000E+00  0.52152504E-10 -0.38701891E-10
  0.81000000E+00  0.52573965E-10 -0.38669215E-10
  0.82000000E+00  0.53208380E-10 -0.38453979E-10
  0.83000000E+00  0.53855899E-10 -0.37998103E-10
  0.84000000E+00  0.54307100E-10 -0.37322756E-10
  0.85000000E+00  0.54424135E-10 -0.36554166E-10
  0.86000000E+00  0.54187790E-10 -0.35878939E-10
  0.87000000E+00  0.53695194E-10 -0.35428322E-10
  0.88000000E+00  0.53114243E-10 -0.35195363E-10
  0.89000000E+00  0.52617086E-10 -0.35069902E-10
  0.90000000E+00  0.52319827E-10 -0.34940230E-10
  0.91000000E+00  0.52248714E-10 -0.34755420E-10
  0.92000000E+00  0.52339930E-10 -0.34508457E-10
  0.93000000E+00  0.52467616E-10 -0.34184411E-10
  0.94000000E+00  0.52487564E-10 -0.33752605E-10
  0.95000000E+00  0.52282397E-10 -0.33223210E-10
  0.96000000E+00  0.51796213E-10 -0.32681629E-10
  0.97000000E+00  0.51050450E-10 -0.32230425E-10
  0.98000000E+00  0.50137309E-10 -0.31912723E-10
  0.99000000E+00  0.49192167E-10 -0.31716486E-10
  0.10000000E+01  0.48351711E-10 -0.31625003E-10
  0.10100000E+01  0.47709136E-10 -0.31624253E-10
  0.10200000E+01  0.47280330E-10 -0.31669284E-10
  0.10300000E+01  0.46993800E-10 -0.31669855E-10
  0.10400000E+01  0.46710938E-10 -0.31526016E-10
  0.10500000E+01  0.46272794E-10 -0.31202771E-10
  0.10600000E+01  0.45558175E-10 -0.30779569E-10
  0.10700000E+01  0.44531207E-10 -0.30408218E-10
  0.10800000E+01  0.43258560E-10 -0.30213672E-10
  0.10900000E+01  0.41887761E-10 -0.30235034E-10
  0.11000000E+01  0.40593690E-10 -0.30441642E-10
  0.11100000E+01  0.39513535E-10 -0.30772232E-10
  0.11200000E+01  0.38695433E-10 -0.31143504E-10
  0.11300000E+01  0.38080705E-10 -0.31450219E-10
  0.11400000E+01  0.37526487E-10 -0.31603612E-10
  0.11500000E+01  0.36859863E-10 -0.31591939E-10
  0.11600000E+01  0.35942596E-10 -0.31503078E-10
  0.11700000E+01  0.34721821E-10 -0.31476440E-10
  0.11800000E+01  0.33248114E-10 -0.31621005E-10
  0.11900000E+01  0.31655246E-10 -0.31969625E-10
  0.12000000E+01  0.30110394E-10 -0.32495536E-10
  0.12100000E+01  0.28753909E-10 -0.33150241E-10
  0.12200000E+01  0.27650526E-10 -0.33871674E-10
  0.12300000E+01  0.26769006E-10 -0.34574555E-10
  0.12400000E+01  0.25996649E-10 -0.35174211E-10
  0.12500000E+01  0.25182712E-10 -0.35639863E-10
  0.12600000E+01  0.24194385E-10 -0.36023182E-10
  0.12700000E+01  0.22964504E-10 -0.36433312E-10
  0.12800000E+01  0.21513530E-10 -0.36978157E-10
  0.12900000E+01  0.19938513E-10 -0.37713886E-10
  0.13000000E+01  0.18374766E-10 -0.38632019E-10
  0.13100000E+01  0.16946245E-10 -0.39680464E-10
  0.13200000E+01  0.15723907E-10 -0.40790712E-10
  0.13300000E+01  0.14706623E-10 -0.41893838E-10
  0.13400000E+01  0.13829156E-10 -0.42937464E-10
  0.13500000E+01  0.12991050E-10 -0.43910929E-10
  0.13600000E+01  0.12093431E-10 -0.44853944E-10
  0.13700000E+01  0.11070080E-10 -0.45831305E-10
  0.13800000E+01  0.99039074E-11 -0.46893250E-10
  0.13900000E+01  0.86269660E-11 -0.48054736E-10
  0.14000000E+01  0.73076218E-11 -0.49306066E-10
  0.14100000E+01  0.60306137E-11 -0.50637415E-10
  0.14200000E+01  0.48749234E-11 -0.52051365E-10
  0.14300000E+01  0.38931415E-11 -0.53552841E-10
  0.14400000E+01  0.30960827E-11 -0.55123780E-10
  0.14500000E+01  0.24473638E-11 -0.56709550E-10
  0.14600000E+01  0.18721954E-11 -0.58244099E-10
  0.14700000E+01  0.12808173E-11 -0.59697752E-10
  0.14800000E+01  0.60047674E-12 -0.61102225E-10
  0.14900000E+01 -0.19591335E-12 -0.62533155E-10
  0.15000000E+01 -0.10771503E-11 -0.64068454E-10
  0.15100000E+01 -0.19640710E-11 -0.65753511E-10
  0.15200000E+01 -0.27595351E-11 -0.67585980E-10
  0.15300000E+01 -0.33853667E-11 -0.69515447E-10
  0.15400000E+01 -0.38101644E-11 -0.71461715E-10
  0.15500000E+01 -0.40565017E-11 -0.73351745E-10
  0.15600000E+01 -0.41861924E-11 -0.75157303E-10
  0.15700000E+01 -0.42724303E-11 -0.76910226E-10
  0.15800000E+01 -0.43723590E-11 -0.78678484E-10
  0.15900000E+01 -0.45109980E-11 -0.80513285E-10
  0.16000000E+01 -0.46798839E-11 -0.82414951E-10
  0.16100000E+01 -0.48463372E-11 -0.84351979E-10
  0.16200000E+01 -0.49661524E-11 -0.86303495E-10
  0.16300000E+01 -0.49944359E-11 -0.88275292E-10
  0.16400000E+01 -0.48934989E-11 -0.90283512E-10
  0.16500000E+01 -0.46393833E-11 -0.92333328E-10
  0.16600000E+01 -0.42279061E-11 -0.94409865E-10
  0.16700000E+01 -0.36783548E-11 -0.96479630E-10
  0.16800000E+01 -0.30311735E-11 -0.98502522E-10
  0.16900000E+01 -0.23373800E-11 -0.10045431E-09
  0.17000000E+01 -0.16416667E-11 -0.10234520E-09
  0.17100000E+01 -0.96543009E-12 -0.10421793E-09
  0.17200000E+01 -0.29734218E-12 -0.10612339E-09
  0.17300000E+01  0.40371798E-12 -0.10808829E-09
  0.17400000E+01  0.11940690E-11 -0.11010187E-09
  0.17500000E+01  0.21249071E-11 -0.11213181E-09
  0.17600000E+01  0.32244835E-11 -0.11414556E-09
  0.17700000E+01  0.44894672E-11 -0.11611618E-09
  0.17800000E+01  0.58879646E-11 -0.11802152E-09
  0.17900000E+01  0.73719588E-11 -0.11985031E-09
  0.18000000E+01  0.88937522E-11 -0.12161078E-09
  0.18100000E+01  0.10420375E-10 -0.12332711E-09
  0.18200000E+01  0.11941667E-10 -0.12502438E-09
  0.18300000E+01  0.13470739E-10 -0.12671596E-09
  0.18400000E+01  0.15038222E-10 -0.12840011E-09
  0.18500000E+01  0.16683040E-10 -0.13006492E-09
  0.18600000E+01  0.18442176E-10 -0.13169861E-09
  0.18700000E+01  0.20340959E-10 -0.13329660E-09
  0.18800000E+01  0.22385025E-10 -0.13485612E-09
  0.18900000E+01  0.24555776E-10 -0.13636357E-09
  0.19000000E+01  0.26812024E-10 -0.13779116E-09
  0.19100000E+01  0.29099911E-10 -0.13910915E-09
  0.19200000E+01  0.31370088E-10 -0.14030464E-09
  0.19300000E+01  0.33596649E-10 -0.14139659E-09
  0.19400000E+01  0.35789213E-10 -0.14243795E-09
  0.19500000E+01  0.37990961E-10 -0.14349265E-09
  0.19600000E+01  0.40261601E-10 -0.14459109E-09
  0.19700000E+01  0.42652212E-10 -0.14569613E-09
  0.19800000E+01  0.45183649E-10 -0.14671712E-09
  0.19900000E+01  0.47838380E-10 -0.14757481E-09
  0.20000000E+01  0.50568222E-10 -0.14826202E-09
  0.20100000E+01  0.53312459E-10 -0.14883563E-09
  0.20200000E+01  0.56017225E-10 -0.14935329E-09
  0.20300000E+01  0.58649353E-10 -0.14982723E-09
  0.20400000E+01  0.61202973E-10 -0.15023088E-09
  0.20500000E+01  0.63700188E-10 -0.15053566E-09
  0.20600000E+01  0.66186425E-10 -0.15074667E-09
  0.20700000E+01  0.68718906E-10 -0.15091515E-09
  0.20800000E+01  0.71347494E-10 -0.15110283E-09
  0.20900000E+01  0.74092290E-10 -0.15130782E-09
  0.21000000E+01  0.76928063E-10 -0.15142634E-09
  0.21100000E+01  0.79786054E-10 -0.15131978E-09
  0.21200000E+01  0.82576175E-10 -0.15094433E-09
  0.21300000E+01  0.85221121E-10 -0.15040002E-09
  0.21400000E+01  0.87686374E-10 -0.14983661E-09
  0.21500000E+01  0.89992042E-10 -0.14933017E-09
  0.21600000E+01  0.92202530E-10 -0.14885369E-09
  0.21700000E+01  0.94400883E-10 -0.14833280E-09
  0.21800000E+01  0.96659419E-10 -0.14771265E-09
  0.21900000E+01  0.99015991E-10 -0.14699423E-09
  0.22000000E+01  0.10146034E-09 -0.14622014E-09
  0.22100000E+01  0.10393236E-09 -0.14540570E-09
  0.22200000E+01  0.10633405E-09 -0.14448011E-09
  0.22300000E+01  0.10855586E-09 -0.14333366E-09
  0.22400000E+01  0.11051263E-09 -0.14195229E-09
  0.22500000E+01  0.11217692E-09 -0.14047478E-09
  0.22600000E+01  0.11359443E-09 -0.13908183E-09
  0.22700000E+01  0.11487138E-09 -0.13784817E-09
  0.22800000E+01  0.11613686E-09 -0.13671404E-09
  0.22900000E+01  0.11749478E-09 -0.13556235E-09
  0.23000000E+01  0.11898451E-09 -0.13430102E-09
  0.23100000E+01  0.12056437E-09 -0.13290127E-09
  0.23200000E+01  0.12212179E-09 -0.13138700E-09
  0.23300000E+01  0.12350594E-09 -0.12978036E-09
  0.23400000E+01  0.12457299E-09 -0.12805707E-09
  0.23500000E+01  0.12523221E-09 -0.12619306E-09
  0.23600000E+01  0.12547945E-09 -0.12426574E-09
  0.23700000E+01  0.12540538E-09 -0.12244762E-09
  0.23800000E+01  0.12517186E-09 -0.12086683E-09
  0.23900000E+01  0.12496038E-09 -0.11950685E-09
  0.24000000E+01  0.12490909E-09 -0.11824238E-09
  0.24100000E+01  0.12506109E-09 -0.11693427E-09
  0.24200000E+01  0.12534378E-09 -0.11549211E-09
  0.24300000E+01  0.12558743E-09 -0.11389216E-09
  0.24400000E+01  0.12557725E-09 -0.11216387E-09
  0.24500000E+01  0.12512229E-09 -0.11035321E-09
  0.24600000E+01  0.12411946E-09 -0.10851084E-09
  0.24700000E+01  0.12259257E-09 -0.10673699E-09
  0.24800000E+01  0.12069232E-09 -0.10518768E-09
  0.24900000E+01  0.11865471E-09 -0.10397467E-09
  0.25000000E+01  0.11672823E-09 -0.10307733E-09
  0.25100000E+01  0.11509201E-09 -0.10236804E-09
  0.25200000E+01  0.11379242E-09 -0.10169352E-09
  0.25300000E+01  0.11272110E-09 -0.10092929E-09
  0.25400000E+01  0.11164427E-09 -0.10000364E-09
  0.25500000E+01  0.11027580E-09 -0.98915817E-10
  0.25600000E+01  0.10837124E-09 -0.97740086E-10
  0.25700000E+01  0.10581250E-09 -0.96611505E-10
  0.25800000E+01  0.10265467E-09 -0.95706752E-10
  0.25900000E+01  0.99117976E-10 -0.95190849E-10
  0.26000000E+01  0.95525253E-10 -0.95131924E-10
  0.26100000E+01  0.92202819E-10 -0.95471108E-10
  0.26200000E+01  0.89375787E-10 -0.96069753E-10
  0.26300000E+01  0.87091928E-10 -0.96765210E-10
  0.26400000E+01  0.85200698E-10 -0.97400790E-10
  0.26500000E+01  0.83397207E-10 -0.97856777E-10
  0.26600000E+01  0.81319780E-10 -0.98101801E-10
  0.26700000E+01  0.78671056E-10 -0.98235959E-10
  0.26800000E+01  0.75322906E-10 -0.98477725E-10
  0.26900000E+01  0.71369097E-10 -0.99077848E-10
  0.27000000E+01  0.67106078E-10 -0.10020429E-09
  0.27100000E+01  0.62946051E-10 -0.10188215E-09
  0.27200000E+01  0.59289337E-10 -0.10401579E-09
  0.27300000E+01  0.56396926E-10 -0.10643942E-09
  0.27400000E+01  0.54304939E-10 -0.10895617E-09
  0.27500000E+01  0.52810316E-10 -0.11137191E-09
  0.27600000E+01  0.51535105E-10 -0.11354081E-09
  0.27700000E+01  0.50051284E-10 -0.11542828E-09
  0.27800000E+01  0.48026769E-10 -0.11716517E-09
  0.27900000E+01  0.45343834E-10 -0.11902781E-09
  0.28000000E+01  0.42148430E-10 -0.12131245E-09
  0.28100000E+01  0.38811593E-10 -0.12418974E-09
  0.28200000E+01  0.35814473E-10 -0.12764739E-09
  0.28300000E+01  0.33595134E-10 -0.13152800E-09
  0.28400000E+01  0.32408280E-10 -0.13560508E-09
  0.28500000E+01  0.32244604E-10 -0.13964845E-09
  0.28600000E+01  0.32836891E-10 -0.14346330E-09
  0.28700000E+01  0.33751903E-10 -0.14692004E-09
  0.28800000E+01  0.34538869E-10 -0.15000286E-09
  0.28900000E+01  0.34885422E-10 -0.15286586E-09
  0.29000000E+01  0.34727466E-10 -0.15581520E-09
  0.29100000E+01  0.34273864E-10 -0.15916205E-09
  0.29200000E+01  0.33936602E-10 -0.16304424E-09
  0.29300000E+01  0.34191460E-10 -0.16736852E-09
  0.29400000E+01  0.35419322E-10 -0.17189148E-09
  0.29500000E+01  0.37784107E-10 -0.17634333E-09
  0.29600000E+01  0.41188386E-10 -0.18051179E-09
  0.29700000E+01  0.45319038E-10 -0.18426509E-09
  0.29800000E+01  0.49763996E-10 -0.18754569E-09
  0.29900000E+01  0.54157525E-10 -0.19038612E-09
  0.30000000E+01  0.58302666E-10 -0.19294961E-09
  0.30100000E+01  0.62228275E-10 -0.19550812E-09
  0.30200000E+01  0.66162390E-10 -0.19828871E-09
  0.30300000E+01  0.70435426E-10 -0.20130227E-09
  0.30400000E+01  0.75353528E-10 -0.20434314E-09
  0.30500000E+01  0.81092405E-10 -0.20714463E-09
  0.30600000E+01  0.87650464E-10 -0.20951194E-09
  0.30700000E+01  0.94872708E-10 -0.21135345E-09
  0.30800000E+01  0.10252694E-09 -0.21266911E-09
  0.30900000E+01  0.11039470E-09 -0.21352667E-09
  0.31000000E+01  0.11833826E-09 -0.21401004E-09
  0.31100000E+01  0.12631999E-09 -0.21418186E-09
  0.31200000E+01  0.13437401E-09 -0.21408706E-09
  0.31300000E+01  0.14255137E-09 -0.21372734E-09
  0.31400000E+01  0.15087028E-09 -0.21300008E-09
  0.31500000E+01  0.15929817E-09 -0.21173047E-09
  0.31600000E+01  0.16777346E-09 -0.20982427E-09
  0.31700000E+01  0.17625148E-09 -0.20735792E-09
  0.31800000E+01  0.18474314E-09 -0.20448770E-09
  0.31900000E+01  0.19331628E-09 -0.20131451E-09
  0.32000000E+01  0.20204959E-09 -0.19784602E-09
  0.32100000E+01  0.21095742E-09 -0.19400168E-09
  0.32200000E+01  0.21992575E-09 -0.18960067E-09
  0.32300000E+01  0.22870002E-09 -0.18441093E-09
  0.32400000E+01  0.23694363E-09 -0.17830622E-09
  0.32500000E+01  0.24434935E-09 -0.17138169E-09
  0.32600000E+01  0.25075504E-09 -0.16390341E-09
  0.32700000E+01  0.25620619E-09 -0.15617676E-09
  0.32800000E+01  0.26092769E-09 -0.14842427E-09
  0.32900000E+01  0.26520888E-09 -0.14068718E-09
  0.33000000E+01  0.26924868E-09 -0.13280549E-09
  0.33100000E+01  0.27303155E-09 -0.12450745E-09
  0.33200000E+01  0.27629516E-09 -0.11552610E-09
  0.33300000E+01  0.27861035E-09 -0.10570086E-09
  0.33400000E+01  0.27954060E-09 -0.95109585E-10
  0.33500000E+01  0.27880670E-09 -0.84120673E-10
  0.33600000E+01  0.27637637E-09 -0.73219196E-10
  0.33700000E+01  0.27243272E-09 -0.62738317E-10
  0.33800000E+01  0.26723599E-09 -0.52729645E-10
  0.33900000E+01  0.26094891E-09 -0.42996694E-10
  0.34000000E+01  0.25351772E-09 -0.33212766E-10
  0.34100000E+01  0.24467409E-09 -0.23105932E-10
  0.34200000E+01  0.23406018E-09 -0.12666798E-10
  0.34300000E+01  0.22141239E-09 -0.22626974E-11
  0.34400000E+01  0.20670543E-09  0.74989697E-11
  0.34500000E+01  0.19017499E-09  0.16140252E-10
  0.34600000E+01  0.17219880E-09  0.23560693E-10
  0.34700000E+01  0.15308897E-09  0.29938109E-10
  0.34800000E+01  0.13289838E-09  0.35526176E-10
  0.34900000E+01  0.11134405E-09  0.40578479E-10
  0.35000000E+01  0.87899819E-10  0.45284270E-10
  0.35100000E+01  0.62031245E-10  0.49586815E-10
  0.35200000E+01  0.33472860E-10  0.53016361E-10
  0.35300000E+01  0.24180155E-11  0.54781087E-10
  0.35400000E+01 -0.30478478E-10  0.54139543E-10
  0.35500000E+01 -0.64303505E-10  0.50790163E-10
  0.35600000E+01 -0.98217135E-10  0.44995254E-10
  0.35700000E+01 -0.13177014E-09  0.37377866E-10
  0.35800000E+01 -0.16506441E-09  0.28558826E-10
  0.35900000E+01 -0.19867863E-09  0.18854326E-10
  0.36000000E+01 -0.23338306E-09  0.81562268E-11
  0.36100000E+01 -0.26975898E-09 -0.40055345E-11
  0.36200000E+01 -0.30787979E-09 -0.18302476E-10
  0.36300000E+01 -0.34718560E-09 -0.35411884E-10
  0.36400000E+01 -0.38660259E-09 -0.55807062E-10
  0.36500000E+01 -0.42485713E-09 -0.79565427E-10
  0.36600000E+01 -0.46085560E-09 -0.10626397E-09
  0.36700000E+01 -0.49397764E-09 -0.13510078E-09
  0.36800000E+01 -0.52417324E-09 -0.16527943E-09
  0.36900000E+01 -0.55184157E-09 -0.19643996E-09
  0.37000000E+01 -0.57755862E-09 -0.22881042E-09
  0.37100000E+01 -0.60177100E-09 -0.26291035E-09
  0.37200000E+01 -0.62456822E-09 -0.29905627E-09
  0.37300000E+01 -0.64559865E-09 -0.33718432E-09
  0.37400000E+01 -0.66413615E-09 -0.37714064E-09
  0.37500000E+01 -0.67925960E-09 -0.41897700E-09
  0.37600000E+01 -0.69008393E-09 -0.46278646E-09
  0.37700000E+01 -0.69597564E-09 -0.50823882E-09
  0.37800000E+01 -0.69669438E-09 -0.55447860E-09
  0.37900000E+01 -0.69242460E-09 -0.60067963E-09
  0.38000000E+01 -0.68369593E-09 -0.64661558E-09
  0.38100000E+01 -0.67122629E-09 -0.69251853E-09
  0.38200000E+01 -0.65574274E-09 -0.73847737E-09
  0.38300000E+01 -0.63783438E-09 -0.78426938E-09
  0.38400000E+01 -0.61787280E-09 -0.82982228E-09
  0.38500000E+01 -0.59601042E-09 -0.87547579E-09
  0.38600000E+01 -0.57224393E-09 -0.92157263E-09
  0.38700000E+01 -0.54651212E-09 -0.96805184E-09
  0.38800000E+01 -0.51878445E-09 -0.10146697E-08
  0.38900000E+01 -0.48909037E-09 -0.10613849E-08
  0.39000000E+01 -0.45744290E-09 -0.11082996E-08
  0.39100000E+01 -0.42362463E-09 -0.11554428E-08
  0.39200000E+01 -0.38683053E-09 -0.12028450E-08
  0.39300000E+01 -0.34519963E-09 -0.12506941E-08
  0.39400000E+01 -0.29531803E-09 -0.12992415E-08
  0.39500000E+01 -0.23183854E-09 -0.13485478E-08
  0.39600000E+01 -0.14742760E-09 -0.13982299E-08
  0.39700000E+01 -0.33286898E-10 -0.14472079E-08
  0.39800000E+01  0.11954351E-09 -0.14934240E-08
  0.39900000E+01  0.31806516E-09 -0.15335392E-08
  0.40000000E+01  0.56466213E-09 -0.15626577E-08
  0.40100000E+01  0.85456246E-09 -0.15742252E-08
  0.40200000E+01  0.11743560E-08 -0.15604231E-08
  0.40300000E+01  0.15024665E-08 -0.15135448E-08
  0.40400000E+01  0.18119979E-08 -0.14287055E-08
  0.40500000E+01  0.20755557E-08 -0.13072713E-08
  0.40600000E+01  0.22707994E-08 -0.11587196E-08
  0.40700000E+01  0.23850401E-08 -0.99835961E-09
  0.40800000E+01  0.24174294E-08 -0.84163499E-09
  0.40900000E+01  0.23781325E-08 -0.69923105E-09
  0.41000000E+01  0.22849577E-08 -0.57585889E-09
  0.41100000E+01  0.21587349E-08 -0.47179914E-09
  0.41200000E+01  0.20189501E-08 -0.38501804E-09
  0.41300000E+01  0.18807637E-08 -0.31269056E-09
  0.41400000E+01  0.17538319E-08 -0.25201287E-09
  0.41500000E+01  0.16426819E-08 -0.20055298E-09
  0.41600000E+01  0.15480137E-08 -0.15636915E-09
  0.41700000E+01  0.14682604E-08 -0.11801206E-09
  0.41800000E+01  0.14009274E-08 -0.84445110E-10
  0.41900000E+01  0.13434939E-08 -0.54908328E-10
  0.42000000E+01  0.12938681E-08 -0.28791753E-10
  0.42100000E+01  0.12505064E-08 -0.55614700E-11
  0.42200000E+01  0.12123344E-08  0.15261838E-10
  0.42300000E+01  0.11785885E-08  0.34111510E-10
  0.42400000E+01  0.11486580E-08  0.51383662E-10
  0.42500000E+01  0.11219697E-08  0.67433304E-10
  0.42600000E+01  0.10979336E-08  0.82577655E-10
  0.42700000E+01  0.10759449E-08  0.97066214E-10
  0.42800000E+01  0.10554291E-08  0.11104335E-09
  0.42900000E+01  0.10359048E-08  0.12454757E-09
  0.43000000E+01  0.10170404E-08  0.13751543E-09
  0.43100000E+01  0.99868161E-09  0.14985792E-09
  0.43200000E+01  0.98083974E-09  0.16154444E-09
  0.43300000E+01  0.96364328E-09  0.17258959E-09
  0.43400000E+01  0.94726505E-09  0.18305420E-09
  0.43500000E+01  0.93184521E-09  0.19305194E-09
  0.43600000E+01  0.91742916E-09  0.20270273E-09
  0.43700000E+01  0.90393510E-09  0.21212377E-09
  0.43800000E+01  0.89115867E-09  0.22145206E-09
  0.43900000E+01  0.87881289E-09  0.23078879E-09
  0.44000000E+01  0.86659259E-09  0.24013616E-09
  0.44100000E+01  0.85424553E-09  0.24943116E-09
  0.44200000E+01  0.84162986E-09  0.25856664E-09
  0.44300000E+01  0.82874135E-09  0.26739604E-09
  0.44400000E+01  0.81570300E-09  0.27582842E-09
  0.44500000E+01  0.80272098E-09  0.28387007E-09
  0.44600000E+01  0.79002028E-09  0.29155786E-09
  0.44700000E+01  0.77777798E-09  0.29894504E-09
  0.44800000E+01  0.76607156E-09  0.30611749E-09
  0.44900000E+01  0.75485476E-09  0.31318459E-09
  0.45000000E+01  0.74396684E-09  0.32024674E-09
  0.45100000E+01  0.73317292E-09  0.32734944E-09
  0.45200000E+01  0.72222494E-09  0.33449105E-09
  0.45300000E+01  0.71092678E-09  0.34161563E-09
  0.45400000E+01  0.69918513E-09  0.34858436E-09
  0.45500000E+01  0.68703157E-09  0.35525793E-09
  0.45600000E+01  0.67460999E-09  0.36157300E-09
  0.45700000E+01  0.66213383E-09  0.36751329E-09
  0.45800000E+01  0.64982600E-09  0.37310721E-09
  0.45900000E+01  0.63785828E-09  0.37843097E-09
  0.46000000E+01  0.62630555E-09  0.38355569E-09
  0.46100000E+01  0.61512617E-09  0.38854828E-09
  0.46200000E+01  0.60417319E-09  0.39350751E-09
  0.46300000E+01  0.59323359E-09  0.39850654E-09
  0.46400000E+01  0.58208578E-09  0.40352431E-09
  0.46500000E+01  0.57055980E-09  0.40846846E-09
  0.46600000E+01  0.55858342E-09  0.41321766E-09
  0.46700000E+01  0.54620097E-09  0.41766882E-09
  0.46800000E+01  0.53355975E-09  0.42177387E-09
  0.46900000E+01  0.52086892E-09  0.42550003E-09
  0.47000000E+01  0.50834279E-09  0.42883423E-09
  0.47100000E+01  0.49614455E-09  0.43186877E-09
  0.47200000E+01  0.48434456E-09  0.43474534E-09
  0.47300000E+01  0.47290333E-09  0.43751151E-09
  0.47400000E+01  0.46168301E-09  0.44016485E-09
  0.47500000E+01  0.45048477E-09  0.44277326E-09
  0.47600000E+01  0.43910291E-09  0.44541236E-09
  0.47700000E+01  0.42738139E-09  0.44802310E-09
  0.47800000E+01  0.41525693E-09  0.45042301E-09
  0.47900000E+01  0.40277605E-09  0.45244947E-09
  0.48000000E+01  0.39008178E-09  0.45407026E-09
  0.48100000E+01  0.37737463E-09  0.45536363E-09
  0.48200000E+01  0.36485970E-09  0.45638236E-09
  0.48300000E+01  0.35269391E-09  0.45708050E-09
  0.48400000E+01  0.34094656E-09  0.45745263E-09
  0.48500000E+01  0.32958284E-09  0.45766902E-09
  0.48600000E+01  0.31847451E-09  0.45792566E-09
  0.48700000E+01  0.30743525E-09  0.45822251E-09
  0.48800000E+01  0.29627142E-09  0.45841805E-09
  0.48900000E+01  0.28483473E-09  0.45842747E-09
  0.49000000E+01  0.27306242E-09  0.45825939E-09
  0.49100000E+01  0.26099457E-09  0.45789912E-09
  0.49200000E+01  0.24876360E-09  0.45723718E-09
  0.49300000E+01  0.23655900E-09  0.45613735E-09
  0.49400000E+01  0.22457702E-09  0.45458131E-09
  0.49500000E+01  0.21296975E-09  0.45273369E-09
  0.49600000E+01  0.20180772E-09  0.45080250E-09
  0.49700000E+01  0.19106475E-09  0.44882865E-09
  0.49800000E+01  0.18062722E-09  0.44670109E-09
  0.49900000E+01  0.17032443E-09  0.44439249E-09
  0.50000000E+01  0.15997325E-09  0.44205190E-09
  0.50100000E+01  0.14942728E-09  0.43978875E-09
  0.50200000E+01  0.13861784E-09  0.43746829E-09
  0.50300000E+01  0.12757383E-09  0.43481664E-09
  0.50400000E+01  0.11641330E-09  0.43168318E-09
  0.50500000E+01  0.10530986E-09  0.42815393E-09
  0.50600000E+01  0.94446049E-10  0.42442162E-09
  0.50700000E+01  0.83968136E-10  0.42057446E-09
  0.50800000E+01  0.73952711E-10  0.41653595E-09
  0.50900000E+01  0.64389999E-10  0.41221623E-09
  0.51000000E+01  0.55186415E-10  0.40770119E-09
  0.51100000E+01  0.46187743E-10  0.40322816E-09
  0.51200000E+01  0.37220275E-10  0.39893270E-09
  0.51300000E+01  0.28139705E-10  0.39467530E-09
  0.51400000E+01  0.18871762E-10  0.39017436E-09
  0.51500000E+01  0.94307191E-11  0.38528511E-09
  0.51600000E+01 -0.88350632E-13  0.38009828E-09
  0.51700000E+01 -0.95372515E-11  0.37476697E-09
  0.51800000E+01 -0.18751679E-10  0.36930252E-09
  0.51900000E+01 -0.27589132E-10  0.36358184E-09
  0.52000000E+01 -0.35962184E-10  0.35752768E-09
  0.52100000E+01 -0.43861075E-10  0.35124657E-09
  0.52200000E+01 -0.51357864E-10  0.34496943E-09
  0.52300000E+01 -0.58587121E-10  0.33885256E-09
  0.52400000E+01 -0.65707000E-10  0.33284606E-09
  0.52500000E+01 -0.72854074E-10  0.32675426E-09
  0.52600000E+01 -0.80107921E-10  0.32042343E-09
  0.52700000E+01 -0.87475034E-10  0.31387044E-09
  0.52800000E+01 -0.94892032E-10  0.30721257E-09
  0.52900000E+01 -0.10224270E-09  0.30048291E-09
  0.53000000E+01 -0.10938413E-09  0.29356541E-09
  0.53100000E+01 -0.11617925E-09  0.28632974E-09
  0.53200000E+01 -0.12253132E-09  0.27880414E-09
  0.53300000E+01 -0.12841103E-09  0.27117970E-09
  0.53400000E+01 -0.13386511E-09  0.26364159E-09
  0.53500000E+01 -0.13900113E-09  0.25623313E-09
  0.53600000E+01 -0.14395398E-09  0.24887094E-09
  0.53700000E+01 -0.14884785E-09  0.24144012E-09
  0.53800000E+01 -0.15376682E-09  0.23387996E-09
  0.53900000E+01 -0.15873987E-09  0.22621690E-09
  0.54000000E+01 -0.16373860E-09  0.21851639E-09
  0.54100000E+01 -0.16868409E-09  0.21077891E-09
  0.54200000E+01 -0.17346244E-09  0.20289758E-09
  0.54300000E+01 -0.17794988E-09  0.19475693E-09
  0.54400000E+01 -0.18204475E-09  0.18638031E-09
  0.54500000E+01 -0.18569687E-09  0.17793456E-09
  0.54600000E+01 -0.18892201E-09  0.16957383E-09
  0.54700000E+01 -0.19179439E-09  0.16133092E-09
  0.54800000E+01 -0.19442097E-09  0.15315530E-09
  0.54900000E+01 -0.19690966E-09  0.14498746E-09
  0.55000000E+01 -0.19934406E-09  0.13677860E-09
  0.55100000E+01 -0.20177018E-09  0.12850411E-09
  0.55200000E+01 -0.20419248E-09  0.12019732E-09
  0.55300000E+01 -0.20657440E-09  0.11191488E-09
  0.55400000E+01 -0.20884277E-09  0.10363440E-09
  0.55500000E+01 -0.21089984E-09  0.95231657E-10
  0.55600000E+01 -0.21264601E-09  0.86615817E-10
  0.55700000E+01 -0.21400898E-09  0.77859895E-10
  0.55800000E+01 -0.21496741E-09  0.69137192E-10
  0.55900000E+01 -0.21555675E-09  0.60563103E-10
  0.56000000E+01 -0.21585364E-09  0.52142121E-10
  0.56100000E+01 -0.21594790E-09  0.43820592E-10
  0.56200000E+01 -0.21591704E-09  0.35521834E-10
  0.56300000E+01 -0.21581386E-09  0.27163009E-10
  0.56400000E+01 -0.21566602E-09  0.18736329E-10
  0.56500000E+01 -0.21547799E-09  0.10357063E-10
  0.56600000E+01 -0.21522789E-09  0.21447347E-11
  0.56700000E+01 -0.21486205E-09 -0.59579292E-11
  0.56800000E+01 -0.21429848E-09 -0.14173000E-10
  0.56900000E+01 -0.21344728E-09 -0.22638084E-10
  0.57000000E+01 -0.21224310E-09 -0.31235572E-10
  0.57100000E+01 -0.21067178E-09 -0.39714810E-10
  0.57200000E+01 -0.20877385E-09 -0.47920559E-10
  0.57300000E+01 -0.20662248E-09 -0.55875106E-10
  0.57400000E+01 -0.20429147E-09 -0.63711870E-10
  0.57500000E+01 -0.20183498E-09 -0.71590132E-10
  0.57600000E+01 -0.19928841E-09 -0.79595283E-10
  0.57700000E+01 -0.19668054E-09 -0.87631302E-10
  0.57800000E+01 -0.19403695E-09 -0.95456990E-10
  0.57900000E+01 -0.19136457E-09 -0.10292287E-09
  0.58000000E+01 -0.18862844E-09 -0.11019803E-09
  0.58100000E+01 -0.18574506E-09 -0.11765925E-09
  0.58200000E+01 -0.18260776E-09 -0.12548857E-09
  0.58300000E+01 -0.17913420E-09 -0.13346797E-09
  0.58400000E+01 -0.17530538E-09 -0.14120451E-09
  0.58500000E+01 -0.17116880E-09 -0.14848541E-09
  0.58600000E+01 -0.16680510E-09 -0.15540339E-09
  0.58700000E+01 -0.16228552E-09 -0.16222833E-09
  0.58800000E+01 -0.15765286E-09 -0.16920317E-09
  0.58900000E+01 -0.15293558E-09 -0.17636811E-09
  0.59000000E+01 -0.14817340E-09 -0.18349606E-09
  0.59100000E+01 -0.14342059E-09 -0.19023459E-09
  0.59200000E+01 -0.13871395E-09 -0.19642863E-09
  0.59300000E+01 -0.13402751E-09 -0.20236937E-09
  0.59400000E+01 -0.12925576E-09 -0.20859700E-09
  0.59500000E+01 -0.12425030E-09 -0.21535554E-09
  0.59600000E+01 -0.11889288E-09 -0.22232854E-09
  0.59700000E+01 -0.11315607E-09 -0.22894777E-09
  0.59800000E+01 -0.10710847E-09 -0.23489682E-09
  0.59900000E+01 -0.10086379E-09 -0.24032232E-09
  0.60000000E+01 -0.94515717E-10 -0.24565291E-09
