  0.20000000E+00  0.22771057E-22 -0.91067380E+00
  0.21000000E+00  0.25282221E-22 -0.95622782E+00
  0.22000000E+00  0.28042874E-22 -0.10017848E+01
  0.23000000E+00  0.30940090E-22 -0.10473449E+01
  0.24000000E+00  0.33841396E-22 -0.10929083E+01
  0.25000000E+00  0.36644646E-22 -0.11384750E+01
  0.26000000E+00  0.39320941E-22 -0.11840453E+01
  0.27000000E+00  0.41933349E-22 -0.12296193E+01
  0.28000000E+00  0.44621657E-22 -0.12751971E+01
  0.29000000E+00  0.47555694E-22 -0.13207789E+01
  0.30000000E+00  0.50872570E-22 -0.13663648E+01
  0.31000000E+00  0.54621116E-22 -0.14119550E+01
  0.32000000E+00  0.58735640E-22 -0.14575495E+01
  0.33000000E+00  0.63050834E-22 -0.15031486E+01
  0.34000000E+00  0.67354702E-22 -0.15487524E+01
  0.35000000E+00  0.71462692E-22 -0.15943610E+01
  0.36000000E+00  0.75288421E-22 -0.16399745E+01
  0.37000000E+00  0.78886168E-22 -0.16855932E+01
  0.38000000E+00  0.82447147E-22 -0.17312171E+01
  0.39000000E+00  0.86244773E-22 -0.17768464E+01
  0.40000000E+00  0.90541334E-22 -0.18224812E+01
  0.41000000E+00  0.95485245E-22 -0.18681217E+01
  0.42000000E+00  0.10103725E-21 -0.19137681E+01
  0.43000000E+00  0.10695920E-21 -0.19594204E+01
  0.44000000E+00  0.11287958E-21 -0.20050788E+01
  0.45000000E+00  0.11842110E-21 -0.20507434E+01
  0.46000000E+00  0.12334949E-21 -0.20964145E+01
  0.47000000E+00  0.12768784E-21 -0.21420921E+01
  0.48000000E+00  0.13174529E-21 -0.21877763E+01
  0.49000000E+00  0.13603394E-21 -0.22334674E+01
  0.50000000E+00  0.14108818E-21 -0.22791655E+01
  0.51000000E+00  0.14724466E-21 -0.23248707E+01
  0.52000000E+00  0.15447055E-21 -0.23705831E+01
  0.53000000E+00  0.16232317E-21 -0.24163029E+01
  0.54000000E+00  0.17008003E-21 -0.24620302E+01
  0.55000000E+00  0.17700782E-21 -0.25077653E+01
  0.56000000E+00  0.18267226E-21 -0.25535081E+01
  0.57000000E+00  0.18715949E-21 -0.25992590E+01
  0.58000000E+00  0.19110206E-21 -0.26450179E+01
  0.59000000E+00  0.19547392E-21 -0.26907851E+01
  0.60000000E+00  0.20121389E-21 -0.27365608E+01
  0.61000000E+00  0.20881916E-21 -0.27823449E+01
  0.62000000E+00  0.21808234E-21 -0.28281378E+01
  0.63000000E+00  0.22810508E-21 -0.28739395E+01
  0.64000000E+00  0.23761391E-21 -0.29197501E+01
  0.65000000E+00  0.24547106E-21 -0.29655699E+01
  0.66000000E+00  0.25117328E-21 -0.30113990E+01
  0.67000000E+00  0.25511844E-21 -0.30572375E+01
  0.68000000E+00  0.25850482E-21 -0.31030855E+01
  0.69000000E+00  0.26288032E-21 -0.31489433E+01
  0.70000000E+00  0.26951156E-21 -0.31948109E+01
  0.71000000E+00  0.27883108E-21 -0.32406885E+01
  0.72000000E+00  0.29020369E-21 -0.32865762E+01
  0.73000000E+00  0.30213109E-21 -0.33324743E+01
  0.74000000E+00  0.31283267E-21 -0.33783827E+01
  0.75000000E+00  0.32097377E-21 -0.34243018E+01
  0.76000000E+00  0.32623701E-21 -0.34702315E+01
  0.77000000E+00  0.32948797E-21 -0.35161722E+01
  0.78000000E+00  0.33245437E-21 -0.35621238E+01
  0.79000000E+00  0.33704400E-21 -0.36080866E+01
  0.80000000E+00  0.34457943E-21 -0.36540608E+01
  0.81000000E+00  0.35526113E-21 -0.37000463E+01
  0.82000000E+00  0.36807534E-21 -0.37460435E+01
  0.83000000E+00  0.38118196E-21 -0.37920524E+01
  0.84000000E+00  0.39262601E-21 -0.38380733E+01
  0.85000000E+00  0.40109013E-21 -0.38841061E+01
  0.86000000E+00  0.40639455E-21 -0.39301512E+01
  0.87000000E+00  0.40955751E-21 -0.39762086E+01
  0.88000000E+00  0.41240596E-21 -0.40222784E+01
  0.89000000E+00  0.41689801E-21 -0.40683609E+01
  0.90000000E+00  0.42441517E-21 -0.41144562E+01
  0.91000000E+00  0.43527573E-21 -0.41605644E+01
  0.92000000E+00  0.44862659E-21 -0.42066857E+01
  0.93000000E+00  0.46273631E-21 -0.42528202E+01
  0.94000000E+00  0.47558363E-21 -0.42989681E+01
  0.95000000E+00  0.48554760E-21 -0.43451295E+01
  0.96000000E+00  0.49197669E-21 -0.43913045E+01
  0.97000000E+00  0.49544958E-21 -0.44374934E+01
  0.98000000E+00  0.49763141E-21 -0.44836963E+01
  0.99000000E+00  0.50075227E-21 -0.45299132E+01
  0.10000000E+01  0.50685669E-21 -0.45761444E+01
  0.10100000E+01  0.51705983E-21 -0.46223901E+01
  0.10200000E+01  0.53107030E-21 -0.46686503E+01
  0.10300000E+01  0.54718053E-21 -0.47149252E+01
  0.10400000E+01  0.56278454E-21 -0.47612149E+01
  0.10500000E+01  0.57528976E-21 -0.48075197E+01
  0.10600000E+01  0.58311315E-21 -0.48538397E+01
  0.10700000E+01  0.58637447E-21 -0.49001749E+01
  0.10800000E+01  0.58697696E-21 -0.49465256E+01
  0.10900000E+01  0.58798714E-21 -0.49928919E+01
  0.11000000E+01  0.59250786E-21 -0.50392740E+01
  0.11100000E+01  0.60246479E-21 -0.50856720E+01
  0.11200000E+01  0.61779220E-21 -0.51320861E+01
  0.11300000E+01  0.63637048E-21 -0.51785164E+01
  0.11400000E+01  0.65477750E-21 -0.52249630E+01
  0.11500000E+01  0.66958179E-21 -0.52714262E+01
  0.11600000E+01  0.67867111E-21 -0.53179060E+01
  0.11700000E+01  0.68208326E-21 -0.53644027E+01
  0.11800000E+01  0.68200711E-21 -0.54109163E+01
  0.11900000E+01  0.68196097E-21 -0.54574471E+01
  0.12000000E+01  0.68548257E-21 -0.55039951E+01
  0.12100000E+01  0.69483927E-21 -0.55505606E+01
  0.12200000E+01  0.71023189E-21 -0.55971436E+01
  0.12300000E+01  0.72975493E-21 -0.56437444E+01
  0.12400000E+01  0.75009170E-21 -0.56903631E+01
  0.12500000E+01  0.76767190E-21 -0.57369999E+01
  0.12600000E+01  0.77988486E-21 -0.57836548E+01
  0.12700000E+01  0.78595062E-21 -0.58303281E+01
  0.12800000E+01  0.78718414E-21 -0.58770199E+01
  0.12900000E+01  0.78658587E-21 -0.59237304E+01
  0.13000000E+01  0.78788947E-21 -0.59704596E+01
  0.13100000E+01  0.79434828E-21 -0.60172079E+01
  0.13200000E+01  0.80762172E-21 -0.60639753E+01
  0.13300000E+01  0.82712061E-21 -0.61107619E+01
  0.13400000E+01  0.85006950E-21 -0.61575680E+01
  0.13500000E+01  0.87234111E-21 -0.62043937E+01
  0.13600000E+01  0.88984825E-21 -0.62512391E+01
  0.13700000E+01  0.90003539E-21 -0.62981045E+01
  0.13800000E+01  0.90291262E-21 -0.63449899E+01
  0.13900000E+01  0.90119432E-21 -0.63918955E+01
  0.14000000E+01  0.89942349E-21 -0.64388215E+01
  0.14100000E+01  0.90236052E-21 -0.64857680E+01
  0.14200000E+01  0.91322515E-21 -0.65327352E+01
  0.14300000E+01  0.93246547E-21 -0.65797233E+01
  0.14400000E+01  0.95754063E-21 -0.66267323E+01
  0.14500000E+01  0.98381396E-21 -0.66737625E+01
  0.14600000E+01  0.10062192E-20 -0.67208141E+01
  0.14700000E+01  0.10210682E-20 -0.67678871E+01
  0.14800000E+01  0.10273343E-20 -0.68149818E+01
  0.14900000E+01  0.10269739E-20 -0.68620982E+01
  0.15000000E+01  0.10242225E-20 -0.69092366E+01
  0.15100000E+01  0.10241565E-20 -0.69563971E+01
  0.15200000E+01  0.10310201E-20 -0.70035799E+01
  0.15300000E+01  0.10468472E-20 -0.70507851E+01
  0.15400000E+01  0.10707824E-20 -0.70980130E+01
  0.15500000E+01  0.10993001E-20 -0.71452635E+01
  0.15600000E+01  0.11272760E-20 -0.71925370E+01
  0.15700000E+01  0.11496202E-20 -0.72398336E+01
  0.15800000E+01  0.11629882E-20 -0.72871534E+01
  0.15900000E+01  0.11670073E-20 -0.73344966E+01
  0.16000000E+01  0.11645567E-20 -0.73818633E+01
  0.16100000E+01  0.11609262E-20 -0.74292538E+01
  0.16200000E+01  0.11620703E-20 -0.74766682E+01
  0.16300000E+01  0.11725344E-20 -0.75241066E+01
  0.16400000E+01  0.11937958E-20 -0.75715692E+01
  0.16500000E+01  0.12236529E-20 -0.76190562E+01
  0.16600000E+01  0.12569240E-20 -0.76665677E+01
  0.16700000E+01  0.12872266E-20 -0.77141040E+01
  0.16800000E+01  0.13091929E-20 -0.77616651E+01
  0.16900000E+01  0.13203193E-20 -0.78092512E+01
  0.17000000E+01  0.13218087E-20 -0.78568625E+01
  0.17100000E+01  0.13181499E-20 -0.79044992E+01
  0.17200000E+01  0.13156305E-20 -0.79521614E+01
  0.17300000E+01  0.13203024E-20 -0.79998492E+01
  0.17400000E+01  0.13360419E-20 -0.80475630E+01
  0.17500000E+01  0.13632822E-20 -0.80953027E+01
  0.17600000E+01  0.13987966E-20 -0.81430686E+01
  0.17700000E+01  0.14366310E-20 -0.81908609E+01
  0.17800000E+01  0.14699595E-20 -0.82386797E+01
  0.17900000E+01  0.14933244E-20 -0.82865252E+01
  0.18000000E+01  0.15045370E-20 -0.83343976E+01
  0.18100000E+01  0.15055554E-20 -0.83822969E+01
  0.18200000E+01  0.15019689E-20 -0.84302235E+01
  0.18300000E+01  0.15012027E-20 -0.84781774E+01
  0.18400000E+01  0.15100352E-20 -0.85261588E+01
  0.18500000E+01  0.15322875E-20 -0.85741680E+01
  0.18600000E+01  0.15674968E-20 -0.86222050E+01
  0.18700000E+01  0.16110310E-20 -0.86702700E+01
  0.18800000E+01  0.16555982E-20 -0.87183632E+01
  0.18900000E+01  0.16936282E-20 -0.87664848E+01
  0.19000000E+01  0.17197364E-20 -0.88146350E+01
  0.19100000E+01  0.17324809E-20 -0.88628139E+01
  0.19200000E+01  0.17348779E-20 -0.89110216E+01
  0.19300000E+01  0.17335241E-20 -0.89592584E+01
  0.19400000E+01  0.17365825E-20 -0.90075245E+01
  0.19500000E+01  0.17512143E-20 -0.90558199E+01
  0.19600000E+01  0.17812265E-20 -0.91041450E+01
  0.19700000E+01  0.18256965E-20 -0.91524998E+01
  0.19800000E+01  0.18790932E-20 -0.92008845E+01
  0.19900000E+01  0.19329550E-20 -0.92492993E+01
  0.20000000E+01  0.19786338E-20 -0.92977443E+01
  0.20100000E+01  0.20101893E-20 -0.93462199E+01
  0.20200000E+01  0.20264216E-20 -0.93947260E+01
  0.20300000E+01  0.20313339E-20 -0.94432629E+01
  0.20400000E+01  0.20328842E-20 -0.94918308E+01
  0.20500000E+01  0.20404661E-20 -0.95404299E+01
  0.20600000E+01  0.20619417E-20 -0.95890602E+01
  0.20700000E+01  0.21011342E-20 -0.96377221E+01
  0.20800000E+01  0.21565269E-20 -0.96864157E+01
  0.20900000E+01  0.22215828E-20 -0.97351411E+01
  0.21000000E+01  0.22866532E-20 -0.97838985E+01
  0.21100000E+01  0.23419708E-20 -0.98326882E+01
  0.21200000E+01  0.23808239E-20 -0.98815102E+01
  0.21300000E+01  0.24018647E-20 -0.99303648E+01
  0.21400000E+01  0.24097247E-20 -0.99792521E+01
  0.21500000E+01  0.24136655E-20 -0.10028172E+02
  0.21600000E+01  0.24246733E-20 -0.10077126E+02
  0.21700000E+01  0.24519436E-20 -0.10126112E+02
  0.21800000E+01  0.24998928E-20 -0.10175133E+02
  0.21900000E+01  0.25666458E-20 -0.10224186E+02
  0.22000000E+01  0.26444764E-20 -0.10273274E+02
  0.22100000E+01  0.27220923E-20 -0.10322396E+02
  0.22200000E+01  0.27881025E-20 -0.10371551E+02
  0.22300000E+01  0.28346310E-20 -0.10420742E+02
  0.22400000E+01  0.28599443E-20 -0.10469966E+02
  0.22500000E+01  0.28692144E-20 -0.10519226E+02
  0.22600000E+01  0.28730929E-20 -0.10568520E+02
  0.22700000E+01  0.28844717E-20 -0.10617850E+02
  0.22800000E+01  0.29144172E-20 -0.10667215E+02
  0.22900000E+01  0.29685655E-20 -0.10716615E+02
  0.23000000E+01  0.30451503E-20 -0.10766051E+02
  0.23100000E+01  0.31353337E-20 -0.10815523E+02
  0.23200000E+01  0.32257948E-20 -0.10865031E+02
  0.23300000E+01  0.33028129E-20 -0.10914575E+02
  0.23400000E+01  0.33565959E-20 -0.10964156E+02
  0.23500000E+01  0.33844960E-20 -0.11013773E+02
  0.23600000E+01  0.33920698E-20 -0.11063427E+02
  0.23700000E+01  0.33915851E-20 -0.11113118E+02
  0.23800000E+01  0.33983648E-20 -0.11162846E+02
  0.23900000E+01  0.34260456E-20 -0.11212611E+02
  0.24000000E+01  0.34822031E-20 -0.11262414E+02
  0.24100000E+01  0.35657348E-20 -0.11312255E+02
  0.24200000E+01  0.36668940E-20 -0.11362134E+02
  0.24300000E+01  0.37700643E-20 -0.11412051E+02
  0.24400000E+01  0.38584921E-20 -0.11462006E+02
  0.24500000E+01  0.39195389E-20 -0.11512000E+02
  0.24600000E+01  0.39487970E-20 -0.11562032E+02
  0.24700000E+01  0.39517350E-20 -0.11612103E+02
  0.24800000E+01  0.39422914E-20 -0.11662214E+02
  0.24900000E+01  0.39387813E-20 -0.11712363E+02
  0.25000000E+01  0.39583158E-20 -0.11762553E+02
  0.25100000E+01  0.40114149E-20 -0.11812781E+02
  0.25200000E+01  0.40984798E-20 -0.11863050E+02
  0.25300000E+01  0.42092906E-20 -0.11913359E+02
  0.25400000E+01  0.43258094E-20 -0.11963708E+02
  0.25500000E+01  0.44275512E-20 -0.12014098E+02
  0.25600000E+01  0.44979280E-20 -0.12064528E+02
  0.25700000E+01  0.45295853E-20 -0.12114999E+02
  0.25800000E+01  0.45270030E-20 -0.12165511E+02
  0.25900000E+01  0.45054688E-20 -0.12216064E+02
  0.26000000E+01  0.44866647E-20 -0.12266659E+02
  0.26100000E+01  0.44921614E-20 -0.12317296E+02
  0.26200000E+01  0.45367558E-20 -0.12367974E+02
  0.26300000E+01  0.46236685E-20 -0.12418694E+02
  0.26400000E+01  0.47431204E-20 -0.12469457E+02
  0.26500000E+01  0.48748667E-20 -0.12520262E+02
  0.26600000E+01  0.49940889E-20 -0.12571110E+02
  0.26700000E+01  0.50789545E-20 -0.12622001E+02
  0.26800000E+01  0.51175240E-20 -0.12672935E+02
  0.26900000E+01  0.51117900E-20 -0.12723912E+02
  0.27000000E+01  0.50774960E-20 -0.12774932E+02
  0.27100000E+01  0.50397077E-20 -0.12825996E+02
  0.27200000E+01  0.50254246E-20 -0.12877105E+02
  0.27300000E+01  0.50554075E-20 -0.12928257E+02
  0.27400000E+01  0.51376353E-20 -0.12979453E+02
  0.27500000E+01  0.52643928E-20 -0.13030695E+02
  0.27600000E+01  0.54140180E-20 -0.13081980E+02
  0.27700000E+01  0.55570121E-20 -0.13133311E+02
  0.27800000E+01  0.56648415E-20 -0.13184687E+02
  0.27900000E+01  0.57187957E-20 -0.13236108E+02
  0.28000000E+01  0.57161078E-20 -0.13287575E+02
  0.28100000E+01  0.56713326E-20 -0.13339088E+02
  0.28200000E+01  0.56124567E-20 -0.13390647E+02
  0.28300000E+01  0.55728375E-20 -0.13442252E+02
  0.28400000E+01  0.55813041E-20 -0.13493903E+02
  0.28500000E+01  0.56532896E-20 -0.13545601E+02
  0.28600000E+01  0.57856307E-20 -0.13597346E+02
  0.28700000E+01  0.59567411E-20 -0.13649138E+02
  0.28800000E+01  0.61323988E-20 -0.13700977E+02
  0.28900000E+01  0.62756992E-20 -0.13752863E+02
  0.29000000E+01  0.63583024E-20 -0.13804798E+02
  0.29100000E+01  0.63695073E-20 -0.13856780E+02
  0.29200000E+01  0.63202257E-20 -0.13908811E+02
  0.29300000E+01  0.62404766E-20 -0.13960890E+02
  0.29400000E+01  0.61710107E-20 -0.14013017E+02
  0.29500000E+01  0.61514287E-20 -0.14065193E+02
  0.29600000E+01  0.62081844E-20 -0.14117419E+02
  0.29700000E+01  0.63459753E-20 -0.14169693E+02
  0.29800000E+01  0.65452306E-20 -0.14222017E+02
  0.29900000E+01  0.67668368E-20 -0.14274391E+02
  0.30000000E+01  0.69631603E-20 -0.14326815E+02
  0.30100000E+01  0.70923655E-20 -0.14379288E+02
  0.30200000E+01  0.71317161E-20 -0.14431813E+02
  0.30300000E+01  0.70855882E-20 -0.14484387E+02
  0.30400000E+01  0.69854302E-20 -0.14537013E+02
  0.30500000E+01  0.68813640E-20 -0.14589690E+02
  0.30600000E+01  0.68276731E-20 -0.14642418E+02
  0.30700000E+01  0.68662864E-20 -0.14695197E+02
  0.30800000E+01  0.70130974E-20 -0.14748028E+02
  0.30900000E+01  0.72514285E-20 -0.14800912E+02
  0.31000000E+01  0.75351985E-20 -0.14853847E+02
  0.31100000E+01  0.78016273E-20 -0.14906835E+02
  0.31200000E+01  0.79902194E-20 -0.14959875E+02
  0.31300000E+01  0.80623343E-20 -0.15012969E+02
  0.31400000E+01  0.80149238E-20 -0.15066115E+02
  0.31500000E+01  0.78835172E-20 -0.15119315E+02
  0.31600000E+01  0.77328584E-20 -0.15172568E+02
  0.31700000E+01  0.76375723E-20 -0.15225876E+02
  0.31800000E+01  0.76585354E-20 -0.15279237E+02
  0.31900000E+01  0.78222555E-20 -0.15332653E+02
  0.32000000E+01  0.81101003E-20 -0.15386123E+02
  0.32100000E+01  0.84616509E-20 -0.15439648E+02
  0.32200000E+01  0.87922441E-20 -0.15493228E+02
  0.32300000E+01  0.90199418E-20 -0.15546863E+02
  0.32400000E+01  0.90933502E-20 -0.15600554E+02
  0.32500000E+01  0.90105942E-20 -0.15654300E+02
  0.32600000E+01  0.88221959E-20 -0.15708103E+02
  0.32700000E+01  0.86159864E-20 -0.15761961E+02
  0.32800000E+01  0.84885175E-20 -0.15815876E+02
  0.32900000E+01  0.85123750E-20 -0.15869848E+02
  0.33000000E+01  0.87105532E-20 -0.15923877E+02
  0.33100000E+01  0.90470559E-20 -0.15977963E+02
  0.33200000E+01  0.94377109E-20 -0.16032106E+02
  0.33300000E+01  0.97783059E-20 -0.16086308E+02
  0.33400000E+01  0.99807552E-20 -0.16140567E+02
  0.33500000E+01  0.10004469E-19 -0.16194884E+02
  0.33600000E+01  0.98711941E-20 -0.16249260E+02
  0.33700000E+01  0.96573990E-20 -0.16303694E+02
  0.33800000E+01  0.94667842E-20 -0.16358187E+02
  0.33900000E+01  0.93932202E-20 -0.16412740E+02
  0.34000000E+01  0.94881032E-20 -0.16467352E+02
  0.34100000E+01  0.97441991E-20 -0.16522024E+02
  0.34200000E+01  0.10101408E-19 -0.16576755E+02
  0.34300000E+01  0.10471313E-19 -0.16631547E+02
  0.34400000E+01  0.10770344E-19 -0.16686400E+02
  0.34500000E+01  0.10948589E-19 -0.16741313E+02
  0.34600000E+01  0.11003829E-19 -0.16796287E+02
  0.34700000E+01  0.10976914E-19 -0.16851322E+02
  0.34800000E+01  0.10932420E-19 -0.16906419E+02
  0.34900000E+01  0.10934019E-19 -0.16961577E+02
  0.35000000E+01  0.11024802E-19 -0.17016798E+02
  0.35100000E+01  0.11218922E-19 -0.17072081E+02
  0.35200000E+01  0.11504721E-19 -0.17127426E+02
  0.35300000E+01  0.11854474E-19 -0.17182835E+02
  0.35400000E+01  0.12234568E-19 -0.17238306E+02
  0.35500000E+01  0.12612342E-19 -0.17293841E+02
  0.35600000E+01  0.12959732E-19 -0.17349439E+02
  0.35700000E+01  0.13256211E-19 -0.17405101E+02
  0.35800000E+01  0.13492895E-19 -0.17460828E+02
  0.35900000E+01  0.13676897E-19 -0.17516618E+02
  0.36000000E+01  0.13832644E-19 -0.17572474E+02
  0.36100000E+01  0.13997064E-19 -0.17628394E+02
  0.36200000E+01  0.14208528E-19 -0.17684380E+02
  0.36300000E+01  0.14493275E-19 -0.17740431E+02
  0.36400000E+01  0.14855054E-19 -0.17796548E+02
  0.36500000E+01  0.15272612E-19 -0.17852731E+02
  0.36600000E+01  0.15706041E-19 -0.17908980E+02
  0.36700000E+01  0.16109133E-19 -0.17965296E+02
  0.36800000E+01  0.16442867E-19 -0.18021679E+02
  0.36900000E+01  0.16685581E-19 -0.18078129E+02
  0.37000000E+01  0.16837453E-19 -0.18134647E+02
  0.37100000E+01  0.16919022E-19 -0.18191232E+02
  0.37200000E+01  0.16964863E-19 -0.18247885E+02
  0.37300000E+01  0.17014162E-19 -0.18304607E+02
  0.37400000E+01  0.17100289E-19 -0.18361397E+02
  0.37500000E+01  0.17241859E-19 -0.18418256E+02
  0.37600000E+01  0.17437746E-19 -0.18475184E+02
  0.37700000E+01  0.17667714E-19 -0.18532182E+02
  0.37800000E+01  0.17898739E-19 -0.18589249E+02
  0.37900000E+01  0.18095244E-19 -0.18646387E+02
  0.38000000E+01  0.18230188E-19 -0.18703595E+02
  0.38100000E+01  0.18293698E-19 -0.18760873E+02
  0.38200000E+01  0.18296708E-19 -0.18818222E+02
  0.38300000E+01  0.18268613E-19 -0.18875642E+02
  0.38400000E+01  0.18249708E-19 -0.18933134E+02
  0.38500000E+01  0.18280685E-19 -0.18990698E+02
  0.38600000E+01  0.18392246E-19 -0.19048334E+02
  0.38700000E+01  0.18597797E-19 -0.19106042E+02
  0.38800000E+01  0.18891161E-19 -0.19163823E+02
  0.38900000E+01  0.19249917E-19 -0.19221677E+02
  0.39000000E+01  0.19643591E-19 -0.19279604E+02
  0.39100000E+01  0.20044975E-19 -0.19337604E+02
  0.39200000E+01  0.20442320E-19 -0.19395679E+02
  0.39300000E+01  0.20850127E-19 -0.19453828E+02
  0.39400000E+01  0.21316555E-19 -0.19512051E+02
  0.39500000E+01  0.21926049E-19 -0.19570349E+02
  0.39600000E+01  0.22796164E-19 -0.19628722E+02
  0.39700000E+01  0.24067606E-19 -0.19687171E+02
  0.39800000E+01  0.25886437E-19 -0.19745695E+02
  0.39900000E+01  0.28377987E-19 -0.19804295E+02
  0.40000000E+01  0.31614274E-19 -0.19862972E+02
  0.40100000E+01  0.35580785E-19 -0.19921725E+02
  0.40200000E+01  0.40152652E-19 -0.19980556E+02
  0.40300000E+01  0.45091792E-19 -0.20039463E+02
  0.40400000E+01  0.50072806E-19 -0.20098449E+02
  0.40500000E+01  0.54736289E-19 -0.20157512E+02
  0.40600000E+01  0.58757021E-19 -0.20216654E+02
  0.40700000E+01  0.61906839E-19 -0.20275874E+02
  0.40800000E+01  0.64092351E-19 -0.20335173E+02
  0.40900000E+01  0.65356505E-19 -0.20394551E+02
  0.41000000E+01  0.65846508E-19 -0.20454009E+02
  0.41100000E+01  0.65762122E-19 -0.20513546E+02
  0.41200000E+01  0.65303137E-19 -0.20573164E+02
  0.41300000E+01  0.64631602E-19 -0.20632863E+02
  0.41400000E+01  0.63855988E-19 -0.20692642E+02
  0.41500000E+01  0.63035440E-19 -0.20752502E+02
  0.41600000E+01  0.62196160E-19 -0.20812445E+02
  0.41700000E+01  0.61350386E-19 -0.20872468E+02
  0.41800000E+01  0.60510557E-19 -0.20932575E+02
  0.41900000E+01  0.59695218E-19 -0.20992763E+02
  0.42000000E+01  0.58927172E-19 -0.21053035E+02
  0.42100000E+01  0.58226969E-19 -0.21113389E+02
  0.42200000E+01  0.57605628E-19 -0.21173828E+02
  0.42300000E+01  0.57059826E-19 -0.21234350E+02
  0.42400000E+01  0.56571310E-19 -0.21294957E+02
  0.42500000E+01  0.56110738E-19 -0.21355648E+02
  0.42600000E+01  0.55644866E-19 -0.21416424E+02
  0.42700000E+01  0.55145165E-19 -0.21477285E+02
  0.42800000E+01  0.54595523E-19 -0.21538232E+02
  0.42900000E+01  0.53996849E-19 -0.21599265E+02
  0.43000000E+01  0.53367112E-19 -0.21660384E+02
  0.43100000E+01  0.52736650E-19 -0.21721590E+02
  0.43200000E+01  0.52140015E-19 -0.21782883E+02
  0.43300000E+01  0.51606724E-19 -0.21844263E+02
  0.43400000E+01  0.51153511E-19 -0.21905732E+02
  0.43500000E+01  0.50780161E-19 -0.21967288E+02
  0.43600000E+01  0.50469890E-19 -0.22028933E+02
  0.43700000E+01  0.50194049E-19 -0.22090666E+02
  0.43800000E+01  0.49919898E-19 -0.22152489E+02
  0.43900000E+01  0.49619526E-19 -0.22214402E+02
  0.44000000E+01  0.49277593E-19 -0.22276404E+02
  0.44100000E+01  0.48895783E-19 -0.22338497E+02
  0.44200000E+01  0.48492602E-19 -0.22400680E+02
  0.44300000E+01  0.48098453E-19 -0.22462955E+02
  0.44400000E+01  0.47747358E-19 -0.22525321E+02
  0.44500000E+01  0.47467722E-19 -0.22587778E+02
  0.44600000E+01  0.47274743E-19 -0.22650328E+02
  0.44700000E+01  0.47166491E-19 -0.22712971E+02
  0.44800000E+01  0.47124536E-19 -0.22775706E+02
  0.44900000E+01  0.47118880E-19 -0.22838535E+02
  0.45000000E+01  0.47115871E-19 -0.22901457E+02
  0.45100000E+01  0.47087168E-19 -0.22964474E+02
  0.45200000E+01  0.47017431E-19 -0.23027585E+02
  0.45300000E+01  0.46908627E-19 -0.23090790E+02
  0.45400000E+01  0.46779623E-19 -0.23154091E+02
  0.45500000E+01  0.46661067E-19 -0.23217488E+02
  0.45600000E+01  0.46586947E-19 -0.23280981E+02
  0.45700000E+01  0.46585292E-19 -0.23344570E+02
  0.45800000E+01  0.46670603E-19 -0.23408256E+02
  0.45900000E+01  0.46840012E-19 -0.23472039E+02
  0.46000000E+01  0.47074051E-19 -0.23535920E+02
  0.46100000E+01  0.47341713E-19 -0.23599899E+02
  0.46200000E+01  0.47608506E-19 -0.23663977E+02
  0.46300000E+01  0.47845515E-19 -0.23728153E+02
  0.46400000E+01  0.48037148E-19 -0.23792428E+02
  0.46500000E+01  0.48185452E-19 -0.23856803E+02
  0.46600000E+01  0.48309648E-19 -0.23921278E+02
  0.46700000E+01  0.48440892E-19 -0.23985854E+02
  0.46800000E+01  0.48613704E-19 -0.24050530E+02
  0.46900000E+01  0.48856503E-19 -0.24115308E+02
  0.47000000E+01  0.49183925E-19 -0.24180188E+02
  0.47100000E+01  0.49592910E-19 -0.24245169E+02
  0.47200000E+01  0.50063456E-19 -0.24310254E+02
  0.47300000E+01  0.50563731E-19 -0.24375441E+02
  0.47400000E+01  0.51058255E-19 -0.24440732E+02
  0.47500000E+01  0.51517144E-19 -0.24506126E+02
  0.47600000E+01  0.51924065E-19 -0.24571625E+02
  0.47700000E+01  0.52280722E-19 -0.24637228E+02
  0.47800000E+01  0.52606509E-19 -0.24702937E+02
  0.47900000E+01  0.52933268E-19 -0.24768751E+02
  0.48000000E+01  0.53296576E-19 -0.24834671E+02
  0.48100000E+01  0.53726037E-19 -0.24900698E+02
  0.48200000E+01  0.54237275E-19 -0.24966832E+02
  0.48300000E+01  0.54827758E-19 -0.25033072E+02
  0.48400000E+01  0.55477393E-19 -0.25099421E+02
  0.48500000E+01  0.56153609E-19 -0.25165878E+02
  0.48600000E+01  0.56819636E-19 -0.25232443E+02
  0.48700000E+01  0.57443993E-19 -0.25299118E+02
  0.48800000E+01  0.58008840E-19 -0.25365902E+02
  0.48900000E+01  0.58514910E-19 -0.25432797E+02
  0.49000000E+01  0.58981477E-19 -0.25499801E+02
  0.49100000E+01  0.59441179E-19 -0.25566917E+02
  0.49200000E+01  0.59931136E-19 -0.25634144E+02
  0.49300000E+01  0.60482903E-19 -0.25701483E+02
  0.49400000E+01  0.61114050E-19 -0.25768935E+02
  0.49500000E+01  0.61823478E-19 -0.25836499E+02
  0.49600000E+01  0.62591544E-19 -0.25904176E+02
  0.49700000E+01  0.63384920E-19 -0.25971968E+02
  0.49800000E+01  0.64165049E-19 -0.26039873E+02
  0.49900000E+01  0.64898131E-19 -0.26107893E+02
  0.50000000E+01  0.65564050E-19 -0.26176029E+02
  0.50100000E+01  0.66161796E-19 -0.26244280E+02
  0.50200000E+01  0.66709858E-19 -0.26312647E+02
  0.50300000E+01  0.67241423E-19 -0.26381131E+02
  0.50400000E+01  0.67795618E-19 -0.26449732E+02
  0.50500000E+01  0.68407050E-19 -0.26518451E+02
  0.50600000E+01  0.69096434E-19 -0.26587287E+02
  0.50700000E+01  0.69864911E-19 -0.26656243E+02
  0.50800000E+01  0.70693633E-19 -0.26725317E+02
  0.50900000E+01  0.71548655E-19 -0.26794511E+02
  0.51000000E+01  0.72389630E-19 -0.26863826E+02
  0.51100000E+01  0.73179995E-19 -0.26933261E+02
  0.51200000E+01  0.73896214E-19 -0.27002817E+02
  0.51300000E+01  0.74534033E-19 -0.27072494E+02
  0.51400000E+01  0.75110120E-19 -0.27142294E+02
  0.51500000E+01  0.75658212E-19 -0.27212217E+02
  0.51600000E+01  0.76220236E-19 -0.27282263E+02
  0.51700000E+01  0.76834725E-19 -0.27352432E+02
  0.51800000E+01  0.77526144E-19 -0.27422726E+02
  0.51900000E+01  0.78298486E-19 -0.27493144E+02
  0.52000000E+01  0.79134689E-19 -0.27563688E+02
  0.52100000E+01  0.80001281E-19 -0.27634358E+02
  0.52200000E+01  0.80856492E-19 -0.27705154E+02
  0.52300000E+01  0.81660081E-19 -0.27776077E+02
  0.52400000E+01  0.82383341E-19 -0.27847127E+02
  0.52500000E+01  0.83017243E-19 -0.27918306E+02
  0.52600000E+01  0.83576021E-19 -0.27989612E+02
  0.52700000E+01  0.84094043E-19 -0.28061048E+02
  0.52800000E+01  0.84616176E-19 -0.28132614E+02
  0.52900000E+01  0.85184872E-19 -0.28204310E+02
  0.53000000E+01  0.85828671E-19 -0.28276137E+02
  0.53100000E+01  0.86555600E-19 -0.28348095E+02
  0.53200000E+01  0.87352185E-19 -0.28420184E+02
  0.53300000E+01  0.88186894E-19 -0.28492407E+02
  0.53400000E+01  0.89016795E-19 -0.28564762E+02
  0.53500000E+01  0.89797016E-19 -0.28637251E+02
  0.53600000E+01  0.90492231E-19 -0.28709874E+02
  0.53700000E+01  0.91087443E-19 -0.28782631E+02
  0.53800000E+01  0.91593718E-19 -0.28855524E+02
  0.53900000E+01  0.92045515E-19 -0.28928553E+02
  0.54000000E+01  0.92490105E-19 -0.29001719E+02
  0.54100000E+01  0.92973562E-19 -0.29075021E+02
  0.54200000E+01  0.93528876E-19 -0.29148462E+02
  0.54300000E+01  0.94169309E-19 -0.29222040E+02
  0.54400000E+01  0.94886697E-19 -0.29295757E+02
  0.54500000E+01  0.95653072E-19 -0.29369614E+02
  0.54600000E+01  0.96425285E-19 -0.29443611E+02
  0.54700000E+01  0.97153793E-19 -0.29517749E+02
  0.54800000E+01  0.97795684E-19 -0.29592027E+02
  0.54900000E+01  0.98328477E-19 -0.29666448E+02
  0.55000000E+01  0.98758553E-19 -0.29741012E+02
  0.55100000E+01  0.99119441E-19 -0.29815718E+02
  0.55200000E+01  0.99460435E-19 -0.29890568E+02
  0.55300000E+01  0.99831238E-19 -0.29965563E+02
  0.55400000E+01  0.10026936E-18 -0.30040703E+02
  0.55500000E+01  0.10079352E-18 -0.30115988E+02
  0.55600000E+01  0.10140169E-18 -0.30191420E+02
  0.55700000E+01  0.10207128E-18 -0.30266999E+02
  0.55800000E+01  0.10276130E-18 -0.30342725E+02
  0.55900000E+01  0.10341917E-18 -0.30418600E+02
  0.56000000E+01  0.10399415E-18 -0.30494623E+02
  0.56100000E+01  0.10445401E-18 -0.30570796E+02
  0.56200000E+01  0.10479756E-18 -0.30647120E+02
  0.56300000E+01  0.10505566E-18 -0.30723594E+02
  0.56400000E+01  0.10527977E-18 -0.30800220E+02
  0.56500000E+01  0.10552429E-18 -0.30876998E+02
  0.56600000E+01  0.10583164E-18 -0.30953929E+02
  0.56700000E+01  0.10622502E-18 -0.31031014E+02
  0.56800000E+01  0.10670745E-18 -0.31108253E+02
  0.56900000E+01  0.10726242E-18 -0.31185646E+02
  0.57000000E+01  0.10785434E-18 -0.31263196E+02
  0.57100000E+01  0.10843184E-18 -0.31340902E+02
  0.57200000E+01  0.10893840E-18 -0.31418765E+02
  0.57300000E+01  0.10933018E-18 -0.31496786E+02
  0.57400000E+01  0.10959366E-18 -0.31574965E+02
  0.57500000E+01  0.10975274E-18 -0.31653304E+02
  0.57600000E+01  0.10986017E-18 -0.31731802E+02
  0.57700000E+01  0.10997757E-18 -0.31810461E+02
  0.57800000E+01  0.11015525E-18 -0.31889282E+02
  0.57900000E+01  0.11042108E-18 -0.31968264E+02
  0.58000000E+01  0.11078015E-18 -0.32047410E+02
  0.58100000E+01  0.11121898E-18 -0.32126719E+02
  0.58200000E+01  0.11170813E-18 -0.32206192E+02
  0.58300000E+01  0.11220284E-18 -0.32285830E+02
  0.58400000E+01  0.11264756E-18 -0.32365635E+02
  0.58500000E+01  0.11298954E-18 -0.32445605E+02
  0.58600000E+01  0.11319877E-18 -0.32525743E+02
  0.58700000E+01  0.11328386E-18 -0.32606049E+02
  0.58800000E+01  0.11329240E-18 -0.32686525E+02
  0.58900000E+01  0.11329353E-18 -0.32767169E+02
  0.59000000E+01  0.11335160E-18 -0.32847984E+02
  0.59100000E+01  0.11350550E-18 -0.32928971E+02
  0.59200000E+01  0.11376294E-18 -0.33010129E+02
  0.59300000E+01  0.11410755E-18 -0.33091460E+02
  0.59400000E+01  0.11450923E-18 -0.33172965E+02
  0.59500000E+01  0.11492927E-18 -0.33254644E+02
  0.59600000E+01  0.11532104E-18 -0.33336498E+02
  0.59700000E+01  0.11563387E-18 -0.33418529E+02
  0.59800000E+01  0.11582629E-18 -0.33500736E+02
  0.59900000E+01  0.11588534E-18 -0.33583121E+02
  0.60000000E+01  0.11583976E-18 -0.33665684E+02
