! ground state SCF of graphene 27x27 supercell
! monovacancy at center of 27x27 supercell

&CONTROL
  calculation = 'scf'       ! SCF ground state calculation
  prefix      = 'defect_27x27_d'        ! prefix of output files
  outdir      = '/home/gregb26/links/scratch/qe_tmp/defect_27x27_d'   ! directory of tempory files
  pseudo_dir  = '/home/gregb26/links/projects/rrg-cotemich-ac/gregb26/abinit_processing/pseudo' ! directory of pseudo potentials
/
&SYSTEM
  ibrav       = 0        ! specified by CELL_PARAMETERS
  nat         = 1457       ! number of atoms (1457 = 2 x 27 x 27 - 1 vacancy)
  ntyp        = 1        ! number of atom types
  ecutwfc     = 100      ! PW energy cutoff in Ry (1 Ha = 2 Ry)
  occupations = 'smearing'
  smearing    = 'mv'     ! Marzari-Vanderbilt cold smearing
  degauss     = 0.01     ! value of gaussian smearing in Ry
  nbnd        = 3066      ! 5828 valence electrons -> 2914 occupied; adjust as needed
  assume_isolated = '2D' ! helps for 2d systems
/
&ELECTRONS
  electron_maxstep =  400   ! number of iterations in SCF step
  conv_thr         =  1.d-10 ! convergence threshold for self-consistency
  mixing_beta      =  0.3
/

ATOMIC_SPECIES
  C 12.011 C.upf ! atom type and pseudo potential

CELL_PARAMETERS bohr
  108.9582814647  -62.9070931341   0.0000000000
  108.9582814647   62.9070931341   0.0000000000
   0.0000000000             0.0000000000            30.0000000000

ATOMIC_POSITIONS crystal
  C  0.0123456790  0.0123456790  0.0000000000
  C  0.0246913580  0.0246913580  0.0000000000
  C  0.0123456790  0.0493827160  0.0000000000
  C  0.0246913580  0.0617283951  0.0000000000
  C  0.0123456790  0.0864197531  0.0000000000
  C  0.0246913580  0.0987654321  0.0000000000
  C  0.0123456790  0.1234567901  0.0000000000
  C  0.0246913580  0.1358024691  0.0000000000
  C  0.0123456790  0.1604938272  0.0000000000
  C  0.0246913580  0.1728395062  0.0000000000
  C  0.0123456790  0.1975308642  0.0000000000
  C  0.0246913580  0.2098765432  0.0000000000
  C  0.0123456790  0.2345679012  0.0000000000
  C  0.0246913580  0.2469135802  0.0000000000
  C  0.0123456790  0.2716049383  0.0000000000
  C  0.0246913580  0.2839506173  0.0000000000
  C  0.0123456790  0.3086419753  0.0000000000
  C  0.0246913580  0.3209876543  0.0000000000
  C  0.0123456790  0.3456790123  0.0000000000
  C  0.0246913580  0.3580246914  0.0000000000
  C  0.0123456790  0.3827160494  0.0000000000
  C  0.0246913580  0.3950617284  0.0000000000
  C  0.0123456790  0.4197530864  0.0000000000
  C  0.0246913580  0.4320987654  0.0000000000
  C  0.0123456790  0.4567901235  0.0000000000
  C  0.0246913580  0.4691358025  0.0000000000
  C  0.0123456790  0.4938271605  0.0000000000
  C  0.0246913580  0.5061728395  0.0000000000
  C  0.0123456790  0.5308641975  0.0000000000
  C  0.0246913580  0.5432098765  0.0000000000
  C  0.0123456790  0.5679012346  0.0000000000
  C  0.0246913580  0.5802469136  0.0000000000
  C  0.0123456790  0.6049382716  0.0000000000
  C  0.0246913580  0.6172839506  0.0000000000
  C  0.0123456790  0.6419753086  0.0000000000
  C  0.0246913580  0.6543209877  0.0000000000
  C  0.0123456790  0.6790123457  0.0000000000
  C  0.0246913580  0.6913580247  0.0000000000
  C  0.0123456790  0.7160493827  0.0000000000
  C  0.0246913580  0.7283950617  0.0000000000
  C  0.0123456790  0.7530864198  0.0000000000
  C  0.0246913580  0.7654320988  0.0000000000
  C  0.0123456790  0.7901234568  0.0000000000
  C  0.0246913580  0.8024691358  0.0000000000
  C  0.0123456790  0.8271604938  0.0000000000
  C  0.0246913580  0.8395061728  0.0000000000
  C  0.0123456790  0.8641975309  0.0000000000
  C  0.0246913580  0.8765432099  0.0000000000
  C  0.0123456790  0.9012345679  0.0000000000
  C  0.0246913580  0.9135802469  0.0000000000
  C  0.0123456790  0.9382716049  0.0000000000
  C  0.0246913580  0.9506172840  0.0000000000
  C  0.0123456790  0.9753086420  0.0000000000
  C  0.0246913580  0.9876543210  0.0000000000
  C  0.0493827160  0.0123456790  0.0000000000
  C  0.0617283951  0.0246913580  0.0000000000
  C  0.0493827160  0.0493827160  0.0000000000
  C  0.0617283951  0.0617283951  0.0000000000
  C  0.0493827160  0.0864197531  0.0000000000
  C  0.0617283951  0.0987654321  0.0000000000
  C  0.0493827160  0.1234567901  0.0000000000
  C  0.0617283951  0.1358024691  0.0000000000
  C  0.0493827160  0.1604938272  0.0000000000
  C  0.0617283951  0.1728395062  0.0000000000
  C  0.0493827160  0.1975308642  0.0000000000
  C  0.0617283951  0.2098765432  0.0000000000
  C  0.0493827160  0.2345679012  0.0000000000
  C  0.0617283951  0.2469135802  0.0000000000
  C  0.0493827160  0.2716049383  0.0000000000
  C  0.0617283951  0.2839506173  0.0000000000
  C  0.0493827160  0.3086419753  0.0000000000
  C  0.0617283951  0.3209876543  0.0000000000
  C  0.0493827160  0.3456790123  0.0000000000
  C  0.0617283951  0.3580246914  0.0000000000
  C  0.0493827160  0.3827160494  0.0000000000
  C  0.0617283951  0.3950617284  0.0000000000
  C  0.0493827160  0.4197530864  0.0000000000
  C  0.0617283951  0.4320987654  0.0000000000
  C  0.0493827160  0.4567901235  0.0000000000
  C  0.0617283951  0.4691358025  0.0000000000
  C  0.0493827160  0.4938271605  0.0000000000
  C  0.0617283951  0.5061728395  0.0000000000
  C  0.0493827160  0.5308641975  0.0000000000
  C  0.0617283951  0.5432098765  0.0000000000
  C  0.0493827160  0.5679012346  0.0000000000
  C  0.0617283951  0.5802469136  0.0000000000
  C  0.0493827160  0.6049382716  0.0000000000
  C  0.0617283951  0.6172839506  0.0000000000
  C  0.0493827160  0.6419753086  0.0000000000
  C  0.0617283951  0.6543209877  0.0000000000
  C  0.0493827160  0.6790123457  0.0000000000
  C  0.0617283951  0.6913580247  0.0000000000
  C  0.0493827160  0.7160493827  0.0000000000
  C  0.0617283951  0.7283950617  0.0000000000
  C  0.0493827160  0.7530864198  0.0000000000
  C  0.0617283951  0.7654320988  0.0000000000
  C  0.0493827160  0.7901234568  0.0000000000
  C  0.0617283951  0.8024691358  0.0000000000
  C  0.0493827160  0.8271604938  0.0000000000
  C  0.0617283951  0.8395061728  0.0000000000
  C  0.0493827160  0.8641975309  0.0000000000
  C  0.0617283951  0.8765432099  0.0000000000
  C  0.0493827160  0.9012345679  0.0000000000
  C  0.0617283951  0.9135802469  0.0000000000
  C  0.0493827160  0.9382716049  0.0000000000
  C  0.0617283951  0.9506172840  0.0000000000
  C  0.0493827160  0.9753086420  0.0000000000
  C  0.0617283951  0.9876543210  0.0000000000
  C  0.0864197531  0.0123456790  0.0000000000
  C  0.0987654321  0.0246913580  0.0000000000
  C  0.0864197531  0.0493827160  0.0000000000
  C  0.0987654321  0.0617283951  0.0000000000
  C  0.0864197531  0.0864197531  0.0000000000
  C  0.0987654321  0.0987654321  0.0000000000
  C  0.0864197531  0.1234567901  0.0000000000
  C  0.0987654321  0.1358024691  0.0000000000
  C  0.0864197531  0.1604938272  0.0000000000
  C  0.0987654321  0.1728395062  0.0000000000
  C  0.0864197531  0.1975308642  0.0000000000
  C  0.0987654321  0.2098765432  0.0000000000
  C  0.0864197531  0.2345679012  0.0000000000
  C  0.0987654321  0.2469135802  0.0000000000
  C  0.0864197531  0.2716049383  0.0000000000
  C  0.0987654321  0.2839506173  0.0000000000
  C  0.0864197531  0.3086419753  0.0000000000
  C  0.0987654321  0.3209876543  0.0000000000
  C  0.0864197531  0.3456790123  0.0000000000
  C  0.0987654321  0.3580246914  0.0000000000
  C  0.0864197531  0.3827160494  0.0000000000
  C  0.0987654321  0.3950617284  0.0000000000
  C  0.0864197531  0.4197530864  0.0000000000
  C  0.0987654321  0.4320987654  0.0000000000
  C  0.0864197531  0.4567901235  0.0000000000
  C  0.0987654321  0.4691358025  0.0000000000
  C  0.0864197531  0.4938271605  0.0000000000
  C  0.0987654321  0.5061728395  0.0000000000
  C  0.0864197531  0.5308641975  0.0000000000
  C  0.0987654321  0.5432098765  0.0000000000
  C  0.0864197531  0.5679012346  0.0000000000
  C  0.0987654321  0.5802469136  0.0000000000
  C  0.0864197531  0.6049382716  0.0000000000
  C  0.0987654321  0.6172839506  0.0000000000
  C  0.0864197531  0.6419753086  0.0000000000
  C  0.0987654321  0.6543209877  0.0000000000
  C  0.0864197531  0.6790123457  0.0000000000
  C  0.0987654321  0.6913580247  0.0000000000
  C  0.0864197531  0.7160493827  0.0000000000
  C  0.0987654321  0.7283950617  0.0000000000
  C  0.0864197531  0.7530864198  0.0000000000
  C  0.0987654321  0.7654320988  0.0000000000
  C  0.0864197531  0.7901234568  0.0000000000
  C  0.0987654321  0.8024691358  0.0000000000
  C  0.0864197531  0.8271604938  0.0000000000
  C  0.0987654321  0.8395061728  0.0000000000
  C  0.0864197531  0.8641975309  0.0000000000
  C  0.0987654321  0.8765432099  0.0000000000
  C  0.0864197531  0.9012345679  0.0000000000
  C  0.0987654321  0.9135802469  0.0000000000
  C  0.0864197531  0.9382716049  0.0000000000
  C  0.0987654321  0.9506172840  0.0000000000
  C  0.0864197531  0.9753086420  0.0000000000
  C  0.0987654321  0.9876543210  0.0000000000
  C  0.1234567901  0.0123456790  0.0000000000
  C  0.1358024691  0.0246913580  0.0000000000
  C  0.1234567901  0.0493827160  0.0000000000
  C  0.1358024691  0.0617283951  0.0000000000
  C  0.1234567901  0.0864197531  0.0000000000
  C  0.1358024691  0.0987654321  0.0000000000
  C  0.1234567901  0.1234567901  0.0000000000
  C  0.1358024691  0.1358024691  0.0000000000
  C  0.1234567901  0.1604938272  0.0000000000
  C  0.1358024691  0.1728395062  0.0000000000
  C  0.1234567901  0.1975308642  0.0000000000
  C  0.1358024691  0.2098765432  0.0000000000
  C  0.1234567901  0.2345679012  0.0000000000
  C  0.1358024691  0.2469135802  0.0000000000
  C  0.1234567901  0.2716049383  0.0000000000
  C  0.1358024691  0.2839506173  0.0000000000
  C  0.1234567901  0.3086419753  0.0000000000
  C  0.1358024691  0.3209876543  0.0000000000
  C  0.1234567901  0.3456790123  0.0000000000
  C  0.1358024691  0.3580246914  0.0000000000
  C  0.1234567901  0.3827160494  0.0000000000
  C  0.1358024691  0.3950617284  0.0000000000
  C  0.1234567901  0.4197530864  0.0000000000
  C  0.1358024691  0.4320987654  0.0000000000
  C  0.1234567901  0.4567901235  0.0000000000
  C  0.1358024691  0.4691358025  0.0000000000
  C  0.1234567901  0.4938271605  0.0000000000
  C  0.1358024691  0.5061728395  0.0000000000
  C  0.1234567901  0.5308641975  0.0000000000
  C  0.1358024691  0.5432098765  0.0000000000
  C  0.1234567901  0.5679012346  0.0000000000
  C  0.1358024691  0.5802469136  0.0000000000
  C  0.1234567901  0.6049382716  0.0000000000
  C  0.1358024691  0.6172839506  0.0000000000
  C  0.1234567901  0.6419753086  0.0000000000
  C  0.1358024691  0.6543209877  0.0000000000
  C  0.1234567901  0.6790123457  0.0000000000
  C  0.1358024691  0.6913580247  0.0000000000
  C  0.1234567901  0.7160493827  0.0000000000
  C  0.1358024691  0.7283950617  0.0000000000
  C  0.1234567901  0.7530864198  0.0000000000
  C  0.1358024691  0.7654320988  0.0000000000
  C  0.1234567901  0.7901234568  0.0000000000
  C  0.1358024691  0.8024691358  0.0000000000
  C  0.1234567901  0.8271604938  0.0000000000
  C  0.1358024691  0.8395061728  0.0000000000
  C  0.1234567901  0.8641975309  0.0000000000
  C  0.1358024691  0.8765432099  0.0000000000
  C  0.1234567901  0.9012345679  0.0000000000
  C  0.1358024691  0.9135802469  0.0000000000
  C  0.1234567901  0.9382716049  0.0000000000
  C  0.1358024691  0.9506172840  0.0000000000
  C  0.1234567901  0.9753086420  0.0000000000
  C  0.1358024691  0.9876543210  0.0000000000
  C  0.1604938272  0.0123456790  0.0000000000
  C  0.1728395062  0.0246913580  0.0000000000
  C  0.1604938272  0.0493827160  0.0000000000
  C  0.1728395062  0.0617283951  0.0000000000
  C  0.1604938272  0.0864197531  0.0000000000
  C  0.1728395062  0.0987654321  0.0000000000
  C  0.1604938272  0.1234567901  0.0000000000
  C  0.1728395062  0.1358024691  0.0000000000
  C  0.1604938272  0.1604938272  0.0000000000
  C  0.1728395062  0.1728395062  0.0000000000
  C  0.1604938272  0.1975308642  0.0000000000
  C  0.1728395062  0.2098765432  0.0000000000
  C  0.1604938272  0.2345679012  0.0000000000
  C  0.1728395062  0.2469135802  0.0000000000
  C  0.1604938272  0.2716049383  0.0000000000
  C  0.1728395062  0.2839506173  0.0000000000
  C  0.1604938272  0.3086419753  0.0000000000
  C  0.1728395062  0.3209876543  0.0000000000
  C  0.1604938272  0.3456790123  0.0000000000
  C  0.1728395062  0.3580246914  0.0000000000
  C  0.1604938272  0.3827160494  0.0000000000
  C  0.1728395062  0.3950617284  0.0000000000
  C  0.1604938272  0.4197530864  0.0000000000
  C  0.1728395062  0.4320987654  0.0000000000
  C  0.1604938272  0.4567901235  0.0000000000
  C  0.1728395062  0.4691358025  0.0000000000
  C  0.1604938272  0.4938271605  0.0000000000
  C  0.1728395062  0.5061728395  0.0000000000
  C  0.1604938272  0.5308641975  0.0000000000
  C  0.1728395062  0.5432098765  0.0000000000
  C  0.1604938272  0.5679012346  0.0000000000
  C  0.1728395062  0.5802469136  0.0000000000
  C  0.1604938272  0.6049382716  0.0000000000
  C  0.1728395062  0.6172839506  0.0000000000
  C  0.1604938272  0.6419753086  0.0000000000
  C  0.1728395062  0.6543209877  0.0000000000
  C  0.1604938272  0.6790123457  0.0000000000
  C  0.1728395062  0.6913580247  0.0000000000
  C  0.1604938272  0.7160493827  0.0000000000
  C  0.1728395062  0.7283950617  0.0000000000
  C  0.1604938272  0.7530864198  0.0000000000
  C  0.1728395062  0.7654320988  0.0000000000
  C  0.1604938272  0.7901234568  0.0000000000
  C  0.1728395062  0.8024691358  0.0000000000
  C  0.1604938272  0.8271604938  0.0000000000
  C  0.1728395062  0.8395061728  0.0000000000
  C  0.1604938272  0.8641975309  0.0000000000
  C  0.1728395062  0.8765432099  0.0000000000
  C  0.1604938272  0.9012345679  0.0000000000
  C  0.1728395062  0.9135802469  0.0000000000
  C  0.1604938272  0.9382716049  0.0000000000
  C  0.1728395062  0.9506172840  0.0000000000
  C  0.1604938272  0.9753086420  0.0000000000
  C  0.1728395062  0.9876543210  0.0000000000
  C  0.1975308642  0.0123456790  0.0000000000
  C  0.2098765432  0.0246913580  0.0000000000
  C  0.1975308642  0.0493827160  0.0000000000
  C  0.2098765432  0.0617283951  0.0000000000
  C  0.1975308642  0.0864197531  0.0000000000
  C  0.2098765432  0.0987654321  0.0000000000
  C  0.1975308642  0.1234567901  0.0000000000
  C  0.2098765432  0.1358024691  0.0000000000
  C  0.1975308642  0.1604938272  0.0000000000
  C  0.2098765432  0.1728395062  0.0000000000
  C  0.1975308642  0.1975308642  0.0000000000
  C  0.2098765432  0.2098765432  0.0000000000
  C  0.1975308642  0.2345679012  0.0000000000
  C  0.2098765432  0.2469135802  0.0000000000
  C  0.1975308642  0.2716049383  0.0000000000
  C  0.2098765432  0.2839506173  0.0000000000
  C  0.1975308642  0.3086419753  0.0000000000
  C  0.2098765432  0.3209876543  0.0000000000
  C  0.1975308642  0.3456790123  0.0000000000
  C  0.2098765432  0.3580246914  0.0000000000
  C  0.1975308642  0.3827160494  0.0000000000
  C  0.2098765432  0.3950617284  0.0000000000
  C  0.1975308642  0.4197530864  0.0000000000
  C  0.2098765432  0.4320987654  0.0000000000
  C  0.1975308642  0.4567901235  0.0000000000
  C  0.2098765432  0.4691358025  0.0000000000
  C  0.1975308642  0.4938271605  0.0000000000
  C  0.2098765432  0.5061728395  0.0000000000
  C  0.1975308642  0.5308641975  0.0000000000
  C  0.2098765432  0.5432098765  0.0000000000
  C  0.1975308642  0.5679012346  0.0000000000
  C  0.2098765432  0.5802469136  0.0000000000
  C  0.1975308642  0.6049382716  0.0000000000
  C  0.2098765432  0.6172839506  0.0000000000
  C  0.1975308642  0.6419753086  0.0000000000
  C  0.2098765432  0.6543209877  0.0000000000
  C  0.1975308642  0.6790123457  0.0000000000
  C  0.2098765432  0.6913580247  0.0000000000
  C  0.1975308642  0.7160493827  0.0000000000
  C  0.2098765432  0.7283950617  0.0000000000
  C  0.1975308642  0.7530864198  0.0000000000
  C  0.2098765432  0.7654320988  0.0000000000
  C  0.1975308642  0.7901234568  0.0000000000
  C  0.2098765432  0.8024691358  0.0000000000
  C  0.1975308642  0.8271604938  0.0000000000
  C  0.2098765432  0.8395061728  0.0000000000
  C  0.1975308642  0.8641975309  0.0000000000
  C  0.2098765432  0.8765432099  0.0000000000
  C  0.1975308642  0.9012345679  0.0000000000
  C  0.2098765432  0.9135802469  0.0000000000
  C  0.1975308642  0.9382716049  0.0000000000
  C  0.2098765432  0.9506172840  0.0000000000
  C  0.1975308642  0.9753086420  0.0000000000
  C  0.2098765432  0.9876543210  0.0000000000
  C  0.2345679012  0.0123456790  0.0000000000
  C  0.2469135802  0.0246913580  0.0000000000
  C  0.2345679012  0.0493827160  0.0000000000
  C  0.2469135802  0.0617283951  0.0000000000
  C  0.2345679012  0.0864197531  0.0000000000
  C  0.2469135802  0.0987654321  0.0000000000
  C  0.2345679012  0.1234567901  0.0000000000
  C  0.2469135802  0.1358024691  0.0000000000
  C  0.2345679012  0.1604938272  0.0000000000
  C  0.2469135802  0.1728395062  0.0000000000
  C  0.2345679012  0.1975308642  0.0000000000
  C  0.2469135802  0.2098765432  0.0000000000
  C  0.2345679012  0.2345679012  0.0000000000
  C  0.2469135802  0.2469135802  0.0000000000
  C  0.2345679012  0.2716049383  0.0000000000
  C  0.2469135802  0.2839506173  0.0000000000
  C  0.2345679012  0.3086419753  0.0000000000
  C  0.2469135802  0.3209876543  0.0000000000
  C  0.2345679012  0.3456790123  0.0000000000
  C  0.2469135802  0.3580246914  0.0000000000
  C  0.2345679012  0.3827160494  0.0000000000
  C  0.2469135802  0.3950617284  0.0000000000
  C  0.2345679012  0.4197530864  0.0000000000
  C  0.2469135802  0.4320987654  0.0000000000
  C  0.2345679012  0.4567901235  0.0000000000
  C  0.2469135802  0.4691358025  0.0000000000
  C  0.2345679012  0.4938271605  0.0000000000
  C  0.2469135802  0.5061728395  0.0000000000
  C  0.2345679012  0.5308641975  0.0000000000
  C  0.2469135802  0.5432098765  0.0000000000
  C  0.2345679012  0.5679012346  0.0000000000
  C  0.2469135802  0.5802469136  0.0000000000
  C  0.2345679012  0.6049382716  0.0000000000
  C  0.2469135802  0.6172839506  0.0000000000
  C  0.2345679012  0.6419753086  0.0000000000
  C  0.2469135802  0.6543209877  0.0000000000
  C  0.2345679012  0.6790123457  0.0000000000
  C  0.2469135802  0.6913580247  0.0000000000
  C  0.2345679012  0.7160493827  0.0000000000
  C  0.2469135802  0.7283950617  0.0000000000
  C  0.2345679012  0.7530864198  0.0000000000
  C  0.2469135802  0.7654320988  0.0000000000
  C  0.2345679012  0.7901234568  0.0000000000
  C  0.2469135802  0.8024691358  0.0000000000
  C  0.2345679012  0.8271604938  0.0000000000
  C  0.2469135802  0.8395061728  0.0000000000
  C  0.2345679012  0.8641975309  0.0000000000
  C  0.2469135802  0.8765432099  0.0000000000
  C  0.2345679012  0.9012345679  0.0000000000
  C  0.2469135802  0.9135802469  0.0000000000
  C  0.2345679012  0.9382716049  0.0000000000
  C  0.2469135802  0.9506172840  0.0000000000
  C  0.2345679012  0.9753086420  0.0000000000
  C  0.2469135802  0.9876543210  0.0000000000
  C  0.2716049383  0.0123456790  0.0000000000
  C  0.2839506173  0.0246913580  0.0000000000
  C  0.2716049383  0.0493827160  0.0000000000
  C  0.2839506173  0.0617283951  0.0000000000
  C  0.2716049383  0.0864197531  0.0000000000
  C  0.2839506173  0.0987654321  0.0000000000
  C  0.2716049383  0.1234567901  0.0000000000
  C  0.2839506173  0.1358024691  0.0000000000
  C  0.2716049383  0.1604938272  0.0000000000
  C  0.2839506173  0.1728395062  0.0000000000
  C  0.2716049383  0.1975308642  0.0000000000
  C  0.2839506173  0.2098765432  0.0000000000
  C  0.2716049383  0.2345679012  0.0000000000
  C  0.2839506173  0.2469135802  0.0000000000
  C  0.2716049383  0.2716049383  0.0000000000
  C  0.2839506173  0.2839506173  0.0000000000
  C  0.2716049383  0.3086419753  0.0000000000
  C  0.2839506173  0.3209876543  0.0000000000
  C  0.2716049383  0.3456790123  0.0000000000
  C  0.2839506173  0.3580246914  0.0000000000
  C  0.2716049383  0.3827160494  0.0000000000
  C  0.2839506173  0.3950617284  0.0000000000
  C  0.2716049383  0.4197530864  0.0000000000
  C  0.2839506173  0.4320987654  0.0000000000
  C  0.2716049383  0.4567901235  0.0000000000
  C  0.2839506173  0.4691358025  0.0000000000
  C  0.2716049383  0.4938271605  0.0000000000
  C  0.2839506173  0.5061728395  0.0000000000
  C  0.2716049383  0.5308641975  0.0000000000
  C  0.2839506173  0.5432098765  0.0000000000
  C  0.2716049383  0.5679012346  0.0000000000
  C  0.2839506173  0.5802469136  0.0000000000
  C  0.2716049383  0.6049382716  0.0000000000
  C  0.2839506173  0.6172839506  0.0000000000
  C  0.2716049383  0.6419753086  0.0000000000
  C  0.2839506173  0.6543209877  0.0000000000
  C  0.2716049383  0.6790123457  0.0000000000
  C  0.2839506173  0.6913580247  0.0000000000
  C  0.2716049383  0.7160493827  0.0000000000
  C  0.2839506173  0.7283950617  0.0000000000
  C  0.2716049383  0.7530864198  0.0000000000
  C  0.2839506173  0.7654320988  0.0000000000
  C  0.2716049383  0.7901234568  0.0000000000
  C  0.2839506173  0.8024691358  0.0000000000
  C  0.2716049383  0.8271604938  0.0000000000
  C  0.2839506173  0.8395061728  0.0000000000
  C  0.2716049383  0.8641975309  0.0000000000
  C  0.2839506173  0.8765432099  0.0000000000
  C  0.2716049383  0.9012345679  0.0000000000
  C  0.2839506173  0.9135802469  0.0000000000
  C  0.2716049383  0.9382716049  0.0000000000
  C  0.2839506173  0.9506172840  0.0000000000
  C  0.2716049383  0.9753086420  0.0000000000
  C  0.2839506173  0.9876543210  0.0000000000
  C  0.3086419753  0.0123456790  0.0000000000
  C  0.3209876543  0.0246913580  0.0000000000
  C  0.3086419753  0.0493827160  0.0000000000
  C  0.3209876543  0.0617283951  0.0000000000
  C  0.3086419753  0.0864197531  0.0000000000
  C  0.3209876543  0.0987654321  0.0000000000
  C  0.3086419753  0.1234567901  0.0000000000
  C  0.3209876543  0.1358024691  0.0000000000
  C  0.3086419753  0.1604938272  0.0000000000
  C  0.3209876543  0.1728395062  0.0000000000
  C  0.3086419753  0.1975308642  0.0000000000
  C  0.3209876543  0.2098765432  0.0000000000
  C  0.3086419753  0.2345679012  0.0000000000
  C  0.3209876543  0.2469135802  0.0000000000
  C  0.3086419753  0.2716049383  0.0000000000
  C  0.3209876543  0.2839506173  0.0000000000
  C  0.3086419753  0.3086419753  0.0000000000
  C  0.3209876543  0.3209876543  0.0000000000
  C  0.3086419753  0.3456790123  0.0000000000
  C  0.3209876543  0.3580246914  0.0000000000
  C  0.3086419753  0.3827160494  0.0000000000
  C  0.3209876543  0.3950617284  0.0000000000
  C  0.3086419753  0.4197530864  0.0000000000
  C  0.3209876543  0.4320987654  0.0000000000
  C  0.3086419753  0.4567901235  0.0000000000
  C  0.3209876543  0.4691358025  0.0000000000
  C  0.3086419753  0.4938271605  0.0000000000
  C  0.3209876543  0.5061728395  0.0000000000
  C  0.3086419753  0.5308641975  0.0000000000
  C  0.3209876543  0.5432098765  0.0000000000
  C  0.3086419753  0.5679012346  0.0000000000
  C  0.3209876543  0.5802469136  0.0000000000
  C  0.3086419753  0.6049382716  0.0000000000
  C  0.3209876543  0.6172839506  0.0000000000
  C  0.3086419753  0.6419753086  0.0000000000
  C  0.3209876543  0.6543209877  0.0000000000
  C  0.3086419753  0.6790123457  0.0000000000
  C  0.3209876543  0.6913580247  0.0000000000
  C  0.3086419753  0.7160493827  0.0000000000
  C  0.3209876543  0.7283950617  0.0000000000
  C  0.3086419753  0.7530864198  0.0000000000
  C  0.3209876543  0.7654320988  0.0000000000
  C  0.3086419753  0.7901234568  0.0000000000
  C  0.3209876543  0.8024691358  0.0000000000
  C  0.3086419753  0.8271604938  0.0000000000
  C  0.3209876543  0.8395061728  0.0000000000
  C  0.3086419753  0.8641975309  0.0000000000
  C  0.3209876543  0.8765432099  0.0000000000
  C  0.3086419753  0.9012345679  0.0000000000
  C  0.3209876543  0.9135802469  0.0000000000
  C  0.3086419753  0.9382716049  0.0000000000
  C  0.3209876543  0.9506172840  0.0000000000
  C  0.3086419753  0.9753086420  0.0000000000
  C  0.3209876543  0.9876543210  0.0000000000
  C  0.3456790123  0.0123456790  0.0000000000
  C  0.3580246914  0.0246913580  0.0000000000
  C  0.3456790123  0.0493827160  0.0000000000
  C  0.3580246914  0.0617283951  0.0000000000
  C  0.3456790123  0.0864197531  0.0000000000
  C  0.3580246914  0.0987654321  0.0000000000
  C  0.3456790123  0.1234567901  0.0000000000
  C  0.3580246914  0.1358024691  0.0000000000
  C  0.3456790123  0.1604938272  0.0000000000
  C  0.3580246914  0.1728395062  0.0000000000
  C  0.3456790123  0.1975308642  0.0000000000
  C  0.3580246914  0.2098765432  0.0000000000
  C  0.3456790123  0.2345679012  0.0000000000
  C  0.3580246914  0.2469135802  0.0000000000
  C  0.3456790123  0.2716049383  0.0000000000
  C  0.3580246914  0.2839506173  0.0000000000
  C  0.3456790123  0.3086419753  0.0000000000
  C  0.3580246914  0.3209876543  0.0000000000
  C  0.3456790123  0.3456790123  0.0000000000
  C  0.3580246914  0.3580246914  0.0000000000
  C  0.3456790123  0.3827160494  0.0000000000
  C  0.3580246914  0.3950617284  0.0000000000
  C  0.3456790123  0.4197530864  0.0000000000
  C  0.3580246914  0.4320987654  0.0000000000
  C  0.3456790123  0.4567901235  0.0000000000
  C  0.3580246914  0.4691358025  0.0000000000
  C  0.3456790123  0.4938271605  0.0000000000
  C  0.3580246914  0.5061728395  0.0000000000
  C  0.3456790123  0.5308641975  0.0000000000
  C  0.3580246914  0.5432098765  0.0000000000
  C  0.3456790123  0.5679012346  0.0000000000
  C  0.3580246914  0.5802469136  0.0000000000
  C  0.3456790123  0.6049382716  0.0000000000
  C  0.3580246914  0.6172839506  0.0000000000
  C  0.3456790123  0.6419753086  0.0000000000
  C  0.3580246914  0.6543209877  0.0000000000
  C  0.3456790123  0.6790123457  0.0000000000
  C  0.3580246914  0.6913580247  0.0000000000
  C  0.3456790123  0.7160493827  0.0000000000
  C  0.3580246914  0.7283950617  0.0000000000
  C  0.3456790123  0.7530864198  0.0000000000
  C  0.3580246914  0.7654320988  0.0000000000
  C  0.3456790123  0.7901234568  0.0000000000
  C  0.3580246914  0.8024691358  0.0000000000
  C  0.3456790123  0.8271604938  0.0000000000
  C  0.3580246914  0.8395061728  0.0000000000
  C  0.3456790123  0.8641975309  0.0000000000
  C  0.3580246914  0.8765432099  0.0000000000
  C  0.3456790123  0.9012345679  0.0000000000
  C  0.3580246914  0.9135802469  0.0000000000
  C  0.3456790123  0.9382716049  0.0000000000
  C  0.3580246914  0.9506172840  0.0000000000
  C  0.3456790123  0.9753086420  0.0000000000
  C  0.3580246914  0.9876543210  0.0000000000
  C  0.3827160494  0.0123456790  0.0000000000
  C  0.3950617284  0.0246913580  0.0000000000
  C  0.3827160494  0.0493827160  0.0000000000
  C  0.3950617284  0.0617283951  0.0000000000
  C  0.3827160494  0.0864197531  0.0000000000
  C  0.3950617284  0.0987654321  0.0000000000
  C  0.3827160494  0.1234567901  0.0000000000
  C  0.3950617284  0.1358024691  0.0000000000
  C  0.3827160494  0.1604938272  0.0000000000
  C  0.3950617284  0.1728395062  0.0000000000
  C  0.3827160494  0.1975308642  0.0000000000
  C  0.3950617284  0.2098765432  0.0000000000
  C  0.3827160494  0.2345679012  0.0000000000
  C  0.3950617284  0.2469135802  0.0000000000
  C  0.3827160494  0.2716049383  0.0000000000
  C  0.3950617284  0.2839506173  0.0000000000
  C  0.3827160494  0.3086419753  0.0000000000
  C  0.3950617284  0.3209876543  0.0000000000
  C  0.3827160494  0.3456790123  0.0000000000
  C  0.3950617284  0.3580246914  0.0000000000
  C  0.3827160494  0.3827160494  0.0000000000
  C  0.3950617284  0.3950617284  0.0000000000
  C  0.3827160494  0.4197530864  0.0000000000
  C  0.3950617284  0.4320987654  0.0000000000
  C  0.3827160494  0.4567901235  0.0000000000
  C  0.3950617284  0.4691358025  0.0000000000
  C  0.3827160494  0.4938271605  0.0000000000
  C  0.3950617284  0.5061728395  0.0000000000
  C  0.3827160494  0.5308641975  0.0000000000
  C  0.3950617284  0.5432098765  0.0000000000
  C  0.3827160494  0.5679012346  0.0000000000
  C  0.3950617284  0.5802469136  0.0000000000
  C  0.3827160494  0.6049382716  0.0000000000
  C  0.3950617284  0.6172839506  0.0000000000
  C  0.3827160494  0.6419753086  0.0000000000
  C  0.3950617284  0.6543209877  0.0000000000
  C  0.3827160494  0.6790123457  0.0000000000
  C  0.3950617284  0.6913580247  0.0000000000
  C  0.3827160494  0.7160493827  0.0000000000
  C  0.3950617284  0.7283950617  0.0000000000
  C  0.3827160494  0.7530864198  0.0000000000
  C  0.3950617284  0.7654320988  0.0000000000
  C  0.3827160494  0.7901234568  0.0000000000
  C  0.3950617284  0.8024691358  0.0000000000
  C  0.3827160494  0.8271604938  0.0000000000
  C  0.3950617284  0.8395061728  0.0000000000
  C  0.3827160494  0.8641975309  0.0000000000
  C  0.3950617284  0.8765432099  0.0000000000
  C  0.3827160494  0.9012345679  0.0000000000
  C  0.3950617284  0.9135802469  0.0000000000
  C  0.3827160494  0.9382716049  0.0000000000
  C  0.3950617284  0.9506172840  0.0000000000
  C  0.3827160494  0.9753086420  0.0000000000
  C  0.3950617284  0.9876543210  0.0000000000
  C  0.4197530864  0.0123456790  0.0000000000
  C  0.4320987654  0.0246913580  0.0000000000
  C  0.4197530864  0.0493827160  0.0000000000
  C  0.4320987654  0.0617283951  0.0000000000
  C  0.4197530864  0.0864197531  0.0000000000
  C  0.4320987654  0.0987654321  0.0000000000
  C  0.4197530864  0.1234567901  0.0000000000
  C  0.4320987654  0.1358024691  0.0000000000
  C  0.4197530864  0.1604938272  0.0000000000
  C  0.4320987654  0.1728395062  0.0000000000
  C  0.4197530864  0.1975308642  0.0000000000
  C  0.4320987654  0.2098765432  0.0000000000
  C  0.4197530864  0.2345679012  0.0000000000
  C  0.4320987654  0.2469135802  0.0000000000
  C  0.4197530864  0.2716049383  0.0000000000
  C  0.4320987654  0.2839506173  0.0000000000
  C  0.4197530864  0.3086419753  0.0000000000
  C  0.4320987654  0.3209876543  0.0000000000
  C  0.4197530864  0.3456790123  0.0000000000
  C  0.4320987654  0.3580246914  0.0000000000
  C  0.4197530864  0.3827160494  0.0000000000
  C  0.4320987654  0.3950617284  0.0000000000
  C  0.4197530864  0.4197530864  0.0000000000
  C  0.4320987654  0.4320987654  0.0000000000
  C  0.4197530864  0.4567901235  0.0000000000
  C  0.4320987654  0.4691358025  0.0000000000
  C  0.4197530864  0.4938271605  0.0000000000
  C  0.4320987654  0.5061728395  0.0000000000
  C  0.4197530864  0.5308641975  0.0000000000
  C  0.4320987654  0.5432098765  0.0000000000
  C  0.4197530864  0.5679012346  0.0000000000
  C  0.4320987654  0.5802469136  0.0000000000
  C  0.4197530864  0.6049382716  0.0000000000
  C  0.4320987654  0.6172839506  0.0000000000
  C  0.4197530864  0.6419753086  0.0000000000
  C  0.4320987654  0.6543209877  0.0000000000
  C  0.4197530864  0.6790123457  0.0000000000
  C  0.4320987654  0.6913580247  0.0000000000
  C  0.4197530864  0.7160493827  0.0000000000
  C  0.4320987654  0.7283950617  0.0000000000
  C  0.4197530864  0.7530864198  0.0000000000
  C  0.4320987654  0.7654320988  0.0000000000
  C  0.4197530864  0.7901234568  0.0000000000
  C  0.4320987654  0.8024691358  0.0000000000
  C  0.4197530864  0.8271604938  0.0000000000
  C  0.4320987654  0.8395061728  0.0000000000
  C  0.4197530864  0.8641975309  0.0000000000
  C  0.4320987654  0.8765432099  0.0000000000
  C  0.4197530864  0.9012345679  0.0000000000
  C  0.4320987654  0.9135802469  0.0000000000
  C  0.4197530864  0.9382716049  0.0000000000
  C  0.4320987654  0.9506172840  0.0000000000
  C  0.4197530864  0.9753086420  0.0000000000
  C  0.4320987654  0.9876543210  0.0000000000
  C  0.4567901235  0.0123456790  0.0000000000
  C  0.4691358025  0.0246913580  0.0000000000
  C  0.4567901235  0.0493827160  0.0000000000
  C  0.4691358025  0.0617283951  0.0000000000
  C  0.4567901235  0.0864197531  0.0000000000
  C  0.4691358025  0.0987654321  0.0000000000
  C  0.4567901235  0.1234567901  0.0000000000
  C  0.4691358025  0.1358024691  0.0000000000
  C  0.4567901235  0.1604938272  0.0000000000
  C  0.4691358025  0.1728395062  0.0000000000
  C  0.4567901235  0.1975308642  0.0000000000
  C  0.4691358025  0.2098765432  0.0000000000
  C  0.4567901235  0.2345679012  0.0000000000
  C  0.4691358025  0.2469135802  0.0000000000
  C  0.4567901235  0.2716049383  0.0000000000
  C  0.4691358025  0.2839506173  0.0000000000
  C  0.4567901235  0.3086419753  0.0000000000
  C  0.4691358025  0.3209876543  0.0000000000
  C  0.4567901235  0.3456790123  0.0000000000
  C  0.4691358025  0.3580246914  0.0000000000
  C  0.4567901235  0.3827160494  0.0000000000
  C  0.4691358025  0.3950617284  0.0000000000
  C  0.4567901235  0.4197530864  0.0000000000
  C  0.4691358025  0.4320987654  0.0000000000
  C  0.4567901235  0.4567901235  0.0000000000
  C  0.4691358025  0.4691358025  0.0000000000
  C  0.4567901235  0.4938271605  0.0000000000
  C  0.4691358025  0.5061728395  0.0000000000
  C  0.4567901235  0.5308641975  0.0000000000
  C  0.4691358025  0.5432098765  0.0000000000
  C  0.4567901235  0.5679012346  0.0000000000
  C  0.4691358025  0.5802469136  0.0000000000
  C  0.4567901235  0.6049382716  0.0000000000
  C  0.4691358025  0.6172839506  0.0000000000
  C  0.4567901235  0.6419753086  0.0000000000
  C  0.4691358025  0.6543209877  0.0000000000
  C  0.4567901235  0.6790123457  0.0000000000
  C  0.4691358025  0.6913580247  0.0000000000
  C  0.4567901235  0.7160493827  0.0000000000
  C  0.4691358025  0.7283950617  0.0000000000
  C  0.4567901235  0.7530864198  0.0000000000
  C  0.4691358025  0.7654320988  0.0000000000
  C  0.4567901235  0.7901234568  0.0000000000
  C  0.4691358025  0.8024691358  0.0000000000
  C  0.4567901235  0.8271604938  0.0000000000
  C  0.4691358025  0.8395061728  0.0000000000
  C  0.4567901235  0.8641975309  0.0000000000
  C  0.4691358025  0.8765432099  0.0000000000
  C  0.4567901235  0.9012345679  0.0000000000
  C  0.4691358025  0.9135802469  0.0000000000
  C  0.4567901235  0.9382716049  0.0000000000
  C  0.4691358025  0.9506172840  0.0000000000
  C  0.4567901235  0.9753086420  0.0000000000
  C  0.4691358025  0.9876543210  0.0000000000
  C  0.4938271605  0.0123456790  0.0000000000
  C  0.5061728395  0.0246913580  0.0000000000
  C  0.4938271605  0.0493827160  0.0000000000
  C  0.5061728395  0.0617283951  0.0000000000
  C  0.4938271605  0.0864197531  0.0000000000
  C  0.5061728395  0.0987654321  0.0000000000
  C  0.4938271605  0.1234567901  0.0000000000
  C  0.5061728395  0.1358024691  0.0000000000
  C  0.4938271605  0.1604938272  0.0000000000
  C  0.5061728395  0.1728395062  0.0000000000
  C  0.4938271605  0.1975308642  0.0000000000
  C  0.5061728395  0.2098765432  0.0000000000
  C  0.4938271605  0.2345679012  0.0000000000
  C  0.5061728395  0.2469135802  0.0000000000
  C  0.4938271605  0.2716049383  0.0000000000
  C  0.5061728395  0.2839506173  0.0000000000
  C  0.4938271605  0.3086419753  0.0000000000
  C  0.5061728395  0.3209876543  0.0000000000
  C  0.4938271605  0.3456790123  0.0000000000
  C  0.5061728395  0.3580246914  0.0000000000
  C  0.4938271605  0.3827160494  0.0000000000
  C  0.5061728395  0.3950617284  0.0000000000
  C  0.4938271605  0.4197530864  0.0000000000
  C  0.5061728395  0.4320987654  0.0000000000
  C  0.4938271605  0.4567901235  0.0000000000
  C  0.5061728395  0.4691358025  0.0000000000
  C  0.5061728395  0.5061728395  0.0000000000
  C  0.4938271605  0.5308641975  0.0000000000
  C  0.5061728395  0.5432098765  0.0000000000
  C  0.4938271605  0.5679012346  0.0000000000
  C  0.5061728395  0.5802469136  0.0000000000
  C  0.4938271605  0.6049382716  0.0000000000
  C  0.5061728395  0.6172839506  0.0000000000
  C  0.4938271605  0.6419753086  0.0000000000
  C  0.5061728395  0.6543209877  0.0000000000
  C  0.4938271605  0.6790123457  0.0000000000
  C  0.5061728395  0.6913580247  0.0000000000
  C  0.4938271605  0.7160493827  0.0000000000
  C  0.5061728395  0.7283950617  0.0000000000
  C  0.4938271605  0.7530864198  0.0000000000
  C  0.5061728395  0.7654320988  0.0000000000
  C  0.4938271605  0.7901234568  0.0000000000
  C  0.5061728395  0.8024691358  0.0000000000
  C  0.4938271605  0.8271604938  0.0000000000
  C  0.5061728395  0.8395061728  0.0000000000
  C  0.4938271605  0.8641975309  0.0000000000
  C  0.5061728395  0.8765432099  0.0000000000
  C  0.4938271605  0.9012345679  0.0000000000
  C  0.5061728395  0.9135802469  0.0000000000
  C  0.4938271605  0.9382716049  0.0000000000
  C  0.5061728395  0.9506172840  0.0000000000
  C  0.4938271605  0.9753086420  0.0000000000
  C  0.5061728395  0.9876543210  0.0000000000
  C  0.5308641975  0.0123456790  0.0000000000
  C  0.5432098765  0.0246913580  0.0000000000
  C  0.5308641975  0.0493827160  0.0000000000
  C  0.5432098765  0.0617283951  0.0000000000
  C  0.5308641975  0.0864197531  0.0000000000
  C  0.5432098765  0.0987654321  0.0000000000
  C  0.5308641975  0.1234567901  0.0000000000
  C  0.5432098765  0.1358024691  0.0000000000
  C  0.5308641975  0.1604938272  0.0000000000
  C  0.5432098765  0.1728395062  0.0000000000
  C  0.5308641975  0.1975308642  0.0000000000
  C  0.5432098765  0.2098765432  0.0000000000
  C  0.5308641975  0.2345679012  0.0000000000
  C  0.5432098765  0.2469135802  0.0000000000
  C  0.5308641975  0.2716049383  0.0000000000
  C  0.5432098765  0.2839506173  0.0000000000
  C  0.5308641975  0.3086419753  0.0000000000
  C  0.5432098765  0.3209876543  0.0000000000
  C  0.5308641975  0.3456790123  0.0000000000
  C  0.5432098765  0.3580246914  0.0000000000
  C  0.5308641975  0.3827160494  0.0000000000
  C  0.5432098765  0.3950617284  0.0000000000
  C  0.5308641975  0.4197530864  0.0000000000
  C  0.5432098765  0.4320987654  0.0000000000
  C  0.5308641975  0.4567901235  0.0000000000
  C  0.5432098765  0.4691358025  0.0000000000
  C  0.5308641975  0.4938271605  0.0000000000
  C  0.5432098765  0.5061728395  0.0000000000
  C  0.5308641975  0.5308641975  0.0000000000
  C  0.5432098765  0.5432098765  0.0000000000
  C  0.5308641975  0.5679012346  0.0000000000
  C  0.5432098765  0.5802469136  0.0000000000
  C  0.5308641975  0.6049382716  0.0000000000
  C  0.5432098765  0.6172839506  0.0000000000
  C  0.5308641975  0.6419753086  0.0000000000
  C  0.5432098765  0.6543209877  0.0000000000
  C  0.5308641975  0.6790123457  0.0000000000
  C  0.5432098765  0.6913580247  0.0000000000
  C  0.5308641975  0.7160493827  0.0000000000
  C  0.5432098765  0.7283950617  0.0000000000
  C  0.5308641975  0.7530864198  0.0000000000
  C  0.5432098765  0.7654320988  0.0000000000
  C  0.5308641975  0.7901234568  0.0000000000
  C  0.5432098765  0.8024691358  0.0000000000
  C  0.5308641975  0.8271604938  0.0000000000
  C  0.5432098765  0.8395061728  0.0000000000
  C  0.5308641975  0.8641975309  0.0000000000
  C  0.5432098765  0.8765432099  0.0000000000
  C  0.5308641975  0.9012345679  0.0000000000
  C  0.5432098765  0.9135802469  0.0000000000
  C  0.5308641975  0.9382716049  0.0000000000
  C  0.5432098765  0.9506172840  0.0000000000
  C  0.5308641975  0.9753086420  0.0000000000
  C  0.5432098765  0.9876543210  0.0000000000
  C  0.5679012346  0.0123456790  0.0000000000
  C  0.5802469136  0.0246913580  0.0000000000
  C  0.5679012346  0.0493827160  0.0000000000
  C  0.5802469136  0.0617283951  0.0000000000
  C  0.5679012346  0.0864197531  0.0000000000
  C  0.5802469136  0.0987654321  0.0000000000
  C  0.5679012346  0.1234567901  0.0000000000
  C  0.5802469136  0.1358024691  0.0000000000
  C  0.5679012346  0.1604938272  0.0000000000
  C  0.5802469136  0.1728395062  0.0000000000
  C  0.5679012346  0.1975308642  0.0000000000
  C  0.5802469136  0.2098765432  0.0000000000
  C  0.5679012346  0.2345679012  0.0000000000
  C  0.5802469136  0.2469135802  0.0000000000
  C  0.5679012346  0.2716049383  0.0000000000
  C  0.5802469136  0.2839506173  0.0000000000
  C  0.5679012346  0.3086419753  0.0000000000
  C  0.5802469136  0.3209876543  0.0000000000
  C  0.5679012346  0.3456790123  0.0000000000
  C  0.5802469136  0.3580246914  0.0000000000
  C  0.5679012346  0.3827160494  0.0000000000
  C  0.5802469136  0.3950617284  0.0000000000
  C  0.5679012346  0.4197530864  0.0000000000
  C  0.5802469136  0.4320987654  0.0000000000
  C  0.5679012346  0.4567901235  0.0000000000
  C  0.5802469136  0.4691358025  0.0000000000
  C  0.5679012346  0.4938271605  0.0000000000
  C  0.5802469136  0.5061728395  0.0000000000
  C  0.5679012346  0.5308641975  0.0000000000
  C  0.5802469136  0.5432098765  0.0000000000
  C  0.5679012346  0.5679012346  0.0000000000
  C  0.5802469136  0.5802469136  0.0000000000
  C  0.5679012346  0.6049382716  0.0000000000
  C  0.5802469136  0.6172839506  0.0000000000
  C  0.5679012346  0.6419753086  0.0000000000
  C  0.5802469136  0.6543209877  0.0000000000
  C  0.5679012346  0.6790123457  0.0000000000
  C  0.5802469136  0.6913580247  0.0000000000
  C  0.5679012346  0.7160493827  0.0000000000
  C  0.5802469136  0.7283950617  0.0000000000
  C  0.5679012346  0.7530864198  0.0000000000
  C  0.5802469136  0.7654320988  0.0000000000
  C  0.5679012346  0.7901234568  0.0000000000
  C  0.5802469136  0.8024691358  0.0000000000
  C  0.5679012346  0.8271604938  0.0000000000
  C  0.5802469136  0.8395061728  0.0000000000
  C  0.5679012346  0.8641975309  0.0000000000
  C  0.5802469136  0.8765432099  0.0000000000
  C  0.5679012346  0.9012345679  0.0000000000
  C  0.5802469136  0.9135802469  0.0000000000
  C  0.5679012346  0.9382716049  0.0000000000
  C  0.5802469136  0.9506172840  0.0000000000
  C  0.5679012346  0.9753086420  0.0000000000
  C  0.5802469136  0.9876543210  0.0000000000
  C  0.6049382716  0.0123456790  0.0000000000
  C  0.6172839506  0.0246913580  0.0000000000
  C  0.6049382716  0.0493827160  0.0000000000
  C  0.6172839506  0.0617283951  0.0000000000
  C  0.6049382716  0.0864197531  0.0000000000
  C  0.6172839506  0.0987654321  0.0000000000
  C  0.6049382716  0.1234567901  0.0000000000
  C  0.6172839506  0.1358024691  0.0000000000
  C  0.6049382716  0.1604938272  0.0000000000
  C  0.6172839506  0.1728395062  0.0000000000
  C  0.6049382716  0.1975308642  0.0000000000
  C  0.6172839506  0.2098765432  0.0000000000
  C  0.6049382716  0.2345679012  0.0000000000
  C  0.6172839506  0.2469135802  0.0000000000
  C  0.6049382716  0.2716049383  0.0000000000
  C  0.6172839506  0.2839506173  0.0000000000
  C  0.6049382716  0.3086419753  0.0000000000
  C  0.6172839506  0.3209876543  0.0000000000
  C  0.6049382716  0.3456790123  0.0000000000
  C  0.6172839506  0.3580246914  0.0000000000
  C  0.6049382716  0.3827160494  0.0000000000
  C  0.6172839506  0.3950617284  0.0000000000
  C  0.6049382716  0.4197530864  0.0000000000
  C  0.6172839506  0.4320987654  0.0000000000
  C  0.6049382716  0.4567901235  0.0000000000
  C  0.6172839506  0.4691358025  0.0000000000
  C  0.6049382716  0.4938271605  0.0000000000
  C  0.6172839506  0.5061728395  0.0000000000
  C  0.6049382716  0.5308641975  0.0000000000
  C  0.6172839506  0.5432098765  0.0000000000
  C  0.6049382716  0.5679012346  0.0000000000
  C  0.6172839506  0.5802469136  0.0000000000
  C  0.6049382716  0.6049382716  0.0000000000
  C  0.6172839506  0.6172839506  0.0000000000
  C  0.6049382716  0.6419753086  0.0000000000
  C  0.6172839506  0.6543209877  0.0000000000
  C  0.6049382716  0.6790123457  0.0000000000
  C  0.6172839506  0.6913580247  0.0000000000
  C  0.6049382716  0.7160493827  0.0000000000
  C  0.6172839506  0.7283950617  0.0000000000
  C  0.6049382716  0.7530864198  0.0000000000
  C  0.6172839506  0.7654320988  0.0000000000
  C  0.6049382716  0.7901234568  0.0000000000
  C  0.6172839506  0.8024691358  0.0000000000
  C  0.6049382716  0.8271604938  0.0000000000
  C  0.6172839506  0.8395061728  0.0000000000
  C  0.6049382716  0.8641975309  0.0000000000
  C  0.6172839506  0.8765432099  0.0000000000
  C  0.6049382716  0.9012345679  0.0000000000
  C  0.6172839506  0.9135802469  0.0000000000
  C  0.6049382716  0.9382716049  0.0000000000
  C  0.6172839506  0.9506172840  0.0000000000
  C  0.6049382716  0.9753086420  0.0000000000
  C  0.6172839506  0.9876543210  0.0000000000
  C  0.6419753086  0.0123456790  0.0000000000
  C  0.6543209877  0.0246913580  0.0000000000
  C  0.6419753086  0.0493827160  0.0000000000
  C  0.6543209877  0.0617283951  0.0000000000
  C  0.6419753086  0.0864197531  0.0000000000
  C  0.6543209877  0.0987654321  0.0000000000
  C  0.6419753086  0.1234567901  0.0000000000
  C  0.6543209877  0.1358024691  0.0000000000
  C  0.6419753086  0.1604938272  0.0000000000
  C  0.6543209877  0.1728395062  0.0000000000
  C  0.6419753086  0.1975308642  0.0000000000
  C  0.6543209877  0.2098765432  0.0000000000
  C  0.6419753086  0.2345679012  0.0000000000
  C  0.6543209877  0.2469135802  0.0000000000
  C  0.6419753086  0.2716049383  0.0000000000
  C  0.6543209877  0.2839506173  0.0000000000
  C  0.6419753086  0.3086419753  0.0000000000
  C  0.6543209877  0.3209876543  0.0000000000
  C  0.6419753086  0.3456790123  0.0000000000
  C  0.6543209877  0.3580246914  0.0000000000
  C  0.6419753086  0.3827160494  0.0000000000
  C  0.6543209877  0.3950617284  0.0000000000
  C  0.6419753086  0.4197530864  0.0000000000
  C  0.6543209877  0.4320987654  0.0000000000
  C  0.6419753086  0.4567901235  0.0000000000
  C  0.6543209877  0.4691358025  0.0000000000
  C  0.6419753086  0.4938271605  0.0000000000
  C  0.6543209877  0.5061728395  0.0000000000
  C  0.6419753086  0.5308641975  0.0000000000
  C  0.6543209877  0.5432098765  0.0000000000
  C  0.6419753086  0.5679012346  0.0000000000
  C  0.6543209877  0.5802469136  0.0000000000
  C  0.6419753086  0.6049382716  0.0000000000
  C  0.6543209877  0.6172839506  0.0000000000
  C  0.6419753086  0.6419753086  0.0000000000
  C  0.6543209877  0.6543209877  0.0000000000
  C  0.6419753086  0.6790123457  0.0000000000
  C  0.6543209877  0.6913580247  0.0000000000
  C  0.6419753086  0.7160493827  0.0000000000
  C  0.6543209877  0.7283950617  0.0000000000
  C  0.6419753086  0.7530864198  0.0000000000
  C  0.6543209877  0.7654320988  0.0000000000
  C  0.6419753086  0.7901234568  0.0000000000
  C  0.6543209877  0.8024691358  0.0000000000
  C  0.6419753086  0.8271604938  0.0000000000
  C  0.6543209877  0.8395061728  0.0000000000
  C  0.6419753086  0.8641975309  0.0000000000
  C  0.6543209877  0.8765432099  0.0000000000
  C  0.6419753086  0.9012345679  0.0000000000
  C  0.6543209877  0.9135802469  0.0000000000
  C  0.6419753086  0.9382716049  0.0000000000
  C  0.6543209877  0.9506172840  0.0000000000
  C  0.6419753086  0.9753086420  0.0000000000
  C  0.6543209877  0.9876543210  0.0000000000
  C  0.6790123457  0.0123456790  0.0000000000
  C  0.6913580247  0.0246913580  0.0000000000
  C  0.6790123457  0.0493827160  0.0000000000
  C  0.6913580247  0.0617283951  0.0000000000
  C  0.6790123457  0.0864197531  0.0000000000
  C  0.6913580247  0.0987654321  0.0000000000
  C  0.6790123457  0.1234567901  0.0000000000
  C  0.6913580247  0.1358024691  0.0000000000
  C  0.6790123457  0.1604938272  0.0000000000
  C  0.6913580247  0.1728395062  0.0000000000
  C  0.6790123457  0.1975308642  0.0000000000
  C  0.6913580247  0.2098765432  0.0000000000
  C  0.6790123457  0.2345679012  0.0000000000
  C  0.6913580247  0.2469135802  0.0000000000
  C  0.6790123457  0.2716049383  0.0000000000
  C  0.6913580247  0.2839506173  0.0000000000
  C  0.6790123457  0.3086419753  0.0000000000
  C  0.6913580247  0.3209876543  0.0000000000
  C  0.6790123457  0.3456790123  0.0000000000
  C  0.6913580247  0.3580246914  0.0000000000
  C  0.6790123457  0.3827160494  0.0000000000
  C  0.6913580247  0.3950617284  0.0000000000
  C  0.6790123457  0.4197530864  0.0000000000
  C  0.6913580247  0.4320987654  0.0000000000
  C  0.6790123457  0.4567901235  0.0000000000
  C  0.6913580247  0.4691358025  0.0000000000
  C  0.6790123457  0.4938271605  0.0000000000
  C  0.6913580247  0.5061728395  0.0000000000
  C  0.6790123457  0.5308641975  0.0000000000
  C  0.6913580247  0.5432098765  0.0000000000
  C  0.6790123457  0.5679012346  0.0000000000
  C  0.6913580247  0.5802469136  0.0000000000
  C  0.6790123457  0.6049382716  0.0000000000
  C  0.6913580247  0.6172839506  0.0000000000
  C  0.6790123457  0.6419753086  0.0000000000
  C  0.6913580247  0.6543209877  0.0000000000
  C  0.6790123457  0.6790123457  0.0000000000
  C  0.6913580247  0.6913580247  0.0000000000
  C  0.6790123457  0.7160493827  0.0000000000
  C  0.6913580247  0.7283950617  0.0000000000
  C  0.6790123457  0.7530864198  0.0000000000
  C  0.6913580247  0.7654320988  0.0000000000
  C  0.6790123457  0.7901234568  0.0000000000
  C  0.6913580247  0.8024691358  0.0000000000
  C  0.6790123457  0.8271604938  0.0000000000
  C  0.6913580247  0.8395061728  0.0000000000
  C  0.6790123457  0.8641975309  0.0000000000
  C  0.6913580247  0.8765432099  0.0000000000
  C  0.6790123457  0.9012345679  0.0000000000
  C  0.6913580247  0.9135802469  0.0000000000
  C  0.6790123457  0.9382716049  0.0000000000
  C  0.6913580247  0.9506172840  0.0000000000
  C  0.6790123457  0.9753086420  0.0000000000
  C  0.6913580247  0.9876543210  0.0000000000
  C  0.7160493827  0.0123456790  0.0000000000
  C  0.7283950617  0.0246913580  0.0000000000
  C  0.7160493827  0.0493827160  0.0000000000
  C  0.7283950617  0.0617283951  0.0000000000
  C  0.7160493827  0.0864197531  0.0000000000
  C  0.7283950617  0.0987654321  0.0000000000
  C  0.7160493827  0.1234567901  0.0000000000
  C  0.7283950617  0.1358024691  0.0000000000
  C  0.7160493827  0.1604938272  0.0000000000
  C  0.7283950617  0.1728395062  0.0000000000
  C  0.7160493827  0.1975308642  0.0000000000
  C  0.7283950617  0.2098765432  0.0000000000
  C  0.7160493827  0.2345679012  0.0000000000
  C  0.7283950617  0.2469135802  0.0000000000
  C  0.7160493827  0.2716049383  0.0000000000
  C  0.7283950617  0.2839506173  0.0000000000
  C  0.7160493827  0.3086419753  0.0000000000
  C  0.7283950617  0.3209876543  0.0000000000
  C  0.7160493827  0.3456790123  0.0000000000
  C  0.7283950617  0.3580246914  0.0000000000
  C  0.7160493827  0.3827160494  0.0000000000
  C  0.7283950617  0.3950617284  0.0000000000
  C  0.7160493827  0.4197530864  0.0000000000
  C  0.7283950617  0.4320987654  0.0000000000
  C  0.7160493827  0.4567901235  0.0000000000
  C  0.7283950617  0.4691358025  0.0000000000
  C  0.7160493827  0.4938271605  0.0000000000
  C  0.7283950617  0.5061728395  0.0000000000
  C  0.7160493827  0.5308641975  0.0000000000
  C  0.7283950617  0.5432098765  0.0000000000
  C  0.7160493827  0.5679012346  0.0000000000
  C  0.7283950617  0.5802469136  0.0000000000
  C  0.7160493827  0.6049382716  0.0000000000
  C  0.7283950617  0.6172839506  0.0000000000
  C  0.7160493827  0.6419753086  0.0000000000
  C  0.7283950617  0.6543209877  0.0000000000
  C  0.7160493827  0.6790123457  0.0000000000
  C  0.7283950617  0.6913580247  0.0000000000
  C  0.7160493827  0.7160493827  0.0000000000
  C  0.7283950617  0.7283950617  0.0000000000
  C  0.7160493827  0.7530864198  0.0000000000
  C  0.7283950617  0.7654320988  0.0000000000
  C  0.7160493827  0.7901234568  0.0000000000
  C  0.7283950617  0.8024691358  0.0000000000
  C  0.7160493827  0.8271604938  0.0000000000
  C  0.7283950617  0.8395061728  0.0000000000
  C  0.7160493827  0.8641975309  0.0000000000
  C  0.7283950617  0.8765432099  0.0000000000
  C  0.7160493827  0.9012345679  0.0000000000
  C  0.7283950617  0.9135802469  0.0000000000
  C  0.7160493827  0.9382716049  0.0000000000
  C  0.7283950617  0.9506172840  0.0000000000
  C  0.7160493827  0.9753086420  0.0000000000
  C  0.7283950617  0.9876543210  0.0000000000
  C  0.7530864198  0.0123456790  0.0000000000
  C  0.7654320988  0.0246913580  0.0000000000
  C  0.7530864198  0.0493827160  0.0000000000
  C  0.7654320988  0.0617283951  0.0000000000
  C  0.7530864198  0.0864197531  0.0000000000
  C  0.7654320988  0.0987654321  0.0000000000
  C  0.7530864198  0.1234567901  0.0000000000
  C  0.7654320988  0.1358024691  0.0000000000
  C  0.7530864198  0.1604938272  0.0000000000
  C  0.7654320988  0.1728395062  0.0000000000
  C  0.7530864198  0.1975308642  0.0000000000
  C  0.7654320988  0.2098765432  0.0000000000
  C  0.7530864198  0.2345679012  0.0000000000
  C  0.7654320988  0.2469135802  0.0000000000
  C  0.7530864198  0.2716049383  0.0000000000
  C  0.7654320988  0.2839506173  0.0000000000
  C  0.7530864198  0.3086419753  0.0000000000
  C  0.7654320988  0.3209876543  0.0000000000
  C  0.7530864198  0.3456790123  0.0000000000
  C  0.7654320988  0.3580246914  0.0000000000
  C  0.7530864198  0.3827160494  0.0000000000
  C  0.7654320988  0.3950617284  0.0000000000
  C  0.7530864198  0.4197530864  0.0000000000
  C  0.7654320988  0.4320987654  0.0000000000
  C  0.7530864198  0.4567901235  0.0000000000
  C  0.7654320988  0.4691358025  0.0000000000
  C  0.7530864198  0.4938271605  0.0000000000
  C  0.7654320988  0.5061728395  0.0000000000
  C  0.7530864198  0.5308641975  0.0000000000
  C  0.7654320988  0.5432098765  0.0000000000
  C  0.7530864198  0.5679012346  0.0000000000
  C  0.7654320988  0.5802469136  0.0000000000
  C  0.7530864198  0.6049382716  0.0000000000
  C  0.7654320988  0.6172839506  0.0000000000
  C  0.7530864198  0.6419753086  0.0000000000
  C  0.7654320988  0.6543209877  0.0000000000
  C  0.7530864198  0.6790123457  0.0000000000
  C  0.7654320988  0.6913580247  0.0000000000
  C  0.7530864198  0.7160493827  0.0000000000
  C  0.7654320988  0.7283950617  0.0000000000
  C  0.7530864198  0.7530864198  0.0000000000
  C  0.7654320988  0.7654320988  0.0000000000
  C  0.7530864198  0.7901234568  0.0000000000
  C  0.7654320988  0.8024691358  0.0000000000
  C  0.7530864198  0.8271604938  0.0000000000
  C  0.7654320988  0.8395061728  0.0000000000
  C  0.7530864198  0.8641975309  0.0000000000
  C  0.7654320988  0.8765432099  0.0000000000
  C  0.7530864198  0.9012345679  0.0000000000
  C  0.7654320988  0.9135802469  0.0000000000
  C  0.7530864198  0.9382716049  0.0000000000
  C  0.7654320988  0.9506172840  0.0000000000
  C  0.7530864198  0.9753086420  0.0000000000
  C  0.7654320988  0.9876543210  0.0000000000
  C  0.7901234568  0.0123456790  0.0000000000
  C  0.8024691358  0.0246913580  0.0000000000
  C  0.7901234568  0.0493827160  0.0000000000
  C  0.8024691358  0.0617283951  0.0000000000
  C  0.7901234568  0.0864197531  0.0000000000
  C  0.8024691358  0.0987654321  0.0000000000
  C  0.7901234568  0.1234567901  0.0000000000
  C  0.8024691358  0.1358024691  0.0000000000
  C  0.7901234568  0.1604938272  0.0000000000
  C  0.8024691358  0.1728395062  0.0000000000
  C  0.7901234568  0.1975308642  0.0000000000
  C  0.8024691358  0.2098765432  0.0000000000
  C  0.7901234568  0.2345679012  0.0000000000
  C  0.8024691358  0.2469135802  0.0000000000
  C  0.7901234568  0.2716049383  0.0000000000
  C  0.8024691358  0.2839506173  0.0000000000
  C  0.7901234568  0.3086419753  0.0000000000
  C  0.8024691358  0.3209876543  0.0000000000
  C  0.7901234568  0.3456790123  0.0000000000
  C  0.8024691358  0.3580246914  0.0000000000
  C  0.7901234568  0.3827160494  0.0000000000
  C  0.8024691358  0.3950617284  0.0000000000
  C  0.7901234568  0.4197530864  0.0000000000
  C  0.8024691358  0.4320987654  0.0000000000
  C  0.7901234568  0.4567901235  0.0000000000
  C  0.8024691358  0.4691358025  0.0000000000
  C  0.7901234568  0.4938271605  0.0000000000
  C  0.8024691358  0.5061728395  0.0000000000
  C  0.7901234568  0.5308641975  0.0000000000
  C  0.8024691358  0.5432098765  0.0000000000
  C  0.7901234568  0.5679012346  0.0000000000
  C  0.8024691358  0.5802469136  0.0000000000
  C  0.7901234568  0.6049382716  0.0000000000
  C  0.8024691358  0.6172839506  0.0000000000
  C  0.7901234568  0.6419753086  0.0000000000
  C  0.8024691358  0.6543209877  0.0000000000
  C  0.7901234568  0.6790123457  0.0000000000
  C  0.8024691358  0.6913580247  0.0000000000
  C  0.7901234568  0.7160493827  0.0000000000
  C  0.8024691358  0.7283950617  0.0000000000
  C  0.7901234568  0.7530864198  0.0000000000
  C  0.8024691358  0.7654320988  0.0000000000
  C  0.7901234568  0.7901234568  0.0000000000
  C  0.8024691358  0.8024691358  0.0000000000
  C  0.7901234568  0.8271604938  0.0000000000
  C  0.8024691358  0.8395061728  0.0000000000
  C  0.7901234568  0.8641975309  0.0000000000
  C  0.8024691358  0.8765432099  0.0000000000
  C  0.7901234568  0.9012345679  0.0000000000
  C  0.8024691358  0.9135802469  0.0000000000
  C  0.7901234568  0.9382716049  0.0000000000
  C  0.8024691358  0.9506172840  0.0000000000
  C  0.7901234568  0.9753086420  0.0000000000
  C  0.8024691358  0.9876543210  0.0000000000
  C  0.8271604938  0.0123456790  0.0000000000
  C  0.8395061728  0.0246913580  0.0000000000
  C  0.8271604938  0.0493827160  0.0000000000
  C  0.8395061728  0.0617283951  0.0000000000
  C  0.8271604938  0.0864197531  0.0000000000
  C  0.8395061728  0.0987654321  0.0000000000
  C  0.8271604938  0.1234567901  0.0000000000
  C  0.8395061728  0.1358024691  0.0000000000
  C  0.8271604938  0.1604938272  0.0000000000
  C  0.8395061728  0.1728395062  0.0000000000
  C  0.8271604938  0.1975308642  0.0000000000
  C  0.8395061728  0.2098765432  0.0000000000
  C  0.8271604938  0.2345679012  0.0000000000
  C  0.8395061728  0.2469135802  0.0000000000
  C  0.8271604938  0.2716049383  0.0000000000
  C  0.8395061728  0.2839506173  0.0000000000
  C  0.8271604938  0.3086419753  0.0000000000
  C  0.8395061728  0.3209876543  0.0000000000
  C  0.8271604938  0.3456790123  0.0000000000
  C  0.8395061728  0.3580246914  0.0000000000
  C  0.8271604938  0.3827160494  0.0000000000
  C  0.8395061728  0.3950617284  0.0000000000
  C  0.8271604938  0.4197530864  0.0000000000
  C  0.8395061728  0.4320987654  0.0000000000
  C  0.8271604938  0.4567901235  0.0000000000
  C  0.8395061728  0.4691358025  0.0000000000
  C  0.8271604938  0.4938271605  0.0000000000
  C  0.8395061728  0.5061728395  0.0000000000
  C  0.8271604938  0.5308641975  0.0000000000
  C  0.8395061728  0.5432098765  0.0000000000
  C  0.8271604938  0.5679012346  0.0000000000
  C  0.8395061728  0.5802469136  0.0000000000
  C  0.8271604938  0.6049382716  0.0000000000
  C  0.8395061728  0.6172839506  0.0000000000
  C  0.8271604938  0.6419753086  0.0000000000
  C  0.8395061728  0.6543209877  0.0000000000
  C  0.8271604938  0.6790123457  0.0000000000
  C  0.8395061728  0.6913580247  0.0000000000
  C  0.8271604938  0.7160493827  0.0000000000
  C  0.8395061728  0.7283950617  0.0000000000
  C  0.8271604938  0.7530864198  0.0000000000
  C  0.8395061728  0.7654320988  0.0000000000
  C  0.8271604938  0.7901234568  0.0000000000
  C  0.8395061728  0.8024691358  0.0000000000
  C  0.8271604938  0.8271604938  0.0000000000
  C  0.8395061728  0.8395061728  0.0000000000
  C  0.8271604938  0.8641975309  0.0000000000
  C  0.8395061728  0.8765432099  0.0000000000
  C  0.8271604938  0.9012345679  0.0000000000
  C  0.8395061728  0.9135802469  0.0000000000
  C  0.8271604938  0.9382716049  0.0000000000
  C  0.8395061728  0.9506172840  0.0000000000
  C  0.8271604938  0.9753086420  0.0000000000
  C  0.8395061728  0.9876543210  0.0000000000
  C  0.8641975309  0.0123456790  0.0000000000
  C  0.8765432099  0.0246913580  0.0000000000
  C  0.8641975309  0.0493827160  0.0000000000
  C  0.8765432099  0.0617283951  0.0000000000
  C  0.8641975309  0.0864197531  0.0000000000
  C  0.8765432099  0.0987654321  0.0000000000
  C  0.8641975309  0.1234567901  0.0000000000
  C  0.8765432099  0.1358024691  0.0000000000
  C  0.8641975309  0.1604938272  0.0000000000
  C  0.8765432099  0.1728395062  0.0000000000
  C  0.8641975309  0.1975308642  0.0000000000
  C  0.8765432099  0.2098765432  0.0000000000
  C  0.8641975309  0.2345679012  0.0000000000
  C  0.8765432099  0.2469135802  0.0000000000
  C  0.8641975309  0.2716049383  0.0000000000
  C  0.8765432099  0.2839506173  0.0000000000
  C  0.8641975309  0.3086419753  0.0000000000
  C  0.8765432099  0.3209876543  0.0000000000
  C  0.8641975309  0.3456790123  0.0000000000
  C  0.8765432099  0.3580246914  0.0000000000
  C  0.8641975309  0.3827160494  0.0000000000
  C  0.8765432099  0.3950617284  0.0000000000
  C  0.8641975309  0.4197530864  0.0000000000
  C  0.8765432099  0.4320987654  0.0000000000
  C  0.8641975309  0.4567901235  0.0000000000
  C  0.8765432099  0.4691358025  0.0000000000
  C  0.8641975309  0.4938271605  0.0000000000
  C  0.8765432099  0.5061728395  0.0000000000
  C  0.8641975309  0.5308641975  0.0000000000
  C  0.8765432099  0.5432098765  0.0000000000
  C  0.8641975309  0.5679012346  0.0000000000
  C  0.8765432099  0.5802469136  0.0000000000
  C  0.8641975309  0.6049382716  0.0000000000
  C  0.8765432099  0.6172839506  0.0000000000
  C  0.8641975309  0.6419753086  0.0000000000
  C  0.8765432099  0.6543209877  0.0000000000
  C  0.8641975309  0.6790123457  0.0000000000
  C  0.8765432099  0.6913580247  0.0000000000
  C  0.8641975309  0.7160493827  0.0000000000
  C  0.8765432099  0.7283950617  0.0000000000
  C  0.8641975309  0.7530864198  0.0000000000
  C  0.8765432099  0.7654320988  0.0000000000
  C  0.8641975309  0.7901234568  0.0000000000
  C  0.8765432099  0.8024691358  0.0000000000
  C  0.8641975309  0.8271604938  0.0000000000
  C  0.8765432099  0.8395061728  0.0000000000
  C  0.8641975309  0.8641975309  0.0000000000
  C  0.8765432099  0.8765432099  0.0000000000
  C  0.8641975309  0.9012345679  0.0000000000
  C  0.8765432099  0.9135802469  0.0000000000
  C  0.8641975309  0.9382716049  0.0000000000
  C  0.8765432099  0.9506172840  0.0000000000
  C  0.8641975309  0.9753086420  0.0000000000
  C  0.8765432099  0.9876543210  0.0000000000
  C  0.9012345679  0.0123456790  0.0000000000
  C  0.9135802469  0.0246913580  0.0000000000
  C  0.9012345679  0.0493827160  0.0000000000
  C  0.9135802469  0.0617283951  0.0000000000
  C  0.9012345679  0.0864197531  0.0000000000
  C  0.9135802469  0.0987654321  0.0000000000
  C  0.9012345679  0.1234567901  0.0000000000
  C  0.9135802469  0.1358024691  0.0000000000
  C  0.9012345679  0.1604938272  0.0000000000
  C  0.9135802469  0.1728395062  0.0000000000
  C  0.9012345679  0.1975308642  0.0000000000
  C  0.9135802469  0.2098765432  0.0000000000
  C  0.9012345679  0.2345679012  0.0000000000
  C  0.9135802469  0.2469135802  0.0000000000
  C  0.9012345679  0.2716049383  0.0000000000
  C  0.9135802469  0.2839506173  0.0000000000
  C  0.9012345679  0.3086419753  0.0000000000
  C  0.9135802469  0.3209876543  0.0000000000
  C  0.9012345679  0.3456790123  0.0000000000
  C  0.9135802469  0.3580246914  0.0000000000
  C  0.9012345679  0.3827160494  0.0000000000
  C  0.9135802469  0.3950617284  0.0000000000
  C  0.9012345679  0.4197530864  0.0000000000
  C  0.9135802469  0.4320987654  0.0000000000
  C  0.9012345679  0.4567901235  0.0000000000
  C  0.9135802469  0.4691358025  0.0000000000
  C  0.9012345679  0.4938271605  0.0000000000
  C  0.9135802469  0.5061728395  0.0000000000
  C  0.9012345679  0.5308641975  0.0000000000
  C  0.9135802469  0.5432098765  0.0000000000
  C  0.9012345679  0.5679012346  0.0000000000
  C  0.9135802469  0.5802469136  0.0000000000
  C  0.9012345679  0.6049382716  0.0000000000
  C  0.9135802469  0.6172839506  0.0000000000
  C  0.9012345679  0.6419753086  0.0000000000
  C  0.9135802469  0.6543209877  0.0000000000
  C  0.9012345679  0.6790123457  0.0000000000
  C  0.9135802469  0.6913580247  0.0000000000
  C  0.9012345679  0.7160493827  0.0000000000
  C  0.9135802469  0.7283950617  0.0000000000
  C  0.9012345679  0.7530864198  0.0000000000
  C  0.9135802469  0.7654320988  0.0000000000
  C  0.9012345679  0.7901234568  0.0000000000
  C  0.9135802469  0.8024691358  0.0000000000
  C  0.9012345679  0.8271604938  0.0000000000
  C  0.9135802469  0.8395061728  0.0000000000
  C  0.9012345679  0.8641975309  0.0000000000
  C  0.9135802469  0.8765432099  0.0000000000
  C  0.9012345679  0.9012345679  0.0000000000
  C  0.9135802469  0.9135802469  0.0000000000
  C  0.9012345679  0.9382716049  0.0000000000
  C  0.9135802469  0.9506172840  0.0000000000
  C  0.9012345679  0.9753086420  0.0000000000
  C  0.9135802469  0.9876543210  0.0000000000
  C  0.9382716049  0.0123456790  0.0000000000
  C  0.9506172840  0.0246913580  0.0000000000
  C  0.9382716049  0.0493827160  0.0000000000
  C  0.9506172840  0.0617283951  0.0000000000
  C  0.9382716049  0.0864197531  0.0000000000
  C  0.9506172840  0.0987654321  0.0000000000
  C  0.9382716049  0.1234567901  0.0000000000
  C  0.9506172840  0.1358024691  0.0000000000
  C  0.9382716049  0.1604938272  0.0000000000
  C  0.9506172840  0.1728395062  0.0000000000
  C  0.9382716049  0.1975308642  0.0000000000
  C  0.9506172840  0.2098765432  0.0000000000
  C  0.9382716049  0.2345679012  0.0000000000
  C  0.9506172840  0.2469135802  0.0000000000
  C  0.9382716049  0.2716049383  0.0000000000
  C  0.9506172840  0.2839506173  0.0000000000
  C  0.9382716049  0.3086419753  0.0000000000
  C  0.9506172840  0.3209876543  0.0000000000
  C  0.9382716049  0.3456790123  0.0000000000
  C  0.9506172840  0.3580246914  0.0000000000
  C  0.9382716049  0.3827160494  0.0000000000
  C  0.9506172840  0.3950617284  0.0000000000
  C  0.9382716049  0.4197530864  0.0000000000
  C  0.9506172840  0.4320987654  0.0000000000
  C  0.9382716049  0.4567901235  0.0000000000
  C  0.9506172840  0.4691358025  0.0000000000
  C  0.9382716049  0.4938271605  0.0000000000
  C  0.9506172840  0.5061728395  0.0000000000
  C  0.9382716049  0.5308641975  0.0000000000
  C  0.9506172840  0.5432098765  0.0000000000
  C  0.9382716049  0.5679012346  0.0000000000
  C  0.9506172840  0.5802469136  0.0000000000
  C  0.9382716049  0.6049382716  0.0000000000
  C  0.9506172840  0.6172839506  0.0000000000
  C  0.9382716049  0.6419753086  0.0000000000
  C  0.9506172840  0.6543209877  0.0000000000
  C  0.9382716049  0.6790123457  0.0000000000
  C  0.9506172840  0.6913580247  0.0000000000
  C  0.9382716049  0.7160493827  0.0000000000
  C  0.9506172840  0.7283950617  0.0000000000
  C  0.9382716049  0.7530864198  0.0000000000
  C  0.9506172840  0.7654320988  0.0000000000
  C  0.9382716049  0.7901234568  0.0000000000
  C  0.9506172840  0.8024691358  0.0000000000
  C  0.9382716049  0.8271604938  0.0000000000
  C  0.9506172840  0.8395061728  0.0000000000
  C  0.9382716049  0.8641975309  0.0000000000
  C  0.9506172840  0.8765432099  0.0000000000
  C  0.9382716049  0.9012345679  0.0000000000
  C  0.9506172840  0.9135802469  0.0000000000
  C  0.9382716049  0.9382716049  0.0000000000
  C  0.9506172840  0.9506172840  0.0000000000
  C  0.9382716049  0.9753086420  0.0000000000
  C  0.9506172840  0.9876543210  0.0000000000
  C  0.9753086420  0.0123456790  0.0000000000
  C  0.9876543210  0.0246913580  0.0000000000
  C  0.9753086420  0.0493827160  0.0000000000
  C  0.9876543210  0.0617283951  0.0000000000
  C  0.9753086420  0.0864197531  0.0000000000
  C  0.9876543210  0.0987654321  0.0000000000
  C  0.9753086420  0.1234567901  0.0000000000
  C  0.9876543210  0.1358024691  0.0000000000
  C  0.9753086420  0.1604938272  0.0000000000
  C  0.9876543210  0.1728395062  0.0000000000
  C  0.9753086420  0.1975308642  0.0000000000
  C  0.9876543210  0.2098765432  0.0000000000
  C  0.9753086420  0.2345679012  0.0000000000
  C  0.9876543210  0.2469135802  0.0000000000
  C  0.9753086420  0.2716049383  0.0000000000
  C  0.9876543210  0.2839506173  0.0000000000
  C  0.9753086420  0.3086419753  0.0000000000
  C  0.9876543210  0.3209876543  0.0000000000
  C  0.9753086420  0.3456790123  0.0000000000
  C  0.9876543210  0.3580246914  0.0000000000
  C  0.9753086420  0.3827160494  0.0000000000
  C  0.9876543210  0.3950617284  0.0000000000
  C  0.9753086420  0.4197530864  0.0000000000
  C  0.9876543210  0.4320987654  0.0000000000
  C  0.9753086420  0.4567901235  0.0000000000
  C  0.9876543210  0.4691358025  0.0000000000
  C  0.9753086420  0.4938271605  0.0000000000
  C  0.9876543210  0.5061728395  0.0000000000
  C  0.9753086420  0.5308641975  0.0000000000
  C  0.9876543210  0.5432098765  0.0000000000
  C  0.9753086420  0.5679012346  0.0000000000
  C  0.9876543210  0.5802469136  0.0000000000
  C  0.9753086420  0.6049382716  0.0000000000
  C  0.9876543210  0.6172839506  0.0000000000
  C  0.9753086420  0.6419753086  0.0000000000
  C  0.9876543210  0.6543209877  0.0000000000
  C  0.9753086420  0.6790123457  0.0000000000
  C  0.9876543210  0.6913580247  0.0000000000
  C  0.9753086420  0.7160493827  0.0000000000
  C  0.9876543210  0.7283950617  0.0000000000
  C  0.9753086420  0.7530864198  0.0000000000
  C  0.9876543210  0.7654320988  0.0000000000
  C  0.9753086420  0.7901234568  0.0000000000
  C  0.9876543210  0.8024691358  0.0000000000
  C  0.9753086420  0.8271604938  0.0000000000
  C  0.9876543210  0.8395061728  0.0000000000
  C  0.9753086420  0.8641975309  0.0000000000
  C  0.9876543210  0.8765432099  0.0000000000
  C  0.9753086420  0.9012345679  0.0000000000
  C  0.9876543210  0.9135802469  0.0000000000
  C  0.9753086420  0.9382716049  0.0000000000
  C  0.9876543210  0.9506172840  0.0000000000
  C  0.9753086420  0.9753086420  0.0000000000
  C  0.9876543210  0.9876543210  0.0000000000

K_POINTS gamma