  0.20000000E+00  0.19210141E+03 -0.10470959E+02
  0.21000000E+00  0.19214643E+03 -0.10699635E+02
  0.22000000E+00  0.19219363E+03 -0.10938018E+02
  0.23000000E+00  0.19224303E+03 -0.11185202E+02
  0.24000000E+00  0.19229465E+03 -0.11440366E+02
  0.25000000E+00  0.19234849E+03 -0.11702856E+02
  0.26000000E+00  0.19240455E+03 -0.11971932E+02
  0.27000000E+00  0.19246284E+03 -0.12247121E+02
  0.28000000E+00  0.19252336E+03 -0.12527822E+02
  0.29000000E+00  0.19258612E+03 -0.12813610E+02
  0.30000000E+00  0.19265111E+03 -0.13104096E+02
  0.31000000E+00  0.19271835E+03 -0.13398819E+02
  0.32000000E+00  0.19278783E+03 -0.13697583E+02
  0.33000000E+00  0.19285957E+03 -0.13999929E+02
  0.34000000E+00  0.19293356E+03 -0.14305729E+02
  0.35000000E+00  0.19300980E+03 -0.14614648E+02
  0.36000000E+00  0.19308832E+03 -0.14926480E+02
  0.37000000E+00  0.19316909E+03 -0.15241092E+02
  0.38000000E+00  0.19325214E+03 -0.15558172E+02
  0.39000000E+00  0.19333747E+03 -0.15877719E+02
  0.40000000E+00  0.19342508E+03 -0.16199427E+02
  0.41000000E+00  0.19351498E+03 -0.16523272E+02
  0.42000000E+00  0.19360717E+03 -0.16849087E+02
  0.43000000E+00  0.19370166E+03 -0.17176726E+02
  0.44000000E+00  0.19379845E+03 -0.17506178E+02
  0.45000000E+00  0.19389755E+03 -0.17837226E+02
  0.46000000E+00  0.19399896E+03 -0.18169895E+02
  0.47000000E+00  0.19410270E+03 -0.18504036E+02
  0.48000000E+00  0.19420876E+03 -0.18839580E+02
  0.49000000E+00  0.19431715E+03 -0.19176518E+02
  0.50000000E+00  0.19442788E+03 -0.19514688E+02
  0.51000000E+00  0.19454096E+03 -0.19854134E+02
  0.52000000E+00  0.19465639E+03 -0.20194738E+02
  0.53000000E+00  0.19477417E+03 -0.20536451E+02
  0.54000000E+00  0.19489433E+03 -0.20879298E+02
  0.55000000E+00  0.19501685E+03 -0.21223111E+02
  0.56000000E+00  0.19514175E+03 -0.21567995E+02
  0.57000000E+00  0.19526904E+03 -0.21913795E+02
  0.58000000E+00  0.19539872E+03 -0.22260533E+02
  0.59000000E+00  0.19553080E+03 -0.22608204E+02
  0.60000000E+00  0.19566529E+03 -0.22956677E+02
  0.61000000E+00  0.19580219E+03 -0.23306069E+02
  0.62000000E+00  0.19594152E+03 -0.23656216E+02
  0.63000000E+00  0.19608328E+03 -0.24007182E+02
  0.64000000E+00  0.19622748E+03 -0.24358935E+02
  0.65000000E+00  0.19637413E+03 -0.24711389E+02
  0.66000000E+00  0.19652323E+03 -0.25064639E+02
  0.67000000E+00  0.19667480E+03 -0.25418549E+02
  0.68000000E+00  0.19682884E+03 -0.25773176E+02
  0.69000000E+00  0.19698536E+03 -0.26128509E+02
  0.70000000E+00  0.19714438E+03 -0.26484448E+02
  0.71000000E+00  0.19730589E+03 -0.26841118E+02
  0.72000000E+00  0.19746991E+03 -0.27198363E+02
  0.73000000E+00  0.19763645E+03 -0.27556268E+02
  0.74000000E+00  0.19780552E+03 -0.27914808E+02
  0.75000000E+00  0.19797713E+03 -0.28273899E+02
  0.76000000E+00  0.19815128E+03 -0.28633664E+02
  0.77000000E+00  0.19832799E+03 -0.28993953E+02
  0.78000000E+00  0.19850727E+03 -0.29354855E+02
  0.79000000E+00  0.19868912E+03 -0.29716346E+02
  0.80000000E+00  0.19887356E+03 -0.30078348E+02
  0.81000000E+00  0.19906060E+03 -0.30440982E+02
  0.82000000E+00  0.19925025E+03 -0.30804111E+02
  0.83000000E+00  0.19944251E+03 -0.31167807E+02
  0.84000000E+00  0.19963741E+03 -0.31532076E+02
  0.85000000E+00  0.19983495E+03 -0.31896813E+02
  0.86000000E+00  0.20003514E+03 -0.32262165E+02
  0.87000000E+00  0.20023799E+03 -0.32627983E+02
  0.88000000E+00  0.20044352E+03 -0.32994344E+02
  0.89000000E+00  0.20065173E+03 -0.33361259E+02
  0.90000000E+00  0.20086265E+03 -0.33728623E+02
  0.91000000E+00  0.20107627E+03 -0.34096576E+02
  0.92000000E+00  0.20129262E+03 -0.34464995E+02
  0.93000000E+00  0.20151171E+03 -0.34833921E+02
  0.94000000E+00  0.20173354E+03 -0.35203408E+02
  0.95000000E+00  0.20195813E+03 -0.35573317E+02
  0.96000000E+00  0.20218549E+03 -0.35943807E+02
  0.97000000E+00  0.20241564E+03 -0.36314761E+02
  0.98000000E+00  0.20264859E+03 -0.36686199E+02
  0.99000000E+00  0.20288436E+03 -0.37058201E+02
  0.10000000E+01  0.20312294E+03 -0.37430619E+02
  0.10100000E+01  0.20336437E+03 -0.37803597E+02
  0.10200000E+01  0.20360865E+03 -0.38177060E+02
  0.10300000E+01  0.20385580E+03 -0.38550975E+02
  0.10400000E+01  0.20410584E+03 -0.38925469E+02
  0.10500000E+01  0.20435876E+03 -0.39300375E+02
  0.10600000E+01  0.20461460E+03 -0.39675824E+02
  0.10700000E+01  0.20487337E+03 -0.40051781E+02
  0.10800000E+01  0.20513507E+03 -0.40428169E+02
  0.10900000E+01  0.20539973E+03 -0.40805142E+02
  0.11000000E+01  0.20566737E+03 -0.41182543E+02
  0.11100000E+01  0.20593798E+03 -0.41560458E+02
  0.11200000E+01  0.20621161E+03 -0.41938917E+02
  0.11300000E+01  0.20648825E+03 -0.42317789E+02
  0.11400000E+01  0.20676792E+03 -0.42697247E+02
  0.11500000E+01  0.20705065E+03 -0.43077162E+02
  0.11600000E+01  0.20733644E+03 -0.43457560E+02
  0.11700000E+01  0.20762532E+03 -0.43838535E+02
  0.11800000E+01  0.20791730E+03 -0.44219924E+02
  0.11900000E+01  0.20821240E+03 -0.44601882E+02
  0.12000000E+01  0.20851064E+03 -0.44984345E+02
  0.12100000E+01  0.20881203E+03 -0.45367256E+02
  0.12200000E+01  0.20911660E+03 -0.45750773E+02
  0.12300000E+01  0.20942435E+03 -0.46134721E+02
  0.12400000E+01  0.20973531E+03 -0.46519211E+02
  0.12500000E+01  0.21004950E+03 -0.46904258E+02
  0.12600000E+01  0.21036694E+03 -0.47289734E+02
  0.12700000E+01  0.21068764E+03 -0.47675823E+02
  0.12800000E+01  0.21101163E+03 -0.48062386E+02
  0.12900000E+01  0.21133893E+03 -0.48449451E+02
  0.13000000E+01  0.21166955E+03 -0.48837126E+02
  0.13100000E+01  0.21200351E+03 -0.49225230E+02
  0.13200000E+01  0.21234084E+03 -0.49613930E+02
  0.13300000E+01  0.21268156E+03 -0.50003170E+02
  0.13400000E+01  0.21302568E+03 -0.50392872E+02
  0.13500000E+01  0.21337324E+03 -0.50783217E+02
  0.13600000E+01  0.21372424E+03 -0.51174025E+02
  0.13700000E+01  0.21407872E+03 -0.51565389E+02
  0.13800000E+01  0.21443670E+03 -0.51957363E+02
  0.13900000E+01  0.21479819E+03 -0.52349784E+02
  0.14000000E+01  0.21516322E+03 -0.52742844E+02
  0.14100000E+01  0.21553182E+03 -0.53136439E+02
  0.14200000E+01  0.21590400E+03 -0.53530536E+02
  0.14300000E+01  0.21627980E+03 -0.53925300E+02
  0.14400000E+01  0.21665923E+03 -0.54320533E+02
  0.14500000E+01  0.21704232E+03 -0.54716368E+02
  0.14600000E+01  0.21742909E+03 -0.55112823E+02
  0.14700000E+01  0.21781958E+03 -0.55509749E+02
  0.14800000E+01  0.21821380E+03 -0.55907354E+02
  0.14900000E+01  0.21861178E+03 -0.56305499E+02
  0.15000000E+01  0.21901356E+03 -0.56704188E+02
  0.15100000E+01  0.21941914E+03 -0.57103567E+02
  0.15200000E+01  0.21982857E+03 -0.57503434E+02
  0.15300000E+01  0.22024187E+03 -0.57903942E+02
  0.15400000E+01  0.22065906E+03 -0.58305090E+02
  0.15500000E+01  0.22108018E+03 -0.58706737E+02
  0.15600000E+01  0.22150526E+03 -0.59109099E+02
  0.15700000E+01  0.22193432E+03 -0.59512022E+02
  0.15800000E+01  0.22236739E+03 -0.59915521E+02
  0.15900000E+01  0.22280450E+03 -0.60319744E+02
  0.16000000E+01  0.22324569E+03 -0.60724478E+02
  0.16100000E+01  0.22369098E+03 -0.61129889E+02
  0.16200000E+01  0.22414040E+03 -0.61535972E+02
  0.16300000E+01  0.22459400E+03 -0.61942580E+02
  0.16400000E+01  0.22505179E+03 -0.62349939E+02
  0.16500000E+01  0.22551382E+03 -0.62757893E+02
  0.16600000E+01  0.22598011E+03 -0.63166448E+02
  0.16700000E+01  0.22645070E+03 -0.63575767E+02
  0.16800000E+01  0.22692562E+03 -0.63985631E+02
  0.16900000E+01  0.22740491E+03 -0.64396196E+02
  0.17000000E+01  0.22788860E+03 -0.64807480E+02
  0.17100000E+01  0.22837674E+03 -0.65219315E+02
  0.17200000E+01  0.22886935E+03 -0.65631933E+02
  0.17300000E+01  0.22936647E+03 -0.66045196E+02
  0.17400000E+01  0.22986814E+03 -0.66459076E+02
  0.17500000E+01  0.23037440E+03 -0.66873767E+02
  0.17600000E+01  0.23088528E+03 -0.67289044E+02
  0.17700000E+01  0.23140084E+03 -0.67705038E+02
  0.17800000E+01  0.23192109E+03 -0.68121812E+02
  0.17900000E+01  0.23244610E+03 -0.68539161E+02
  0.18000000E+01  0.23297589E+03 -0.68957321E+02
  0.18100000E+01  0.23351051E+03 -0.69376191E+02
  0.18200000E+01  0.23405001E+03 -0.69795687E+02
  0.18300000E+01  0.23459441E+03 -0.70216043E+02
  0.18400000E+01  0.23514378E+03 -0.70637039E+02
  0.18500000E+01  0.23569815E+03 -0.71058756E+02
  0.18600000E+01  0.23625757E+03 -0.71481323E+02
  0.18700000E+01  0.23682209E+03 -0.71904499E+02
  0.18800000E+01  0.23739174E+03 -0.72328497E+02
  0.18900000E+01  0.23796659E+03 -0.72753288E+02
  0.19000000E+01  0.23854667E+03 -0.73178714E+02
  0.19100000E+01  0.23913204E+03 -0.73605035E+02
  0.19200000E+01  0.23972275E+03 -0.74032075E+02
  0.19300000E+01  0.24031884E+03 -0.74459826E+02
  0.19400000E+01  0.24092037E+03 -0.74888495E+02
  0.19500000E+01  0.24152739E+03 -0.75317827E+02
  0.19600000E+01  0.24213996E+03 -0.75747973E+02
  0.19700000E+01  0.24275812E+03 -0.76179004E+02
  0.19800000E+01  0.24338194E+03 -0.76610690E+02
  0.19900000E+01  0.24401147E+03 -0.77043284E+02
  0.20000000E+01  0.24464676E+03 -0.77476698E+02
  0.20100000E+01  0.24528788E+03 -0.77910809E+02
  0.20200000E+01  0.24593488E+03 -0.78345888E+02
  0.20300000E+01  0.24658783E+03 -0.78781714E+02
  0.20400000E+01  0.24724678E+03 -0.79218324E+02
  0.20500000E+01  0.24791179E+03 -0.79655909E+02
  0.20600000E+01  0.24858294E+03 -0.80094195E+02
  0.20700000E+01  0.24926028E+03 -0.80533368E+02
  0.20800000E+01  0.24994388E+03 -0.80973476E+02
  0.20900000E+01  0.25063380E+03 -0.81414283E+02
  0.21000000E+01  0.25133012E+03 -0.81856067E+02
  0.21100000E+01  0.25203290E+03 -0.82298717E+02
  0.21200000E+01  0.25274221E+03 -0.82742113E+02
  0.21300000E+01  0.25345813E+03 -0.83186541E+02
  0.21400000E+01  0.25418072E+03 -0.83631762E+02
  0.21500000E+01  0.25491006E+03 -0.84077815E+02
  0.21600000E+01  0.25564623E+03 -0.84524905E+02
  0.21700000E+01  0.25638929E+03 -0.84972738E+02
  0.21800000E+01  0.25713934E+03 -0.85421505E+02
  0.21900000E+01  0.25789645E+03 -0.85871269E+02
  0.22000000E+01  0.25866069E+03 -0.86321769E+02
  0.22100000E+01  0.25943216E+03 -0.86773292E+02
  0.22200000E+01  0.26021094E+03 -0.87225743E+02
  0.22300000E+01  0.26099710E+03 -0.87678965E+02
  0.22400000E+01  0.26179075E+03 -0.88133271E+02
  0.22500000E+01  0.26259196E+03 -0.88588427E+02
  0.22600000E+01  0.26340082E+03 -0.89044428E+02
  0.22700000E+01  0.26421744E+03 -0.89501528E+02
  0.22800000E+01  0.26504190E+03 -0.89959414E+02
  0.22900000E+01  0.26587429E+03 -0.90418241E+02
  0.23000000E+01  0.26671472E+03 -0.90878135E+02
  0.23100000E+01  0.26756328E+03 -0.91338786E+02
  0.23200000E+01  0.26842008E+03 -0.91800470E+02
  0.23300000E+01  0.26928521E+03 -0.92263155E+02
  0.23400000E+01  0.27015878E+03 -0.92726606E+02
  0.23500000E+01  0.27104091E+03 -0.93191161E+02
  0.23600000E+01  0.27193169E+03 -0.93656632E+02
  0.23700000E+01  0.27283123E+03 -0.94122918E+02
  0.23800000E+01  0.27373966E+03 -0.94590340E+02
  0.23900000E+01  0.27465708E+03 -0.95058594E+02
  0.24000000E+01  0.27558362E+03 -0.95527740E+02
  0.24100000E+01  0.27651938E+03 -0.95998009E+02
  0.24200000E+01  0.27746451E+03 -0.96469047E+02
  0.24300000E+01  0.27841911E+03 -0.96941063E+02
  0.24400000E+01  0.27938331E+03 -0.97414148E+02
  0.24500000E+01  0.28035725E+03 -0.97887968E+02
  0.24600000E+01  0.28134105E+03 -0.98362844E+02
  0.24700000E+01  0.28233486E+03 -0.98838704E+02
  0.24800000E+01  0.28333880E+03 -0.99315302E+02
  0.24900000E+01  0.28435302E+03 -0.99793008E+02
  0.25000000E+01  0.28537766E+03 -0.10027160E+03
  0.25100000E+01  0.28641286E+03 -0.10075096E+03
  0.25200000E+01  0.28745878E+03 -0.10123144E+03
  0.25300000E+01  0.28851556E+03 -0.10171270E+03
  0.25400000E+01  0.28958336E+03 -0.10219480E+03
  0.25500000E+01  0.29066233E+03 -0.10267798E+03
  0.25600000E+01  0.29175264E+03 -0.10316186E+03
  0.25700000E+01  0.29285445E+03 -0.10364664E+03
  0.25800000E+01  0.29396792E+03 -0.10413243E+03
  0.25900000E+01  0.29509323E+03 -0.10461886E+03
  0.26000000E+01  0.29623056E+03 -0.10510624E+03
  0.26100000E+01  0.29738007E+03 -0.10559454E+03
  0.26200000E+01  0.29854194E+03 -0.10608343E+03
  0.26300000E+01  0.29971638E+03 -0.10657331E+03
  0.26400000E+01  0.30090355E+03 -0.10706398E+03
  0.26500000E+01  0.30210366E+03 -0.10755524E+03
  0.26600000E+01  0.30331690E+03 -0.10804749E+03
  0.26700000E+01  0.30454347E+03 -0.10854039E+03
  0.26800000E+01  0.30578357E+03 -0.10903389E+03
  0.26900000E+01  0.30703742E+03 -0.10952835E+03
  0.27000000E+01  0.30830523E+03 -0.11002332E+03
  0.27100000E+01  0.30958722E+03 -0.11051892E+03
  0.27200000E+01  0.31088360E+03 -0.11101539E+03
  0.27300000E+01  0.31219461E+03 -0.11151224E+03
  0.27400000E+01  0.31352047E+03 -0.11200975E+03
  0.27500000E+01  0.31486143E+03 -0.11250801E+03
  0.27600000E+01  0.31621772E+03 -0.11300654E+03
  0.27700000E+01  0.31758960E+03 -0.11350574E+03
  0.27800000E+01  0.31897730E+03 -0.11400554E+03
  0.27900000E+01  0.32038111E+03 -0.11450552E+03
  0.28000000E+01  0.32180127E+03 -0.11500616E+03
  0.28100000E+01  0.32323805E+03 -0.11550721E+03
  0.28200000E+01  0.32469173E+03 -0.11600838E+03
  0.28300000E+01  0.32616260E+03 -0.11651016E+03
  0.28400000E+01  0.32765094E+03 -0.11701214E+03
  0.28500000E+01  0.32915703E+03 -0.11751419E+03
  0.28600000E+01  0.33068120E+03 -0.11801677E+03
  0.28700000E+01  0.33222373E+03 -0.11851934E+03
  0.28800000E+01  0.33378495E+03 -0.11902194E+03
  0.28900000E+01  0.33536518E+03 -0.11952494E+03
  0.29000000E+01  0.33696475E+03 -0.12002770E+03
  0.29100000E+01  0.33858399E+03 -0.12053047E+03
  0.29200000E+01  0.34022325E+03 -0.12103345E+03
  0.29300000E+01  0.34188288E+03 -0.12153599E+03
  0.29400000E+01  0.34356325E+03 -0.12203849E+03
  0.29500000E+01  0.34526472E+03 -0.12254099E+03
  0.29600000E+01  0.34698768E+03 -0.12304285E+03
  0.29700000E+01  0.34873252E+03 -0.12354460E+03
  0.29800000E+01  0.35049963E+03 -0.12404609E+03
  0.29900000E+01  0.35228942E+03 -0.12454675E+03
  0.30000000E+01  0.35410232E+03 -0.12504722E+03
  0.30100000E+01  0.35593875E+03 -0.12554713E+03
  0.30200000E+01  0.35779916E+03 -0.12604603E+03
  0.30300000E+01  0.35968401E+03 -0.12654465E+03
  0.30400000E+01  0.36159375E+03 -0.12704234E+03
  0.30500000E+01  0.36352888E+03 -0.12753889E+03
  0.30600000E+01  0.36548988E+03 -0.12803499E+03
  0.30700000E+01  0.36747726E+03 -0.12852979E+03
  0.30800000E+01  0.36949154E+03 -0.12902332E+03
  0.30900000E+01  0.37153327E+03 -0.12951619E+03
  0.31000000E+01  0.37360299E+03 -0.13000735E+03
  0.31100000E+01  0.37570129E+03 -0.13049715E+03
  0.31200000E+01  0.37782874E+03 -0.13098600E+03
  0.31300000E+01  0.37998595E+03 -0.13147272E+03
  0.31400000E+01  0.38217356E+03 -0.13195801E+03
  0.31500000E+01  0.38439222E+03 -0.13244196E+03
  0.31600000E+01  0.38664258E+03 -0.13292338E+03
  0.31700000E+01  0.38892535E+03 -0.13340330E+03
  0.31800000E+01  0.39124124E+03 -0.13388137E+03
  0.31900000E+01  0.39359100E+03 -0.13435654E+03
  0.32000000E+01  0.39597539E+03 -0.13483014E+03
  0.32100000E+01  0.39839521E+03 -0.13530123E+03
  0.32200000E+01  0.40085130E+03 -0.13576917E+03
  0.32300000E+01  0.40334450E+03 -0.13623536E+03
  0.32400000E+01  0.40587572E+03 -0.13669823E+03
  0.32500000E+01  0.40844587E+03 -0.13715788E+03
  0.32600000E+01  0.41105593E+03 -0.13761533E+03
  0.32700000E+01  0.41370691E+03 -0.13806869E+03
  0.32800000E+01  0.41639985E+03 -0.13851884E+03
  0.32900000E+01  0.41913583E+03 -0.13896599E+03
  0.33000000E+01  0.42191602E+03 -0.13940848E+03
  0.33100000E+01  0.42474158E+03 -0.13984760E+03
  0.33200000E+01  0.42761377E+03 -0.14028267E+03
  0.33300000E+01  0.43053389E+03 -0.14071279E+03
  0.33400000E+01  0.43350330E+03 -0.14113892E+03
  0.33500000E+01  0.43652342E+03 -0.14156008E+03
  0.33600000E+01  0.43959575E+03 -0.14197588E+03
  0.33700000E+01  0.44272186E+03 -0.14238673E+03
  0.33800000E+01  0.44590339E+03 -0.14279185E+03
  0.33900000E+01  0.44914206E+03 -0.14319080E+03
  0.34000000E+01  0.45243970E+03 -0.14358383E+03
  0.34100000E+01  0.45579822E+03 -0.14397017E+03
  0.34200000E+01  0.45921961E+03 -0.14434924E+03
  0.34300000E+01  0.46270601E+03 -0.14472134E+03
  0.34400000E+01  0.46625964E+03 -0.14508538E+03
  0.34500000E+01  0.46988286E+03 -0.14544097E+03
  0.34600000E+01  0.47357815E+03 -0.14578809E+03
  0.34700000E+01  0.47734814E+03 -0.14612558E+03
  0.34800000E+01  0.48119561E+03 -0.14645299E+03
  0.34900000E+01  0.48512349E+03 -0.14677007E+03
  0.35000000E+01  0.48913489E+03 -0.14707553E+03
  0.35100000E+01  0.49323311E+03 -0.14736880E+03
  0.35200000E+01  0.49742165E+03 -0.14764936E+03
  0.35300000E+01  0.50170421E+03 -0.14791571E+03
  0.35400000E+01  0.50608473E+03 -0.14816713E+03
  0.35500000E+01  0.51056740E+03 -0.14840274E+03
  0.35600000E+01  0.51515667E+03 -0.14862078E+03
  0.35700000E+01  0.51985729E+03 -0.14882028E+03
  0.35800000E+01  0.52467432E+03 -0.14899991E+03
  0.35900000E+01  0.52961316E+03 -0.14915756E+03
  0.36000000E+01  0.53467956E+03 -0.14929186E+03
  0.36100000E+01  0.53987969E+03 -0.14940094E+03
  0.36200000E+01  0.54522016E+03 -0.14948218E+03
  0.36300000E+01  0.55070803E+03 -0.14953367E+03
  0.36400000E+01  0.55635089E+03 -0.14955278E+03
  0.36500000E+01  0.56215690E+03 -0.14953623E+03
  0.36600000E+01  0.56813484E+03 -0.14948128E+03
  0.36700000E+01  0.57429418E+03 -0.14938433E+03
  0.36800000E+01  0.58064514E+03 -0.14924112E+03
  0.36900000E+01  0.58719878E+03 -0.14904777E+03
  0.37000000E+01  0.59396709E+03 -0.14879931E+03
  0.37100000E+01  0.60096311E+03 -0.14849007E+03
  0.37200000E+01  0.60820101E+03 -0.14811451E+03
  0.37300000E+01  0.61569630E+03 -0.14766574E+03
  0.37400000E+01  0.62346595E+03 -0.14713599E+03
  0.37500000E+01  0.63152860E+03 -0.14651729E+03
  0.37600000E+01  0.63990482E+03 -0.14579990E+03
  0.37700000E+01  0.64861734E+03 -0.14497291E+03
  0.37800000E+01  0.65769144E+03 -0.14402460E+03
  0.37900000E+01  0.66715536E+03 -0.14294092E+03
  0.38000000E+01  0.67704079E+03 -0.14170600E+03
  0.38100000E+01  0.68738351E+03 -0.14030225E+03
  0.38200000E+01  0.69822419E+03 -0.13870870E+03
  0.38300000E+01  0.70960946E+03 -0.13690134E+03
  0.38400000E+01  0.72159318E+03 -0.13485285E+03
  0.38500000E+01  0.73423828E+03 -0.13253058E+03
  0.38600000E+01  0.74761920E+03 -0.12989651E+03
  0.38700000E+01  0.76182537E+03 -0.12690620E+03
  0.38800000E+01  0.77696617E+03 -0.12350608E+03
  0.38900000E+01  0.79317826E+03 -0.11963238E+03
  0.39000000E+01  0.81063610E+03 -0.11520862E+03
  0.39100000E+01  0.82956662E+03 -0.11014112E+03
  0.39200000E+01  0.85026783E+03 -0.10431562E+03
  0.39300000E+01  0.87312862E+03 -0.97591449E+02
  0.39400000E+01  0.89864207E+03 -0.89793065E+02
  0.39500000E+01  0.92739701E+03 -0.80701341E+02
  0.39600000E+01  0.96002534E+03 -0.70041189E+02
  0.39700000E+01  0.99707978E+03 -0.57465760E+02
  0.39800000E+01  0.10388264E+04 -0.42541009E+02
  0.39900000E+01  0.10849640E+04 -0.24731193E+02
  0.40000000E+01  0.11343262E+04 -0.33954675E+01
  0.40100000E+01  0.11846694E+04  0.22180855E+02
  0.40200000E+01  0.12326704E+04  0.52685147E+02
  0.40300000E+01  0.12742292E+04  0.88554137E+02
  0.40400000E+01  0.13050852E+04  0.12960528E+03
  0.40500000E+01  0.13216288E+04  0.17464371E+03
  0.40600000E+01  0.13216879E+04  0.22137494E+03
  0.40700000E+01  0.13050380E+04  0.26692938E+03
  0.40800000E+01  0.12734615E+04  0.30879630E+03
  0.40900000E+01  0.12303341E+04  0.34550221E+03
  0.41000000E+01  0.11798812E+04  0.37666117E+03
  0.41100000E+01  0.11263449E+04  0.40261793E+03
  0.41200000E+01  0.10733025E+04  0.42405054E+03
  0.41300000E+01  0.10232808E+04  0.44170459E+03
  0.41400000E+01  0.97769136E+03  0.45626466E+03
  0.41500000E+01  0.93700511E+03  0.46831087E+03
  0.41600000E+01  0.90104430E+03  0.47831506E+03
  0.41700000E+01  0.86927821E+03  0.48665442E+03
  0.41800000E+01  0.84105440E+03  0.49362899E+03
  0.41900000E+01  0.81574314E+03  0.49947663E+03
  0.42000000E+01  0.79280590E+03  0.50438689E+03
  0.42100000E+01  0.77181242E+03  0.50851214E+03
  0.42200000E+01  0.75243074E+03  0.51197487E+03
  0.42300000E+01  0.73440747E+03  0.51487465E+03
  0.42400000E+01  0.71754804E+03  0.51729339E+03
  0.42500000E+01  0.70170049E+03  0.51929822E+03
  0.42600000E+01  0.68674368E+03  0.52094488E+03
  0.42700000E+01  0.67257902E+03  0.52228040E+03
  0.42800000E+01  0.65912479E+03  0.52334389E+03
  0.42900000E+01  0.64631221E+03  0.52416852E+03
  0.43000000E+01  0.63408265E+03  0.52478291E+03
  0.43100000E+01  0.62238562E+03  0.52521113E+03
  0.43200000E+01  0.61117724E+03  0.52547395E+03
  0.43300000E+01  0.60041909E+03  0.52558971E+03
  0.43400000E+01  0.59007730E+03  0.52557391E+03
  0.43500000E+01  0.58012184E+03  0.52544013E+03
  0.43600000E+01  0.57052594E+03  0.52520062E+03
  0.43700000E+01  0.56126561E+03  0.52486577E+03
  0.43800000E+01  0.55231928E+03  0.52444476E+03
  0.43900000E+01  0.54366745E+03  0.52394612E+03
  0.44000000E+01  0.53529244E+03  0.52337701E+03
  0.44100000E+01  0.52717818E+03  0.52274383E+03
  0.44200000E+01  0.51930998E+03  0.52205271E+03
  0.44300000E+01  0.51167441E+03  0.52130871E+03
  0.44400000E+01  0.50425912E+03  0.52051642E+03
  0.44500000E+01  0.49705275E+03  0.51968036E+03
  0.44600000E+01  0.49004484E+03  0.51880418E+03
  0.44700000E+01  0.48322569E+03  0.51789125E+03
  0.44800000E+01  0.47658632E+03  0.51694497E+03
  0.44900000E+01  0.47011839E+03  0.51596804E+03
  0.45000000E+01  0.46381415E+03  0.51496296E+03
  0.45100000E+01  0.45766635E+03  0.51393238E+03
  0.45200000E+01  0.45166824E+03  0.51287829E+03
  0.45300000E+01  0.44581352E+03  0.51180258E+03
  0.45400000E+01  0.44009625E+03  0.51070734E+03
  0.45500000E+01  0.43451088E+03  0.50959409E+03
  0.45600000E+01  0.42905220E+03  0.50846426E+03
  0.45700000E+01  0.42371530E+03  0.50731953E+03
  0.45800000E+01  0.41849555E+03  0.50616106E+03
  0.45900000E+01  0.41338860E+03  0.50498995E+03
  0.46000000E+01  0.40839032E+03  0.50380757E+03
  0.46100000E+01  0.40349682E+03  0.50261482E+03
  0.46200000E+01  0.39870440E+03  0.50141253E+03
  0.46300000E+01  0.39400959E+03  0.50020185E+03
  0.46400000E+01  0.38940906E+03  0.49898349E+03
  0.46500000E+01  0.38489967E+03  0.49775807E+03
  0.46600000E+01  0.38047843E+03  0.49652657E+03
  0.46700000E+01  0.37614250E+03  0.49528953E+03
  0.46800000E+01  0.37188916E+03  0.49404744E+03
  0.46900000E+01  0.36771585E+03  0.49280114E+03
  0.47000000E+01  0.36362009E+03  0.49155103E+03
  0.47100000E+01  0.35959955E+03  0.49029751E+03
  0.47200000E+01  0.35565197E+03  0.48904127E+03
  0.47300000E+01  0.35177522E+03  0.48778266E+03
  0.47400000E+01  0.34796725E+03  0.48652196E+03
  0.47500000E+01  0.34422609E+03  0.48525978E+03
  0.47600000E+01  0.34054986E+03  0.48399640E+03
  0.47700000E+01  0.33693677E+03  0.48273201E+03
  0.47800000E+01  0.33338508E+03  0.48146717E+03
  0.47900000E+01  0.32989314E+03  0.48020208E+03
  0.48000000E+01  0.32645935E+03  0.47893689E+03
  0.48100000E+01  0.32308219E+03  0.47767208E+03
  0.48200000E+01  0.31976018E+03  0.47640783E+03
  0.48300000E+01  0.31649192E+03  0.47514422E+03
  0.48400000E+01  0.31327603E+03  0.47388168E+03
  0.48500000E+01  0.31011121E+03  0.47262036E+03
  0.48600000E+01  0.30699619E+03  0.47136030E+03
  0.48700000E+01  0.30392977E+03  0.47010190E+03
  0.48800000E+01  0.30091075E+03  0.46884527E+03
  0.48900000E+01  0.29793803E+03  0.46759041E+03
  0.49000000E+01  0.29501049E+03  0.46633768E+03
  0.49100000E+01  0.29212709E+03  0.46508720E+03
  0.49200000E+01  0.28928680E+03  0.46383891E+03
  0.49300000E+01  0.28648865E+03  0.46259315E+03
  0.49400000E+01  0.28373168E+03  0.46135003E+03
  0.49500000E+01  0.28101496E+03  0.46010946E+03
  0.49600000E+01  0.27833761E+03  0.45887175E+03
  0.49700000E+01  0.27569877E+03  0.45763699E+03
  0.49800000E+01  0.27309759E+03  0.45640509E+03
  0.49900000E+01  0.27053328E+03  0.45517632E+03
  0.50000000E+01  0.26800504E+03  0.45395078E+03
  0.50100000E+01  0.26551211E+03  0.45272835E+03
  0.50200000E+01  0.26305377E+03  0.45150927E+03
  0.50300000E+01  0.26062929E+03  0.45029364E+03
  0.50400000E+01  0.25823797E+03  0.44908134E+03
  0.50500000E+01  0.25587916E+03  0.44787256E+03
  0.50600000E+01  0.25355219E+03  0.44666744E+03
  0.50700000E+01  0.25125643E+03  0.44546580E+03
  0.50800000E+01  0.24899126E+03  0.44426785E+03
  0.50900000E+01  0.24675608E+03  0.44307371E+03
  0.51000000E+01  0.24455031E+03  0.44188320E+03
  0.51100000E+01  0.24237338E+03  0.44069649E+03
  0.51200000E+01  0.24022475E+03  0.43951371E+03
  0.51300000E+01  0.23810387E+03  0.43833469E+03
  0.51400000E+01  0.23601022E+03  0.43715957E+03
  0.51500000E+01  0.23394330E+03  0.43598848E+03
  0.51600000E+01  0.23190262E+03  0.43482125E+03
  0.51700000E+01  0.22988768E+03  0.43365799E+03
  0.51800000E+01  0.22789802E+03  0.43249884E+03
  0.51900000E+01  0.22593319E+03  0.43134363E+03
  0.52000000E+01  0.22399273E+03  0.43019245E+03
  0.52100000E+01  0.22207622E+03  0.42904545E+03
  0.52200000E+01  0.22018323E+03  0.42790245E+03
  0.52300000E+01  0.21831335E+03  0.42676352E+03
  0.52400000E+01  0.21646617E+03  0.42562881E+03
  0.52500000E+01  0.21464131E+03  0.42449816E+03
  0.52600000E+01  0.21283837E+03  0.42337161E+03
  0.52700000E+01  0.21105699E+03  0.42224931E+03
  0.52800000E+01  0.20929679E+03  0.42113111E+03
  0.52900000E+01  0.20755743E+03  0.42001702E+03
  0.53000000E+01  0.20583855E+03  0.41890721E+03
  0.53100000E+01  0.20413982E+03  0.41780152E+03
  0.53200000E+01  0.20246089E+03  0.41669995E+03
  0.53300000E+01  0.20080145E+03  0.41560268E+03
  0.53400000E+01  0.19916118E+03  0.41450955E+03
  0.53500000E+01  0.19753977E+03  0.41342053E+03
  0.53600000E+01  0.19593691E+03  0.41233581E+03
  0.53700000E+01  0.19435230E+03  0.41125525E+03
  0.53800000E+01  0.19278566E+03  0.41017879E+03
  0.53900000E+01  0.19123671E+03  0.40910662E+03
  0.54000000E+01  0.18970516E+03  0.40803861E+03
  0.54100000E+01  0.18819074E+03  0.40697470E+03
  0.54200000E+01  0.18669318E+03  0.40591506E+03
  0.54300000E+01  0.18521223E+03  0.40485958E+03
  0.54400000E+01  0.18374764E+03  0.40380818E+03
  0.54500000E+01  0.18229914E+03  0.40276103E+03
  0.54600000E+01  0.18086650E+03  0.40171804E+03
  0.54700000E+01  0.17944947E+03  0.40067910E+03
  0.54800000E+01  0.17804783E+03  0.39964438E+03
  0.54900000E+01  0.17666134E+03  0.39861381E+03
  0.55000000E+01  0.17528978E+03  0.39758727E+03
  0.55100000E+01  0.17393292E+03  0.39656492E+03
  0.55200000E+01  0.17259055E+03  0.39554671E+03
  0.55300000E+01  0.17126246E+03  0.39453249E+03
  0.55400000E+01  0.16994843E+03  0.39352242E+03
  0.55500000E+01  0.16864828E+03  0.39251648E+03
  0.55600000E+01  0.16736179E+03  0.39151451E+03
  0.55700000E+01  0.16608876E+03  0.39051664E+03
  0.55800000E+01  0.16482902E+03  0.38952287E+03
  0.55900000E+01  0.16358236E+03  0.38853305E+03
  0.56000000E+01  0.16234861E+03  0.38754728E+03
  0.56100000E+01  0.16112758E+03  0.38656559E+03
  0.56200000E+01  0.15991909E+03  0.38558780E+03
  0.56300000E+01  0.15872297E+03  0.38461403E+03
  0.56400000E+01  0.15753905E+03  0.38364431E+03
  0.56500000E+01  0.15636715E+03  0.38267846E+03
  0.56600000E+01  0.15520712E+03  0.38171657E+03
  0.56700000E+01  0.15405879E+03  0.38075870E+03
  0.56800000E+01  0.15292200E+03  0.37980468E+03
  0.56900000E+01  0.15179659E+03  0.37885456E+03
  0.57000000E+01  0.15068242E+03  0.37790842E+03
  0.57100000E+01  0.14957932E+03  0.37696610E+03
  0.57200000E+01  0.14848715E+03  0.37602762E+03
  0.57300000E+01  0.14740577E+03  0.37509310E+03
  0.57400000E+01  0.14633503E+03  0.37416235E+03
  0.57500000E+01  0.14527479E+03  0.37323540E+03
  0.57600000E+01  0.14422491E+03  0.37231235E+03
  0.57700000E+01  0.14318526E+03  0.37139306E+03
  0.57800000E+01  0.14215570E+03  0.37047750E+03
  0.57900000E+01  0.14113610E+03  0.36956580E+03
  0.58000000E+01  0.14012633E+03  0.36865782E+03
  0.58100000E+01  0.13912626E+03  0.36775353E+03
  0.58200000E+01  0.13813578E+03  0.36685305E+03
  0.58300000E+01  0.13715475E+03  0.36595626E+03
  0.58400000E+01  0.13618306E+03  0.36506309E+03
  0.58500000E+01  0.13522059E+03  0.36417369E+03
  0.58600000E+01  0.13426721E+03  0.36328795E+03
  0.58700000E+01  0.13332282E+03  0.36240578E+03
  0.58800000E+01  0.13238730E+03  0.36152732E+03
  0.58900000E+01  0.13146055E+03  0.36065249E+03
  0.59000000E+01  0.13054244E+03  0.35978117E+03
  0.59100000E+01  0.12963288E+03  0.35891352E+03
  0.59200000E+01  0.12873176E+03  0.35804946E+03
  0.59300000E+01  0.12783897E+03  0.35718887E+03
  0.59400000E+01  0.12695441E+03  0.35633188E+03
  0.59500000E+01  0.12607799E+03  0.35547845E+03
  0.59600000E+01  0.12520959E+03  0.35462844E+03
  0.59700000E+01  0.12434912E+03  0.35378197E+03
  0.59800000E+01  0.12349650E+03  0.35293903E+03
  0.59900000E+01  0.12265161E+03  0.35209947E+03
  0.60000000E+01  0.12181437E+03  0.35126338E+03
