  0.20000000E+00  0.24067767E-22 -0.91067377E+00
  0.21000000E+00  0.26531927E-22 -0.95622779E+00
  0.22000000E+00  0.29131702E-22 -0.10017848E+01
  0.23000000E+00  0.31868684E-22 -0.10473449E+01
  0.24000000E+00  0.34744406E-22 -0.10929082E+01
  0.25000000E+00  0.37760331E-22 -0.11384750E+01
  0.26000000E+00  0.40917839E-22 -0.11840453E+01
  0.27000000E+00  0.44218210E-22 -0.12296193E+01
  0.28000000E+00  0.47662614E-22 -0.12751971E+01
  0.29000000E+00  0.51252095E-22 -0.13207789E+01
  0.30000000E+00  0.54987558E-22 -0.13663648E+01
  0.31000000E+00  0.58869762E-22 -0.14119549E+01
  0.32000000E+00  0.62899300E-22 -0.14575495E+01
  0.33000000E+00  0.67076594E-22 -0.15031486E+01
  0.34000000E+00  0.71401885E-22 -0.15487523E+01
  0.35000000E+00  0.75875219E-22 -0.15943609E+01
  0.36000000E+00  0.80496441E-22 -0.16399745E+01
  0.37000000E+00  0.85265188E-22 -0.16855931E+01
  0.38000000E+00  0.90180882E-22 -0.17312170E+01
  0.39000000E+00  0.95242722E-22 -0.17768463E+01
  0.40000000E+00  0.10044968E-21 -0.18224812E+01
  0.41000000E+00  0.10580050E-21 -0.18681217E+01
  0.42000000E+00  0.11129369E-21 -0.19137680E+01
  0.43000000E+00  0.11692753E-21 -0.19594203E+01
  0.44000000E+00  0.12270006E-21 -0.20050787E+01
  0.45000000E+00  0.12860909E-21 -0.20507434E+01
  0.46000000E+00  0.13465219E-21 -0.20964144E+01
  0.47000000E+00  0.14082672E-21 -0.21420920E+01
  0.48000000E+00  0.14712980E-21 -0.21877763E+01
  0.49000000E+00  0.15355835E-21 -0.22334674E+01
  0.50000000E+00  0.16010906E-21 -0.22791654E+01
  0.51000000E+00  0.16677842E-21 -0.23248706E+01
  0.52000000E+00  0.17356275E-21 -0.23705830E+01
  0.53000000E+00  0.18045817E-21 -0.24163028E+01
  0.54000000E+00  0.18746063E-21 -0.24620302E+01
  0.55000000E+00  0.19456593E-21 -0.25077652E+01
  0.56000000E+00  0.20176971E-21 -0.25535081E+01
  0.57000000E+00  0.20906751E-21 -0.25992589E+01
  0.58000000E+00  0.21645473E-21 -0.26450178E+01
  0.59000000E+00  0.22392668E-21 -0.26907851E+01
  0.60000000E+00  0.23147859E-21 -0.27365607E+01
  0.61000000E+00  0.23910564E-21 -0.27823448E+01
  0.62000000E+00  0.24680296E-21 -0.28281377E+01
  0.63000000E+00  0.25456564E-21 -0.28739394E+01
  0.64000000E+00  0.26238878E-21 -0.29197500E+01
  0.65000000E+00  0.27026750E-21 -0.29655698E+01
  0.66000000E+00  0.27819694E-21 -0.30113989E+01
  0.67000000E+00  0.28617230E-21 -0.30572374E+01
  0.68000000E+00  0.29418887E-21 -0.31030854E+01
  0.69000000E+00  0.30224201E-21 -0.31489432E+01
  0.70000000E+00  0.31032723E-21 -0.31948108E+01
  0.71000000E+00  0.31844013E-21 -0.32406884E+01
  0.72000000E+00  0.32657650E-21 -0.32865761E+01
  0.73000000E+00  0.33473230E-21 -0.33324742E+01
  0.74000000E+00  0.34290366E-21 -0.33783826E+01
  0.75000000E+00  0.35108696E-21 -0.34243017E+01
  0.76000000E+00  0.35927876E-21 -0.34702314E+01
  0.77000000E+00  0.36747591E-21 -0.35161721E+01
  0.78000000E+00  0.37567548E-21 -0.35621237E+01
  0.79000000E+00  0.38387484E-21 -0.36080865E+01
  0.80000000E+00  0.39207163E-21 -0.36540606E+01
  0.81000000E+00  0.40026380E-21 -0.37000462E+01
  0.82000000E+00  0.40844959E-21 -0.37460434E+01
  0.83000000E+00  0.41662757E-21 -0.37920523E+01
  0.84000000E+00  0.42479664E-21 -0.38380731E+01
  0.85000000E+00  0.43295602E-21 -0.38841060E+01
  0.86000000E+00  0.44110527E-21 -0.39301510E+01
  0.87000000E+00  0.44924429E-21 -0.39762084E+01
  0.88000000E+00  0.45737332E-21 -0.40222783E+01
  0.89000000E+00  0.46549293E-21 -0.40683608E+01
  0.90000000E+00  0.47360405E-21 -0.41144561E+01
  0.91000000E+00  0.48170792E-21 -0.41605643E+01
  0.92000000E+00  0.48980612E-21 -0.42066856E+01
  0.93000000E+00  0.49790055E-21 -0.42528201E+01
  0.94000000E+00  0.50599341E-21 -0.42989680E+01
  0.95000000E+00  0.51408722E-21 -0.43451293E+01
  0.96000000E+00  0.52218479E-21 -0.43913044E+01
  0.97000000E+00  0.53028917E-21 -0.44374933E+01
  0.98000000E+00  0.53840372E-21 -0.44836961E+01
  0.99000000E+00  0.54653201E-21 -0.45299131E+01
  0.10000000E+01  0.55467783E-21 -0.45761443E+01
  0.10100000E+01  0.56284520E-21 -0.46223899E+01
  0.10200000E+01  0.57103831E-21 -0.46686501E+01
  0.10300000E+01  0.57926150E-21 -0.47149250E+01
  0.10400000E+01  0.58751926E-21 -0.47612148E+01
  0.10500000E+01  0.59581620E-21 -0.48075196E+01
  0.10600000E+01  0.60415701E-21 -0.48538395E+01
  0.10700000E+01  0.61254643E-21 -0.49001747E+01
  0.10800000E+01  0.62098926E-21 -0.49465255E+01
  0.10900000E+01  0.62949030E-21 -0.49928918E+01
  0.11000000E+01  0.63805432E-21 -0.50392739E+01
  0.11100000E+01  0.64668608E-21 -0.50856719E+01
  0.11200000E+01  0.65539022E-21 -0.51320859E+01
  0.11300000E+01  0.66417134E-21 -0.51785162E+01
  0.11400000E+01  0.67303386E-21 -0.52249628E+01
  0.11500000E+01  0.68198208E-21 -0.52714260E+01
  0.11600000E+01  0.69102013E-21 -0.53179058E+01
  0.11700000E+01  0.70015192E-21 -0.53644025E+01
  0.11800000E+01  0.70938117E-21 -0.54109161E+01
  0.11900000E+01  0.71871131E-21 -0.54574469E+01
  0.12000000E+01  0.72814555E-21 -0.55039949E+01
  0.12100000E+01  0.73768679E-21 -0.55505604E+01
  0.12200000E+01  0.74733764E-21 -0.55971435E+01
  0.12300000E+01  0.75710039E-21 -0.56437443E+01
  0.12400000E+01  0.76697702E-21 -0.56903630E+01
  0.12500000E+01  0.77696915E-21 -0.57369997E+01
  0.12600000E+01  0.78707805E-21 -0.57836546E+01
  0.12700000E+01  0.79730465E-21 -0.58303279E+01
  0.12800000E+01  0.80764953E-21 -0.58770197E+01
  0.12900000E+01  0.81811288E-21 -0.59237302E+01
  0.13000000E+01  0.82869457E-21 -0.59704594E+01
  0.13100000E+01  0.83939409E-21 -0.60172077E+01
  0.13200000E+01  0.85021060E-21 -0.60639751E+01
  0.13300000E+01  0.86114291E-21 -0.61107617E+01
  0.13400000E+01  0.87218954E-21 -0.61575678E+01
  0.13500000E+01  0.88334867E-21 -0.62043935E+01
  0.13600000E+01  0.89461822E-21 -0.62512389E+01
  0.13700000E+01  0.90599582E-21 -0.62981043E+01
  0.13800000E+01  0.91747888E-21 -0.63449897E+01
  0.13900000E+01  0.92906460E-21 -0.63918953E+01
  0.14000000E+01  0.94075000E-21 -0.64388213E+01
  0.14100000E+01  0.95253192E-21 -0.64857678E+01
  0.14200000E+01  0.96440714E-21 -0.65327350E+01
  0.14300000E+01  0.97637231E-21 -0.65797230E+01
  0.14400000E+01  0.98842410E-21 -0.66267321E+01
  0.14500000E+01  0.10005591E-20 -0.66737623E+01
  0.14600000E+01  0.10127741E-20 -0.67208139E+01
  0.14700000E+01  0.10250659E-20 -0.67678869E+01
  0.14800000E+01  0.10374314E-20 -0.68149815E+01
  0.14900000E+01  0.10498677E-20 -0.68620980E+01
  0.15000000E+01  0.10623722E-20 -0.69092364E+01
  0.15100000E+01  0.10749426E-20 -0.69563969E+01
  0.15200000E+01  0.10875768E-20 -0.70035797E+01
  0.15300000E+01  0.11002734E-20 -0.70507849E+01
  0.15400000E+01  0.11130311E-20 -0.70980127E+01
  0.15500000E+01  0.11258493E-20 -0.71452633E+01
  0.15600000E+01  0.11387278E-20 -0.71925368E+01
  0.15700000E+01  0.11516672E-20 -0.72398334E+01
  0.15800000E+01  0.11646684E-20 -0.72871531E+01
  0.15900000E+01  0.11777333E-20 -0.73344963E+01
  0.16000000E+01  0.11908643E-20 -0.73818631E+01
  0.16100000E+01  0.12040647E-20 -0.74292536E+01
  0.16200000E+01  0.12173385E-20 -0.74766679E+01
  0.16300000E+01  0.12306906E-20 -0.75241064E+01
  0.16400000E+01  0.12441266E-20 -0.75715690E+01
  0.16500000E+01  0.12576533E-20 -0.76190560E+01
  0.16600000E+01  0.12712780E-20 -0.76665675E+01
  0.16700000E+01  0.12850091E-20 -0.77141037E+01
  0.16800000E+01  0.12988560E-20 -0.77616648E+01
  0.16900000E+01  0.13128290E-20 -0.78092509E+01
  0.17000000E+01  0.13269393E-20 -0.78568622E+01
  0.17100000E+01  0.13411989E-20 -0.79044989E+01
  0.17200000E+01  0.13556210E-20 -0.79521611E+01
  0.17300000E+01  0.13702195E-20 -0.79998490E+01
  0.17400000E+01  0.13850093E-20 -0.80475627E+01
  0.17500000E+01  0.14000061E-20 -0.80953024E+01
  0.17600000E+01  0.14152264E-20 -0.81430684E+01
  0.17700000E+01  0.14306876E-20 -0.81908607E+01
  0.17800000E+01  0.14464078E-20 -0.82386795E+01
  0.17900000E+01  0.14624057E-20 -0.82865249E+01
  0.18000000E+01  0.14787008E-20 -0.83343973E+01
  0.18100000E+01  0.14953130E-20 -0.83822967E+01
  0.18200000E+01  0.15122629E-20 -0.84302232E+01
  0.18300000E+01  0.15295714E-20 -0.84781771E+01
  0.18400000E+01  0.15472599E-20 -0.85261585E+01
  0.18500000E+01  0.15653499E-20 -0.85741677E+01
  0.18600000E+01  0.15838633E-20 -0.86222047E+01
  0.18700000E+01  0.16028218E-20 -0.86702697E+01
  0.18800000E+01  0.16222475E-20 -0.87183629E+01
  0.18900000E+01  0.16421622E-20 -0.87664845E+01
  0.19000000E+01  0.16625875E-20 -0.88146347E+01
  0.19100000E+01  0.16835448E-20 -0.88628136E+01
  0.19200000E+01  0.17050551E-20 -0.89110213E+01
  0.19300000E+01  0.17271390E-20 -0.89592581E+01
  0.19400000E+01  0.17498162E-20 -0.90075242E+01
  0.19500000E+01  0.17731062E-20 -0.90558196E+01
  0.19600000E+01  0.17970273E-20 -0.91041447E+01
  0.19700000E+01  0.18215971E-20 -0.91524995E+01
  0.19800000E+01  0.18468321E-20 -0.92008842E+01
  0.19900000E+01  0.18727480E-20 -0.92492990E+01
  0.20000000E+01  0.18993590E-20 -0.92977440E+01
  0.20100000E+01  0.19266782E-20 -0.93462195E+01
  0.20200000E+01  0.19547175E-20 -0.93947257E+01
  0.20300000E+01  0.19834870E-20 -0.94432626E+01
  0.20400000E+01  0.20129958E-20 -0.94918305E+01
  0.20500000E+01  0.20432511E-20 -0.95404296E+01
  0.20600000E+01  0.20742588E-20 -0.95890599E+01
  0.20700000E+01  0.21060229E-20 -0.96377218E+01
  0.20800000E+01  0.21385459E-20 -0.96864153E+01
  0.20900000E+01  0.21718286E-20 -0.97351407E+01
  0.21000000E+01  0.22058699E-20 -0.97838982E+01
  0.21100000E+01  0.22406672E-20 -0.98326878E+01
  0.21200000E+01  0.22762161E-20 -0.98815099E+01
  0.21300000E+01  0.23125103E-20 -0.99303645E+01
  0.21400000E+01  0.23495420E-20 -0.99792518E+01
  0.21500000E+01  0.23873017E-20 -0.10028172E+02
  0.21600000E+01  0.24257782E-20 -0.10077125E+02
  0.21700000E+01  0.24649587E-20 -0.10126112E+02
  0.21800000E+01  0.25048289E-20 -0.10175132E+02
  0.21900000E+01  0.25453730E-20 -0.10224186E+02
  0.22000000E+01  0.25865740E-20 -0.10273274E+02
  0.22100000E+01  0.26284133E-20 -0.10322395E+02
  0.22200000E+01  0.26708712E-20 -0.10371551E+02
  0.22300000E+01  0.27139269E-20 -0.10420741E+02
  0.22400000E+01  0.27575587E-20 -0.10469966E+02
  0.22500000E+01  0.28017438E-20 -0.10519226E+02
  0.22600000E+01  0.28464587E-20 -0.10568520E+02
  0.22700000E+01  0.28916792E-20 -0.10617850E+02
  0.22800000E+01  0.29373805E-20 -0.10667214E+02
  0.22900000E+01  0.29835376E-20 -0.10716615E+02
  0.23000000E+01  0.30301249E-20 -0.10766051E+02
  0.23100000E+01  0.30771168E-20 -0.10815523E+02
  0.23200000E+01  0.31244876E-20 -0.10865031E+02
  0.23300000E+01  0.31722116E-20 -0.10914575E+02
  0.23400000E+01  0.32202634E-20 -0.10964155E+02
  0.23500000E+01  0.32686176E-20 -0.11013773E+02
  0.23600000E+01  0.33172496E-20 -0.11063426E+02
  0.23700000E+01  0.33661350E-20 -0.11113117E+02
  0.23800000E+01  0.34152501E-20 -0.11162846E+02
  0.23900000E+01  0.34645718E-20 -0.11212611E+02
  0.24000000E+01  0.35140776E-20 -0.11262414E+02
  0.24100000E+01  0.35637462E-20 -0.11312255E+02
  0.24200000E+01  0.36135568E-20 -0.11362134E+02
  0.24300000E+01  0.36634896E-20 -0.11412050E+02
  0.24400000E+01  0.37135258E-20 -0.11462006E+02
  0.24500000E+01  0.37636475E-20 -0.11511999E+02
  0.24600000E+01  0.38138377E-20 -0.11562032E+02
  0.24700000E+01  0.38640804E-20 -0.11612103E+02
  0.24800000E+01  0.39143608E-20 -0.11662213E+02
  0.24900000E+01  0.39646646E-20 -0.11712363E+02
  0.25000000E+01  0.40149789E-20 -0.11762552E+02
  0.25100000E+01  0.40652913E-20 -0.11812781E+02
  0.25200000E+01  0.41155904E-20 -0.11863050E+02
  0.25300000E+01  0.41658656E-20 -0.11913359E+02
  0.25400000E+01  0.42161071E-20 -0.11963708E+02
  0.25500000E+01  0.42663057E-20 -0.12014097E+02
  0.25600000E+01  0.43164530E-20 -0.12064527E+02
  0.25700000E+01  0.43665411E-20 -0.12114998E+02
  0.25800000E+01  0.44165626E-20 -0.12165510E+02
  0.25900000E+01  0.44665109E-20 -0.12216064E+02
  0.26000000E+01  0.45163797E-20 -0.12266659E+02
  0.26100000E+01  0.45661633E-20 -0.12317295E+02
  0.26200000E+01  0.46158564E-20 -0.12367974E+02
  0.26300000E+01  0.46654544E-20 -0.12418694E+02
  0.26400000E+01  0.47149529E-20 -0.12469457E+02
  0.26500000E+01  0.47643486E-20 -0.12520262E+02
  0.26600000E+01  0.48136384E-20 -0.12571110E+02
  0.26700000E+01  0.48628203E-20 -0.12622000E+02
  0.26800000E+01  0.49118930E-20 -0.12672934E+02
  0.26900000E+01  0.49608562E-20 -0.12723911E+02
  0.27000000E+01  0.50097112E-20 -0.12774932E+02
  0.27100000E+01  0.50584601E-20 -0.12825996E+02
  0.27200000E+01  0.51071070E-20 -0.12877104E+02
  0.27300000E+01  0.51556578E-20 -0.12928256E+02
  0.27400000E+01  0.52041205E-20 -0.12979453E+02
  0.27500000E+01  0.52525055E-20 -0.13030694E+02
  0.27600000E+01  0.53008258E-20 -0.13081980E+02
  0.27700000E+01  0.53490975E-20 -0.13133311E+02
  0.27800000E+01  0.53973400E-20 -0.13184687E+02
  0.27900000E+01  0.54455762E-20 -0.13236108E+02
  0.28000000E+01  0.54938333E-20 -0.13287575E+02
  0.28100000E+01  0.55421423E-20 -0.13339088E+02
  0.28200000E+01  0.55905389E-20 -0.13390646E+02
  0.28300000E+01  0.56390636E-20 -0.13442251E+02
  0.28400000E+01  0.56877619E-20 -0.13493902E+02
  0.28500000E+01  0.57366844E-20 -0.13545600E+02
  0.28600000E+01  0.57858870E-20 -0.13597345E+02
  0.28700000E+01  0.58354309E-20 -0.13649137E+02
  0.28800000E+01  0.58853827E-20 -0.13700976E+02
  0.28900000E+01  0.59358142E-20 -0.13752863E+02
  0.29000000E+01  0.59868023E-20 -0.13804797E+02
  0.29100000E+01  0.60384285E-20 -0.13856780E+02
  0.29200000E+01  0.60907787E-20 -0.13908810E+02
  0.29300000E+01  0.61439427E-20 -0.13960889E+02
  0.29400000E+01  0.61980136E-20 -0.14013017E+02
  0.29500000E+01  0.62530868E-20 -0.14065193E+02
  0.29600000E+01  0.63092593E-20 -0.14117418E+02
  0.29700000E+01  0.63666288E-20 -0.14169693E+02
  0.29800000E+01  0.64252923E-20 -0.14222017E+02
  0.29900000E+01  0.64853452E-20 -0.14274390E+02
  0.30000000E+01  0.65468798E-20 -0.14326814E+02
  0.30100000E+01  0.66099837E-20 -0.14379288E+02
  0.30200000E+01  0.66747386E-20 -0.14431812E+02
  0.30300000E+01  0.67412185E-20 -0.14484387E+02
  0.30400000E+01  0.68094881E-20 -0.14537013E+02
  0.30500000E+01  0.68796014E-20 -0.14589689E+02
  0.30600000E+01  0.69516001E-20 -0.14642417E+02
  0.30700000E+01  0.70255116E-20 -0.14695197E+02
  0.30800000E+01  0.71013485E-20 -0.14748028E+02
  0.30900000E+01  0.71791063E-20 -0.14800911E+02
  0.31000000E+01  0.72587632E-20 -0.14853846E+02
  0.31100000E+01  0.73402787E-20 -0.14906834E+02
  0.31200000E+01  0.74235934E-20 -0.14959875E+02
  0.31300000E+01  0.75086286E-20 -0.15012968E+02
  0.31400000E+01  0.75952866E-20 -0.15066115E+02
  0.31500000E+01  0.76834513E-20 -0.15119314E+02
  0.31600000E+01  0.77729895E-20 -0.15172568E+02
  0.31700000E+01  0.78637522E-20 -0.15225875E+02
  0.31800000E+01  0.79555773E-20 -0.15279236E+02
  0.31900000E+01  0.80482923E-20 -0.15332652E+02
  0.32000000E+01  0.81417175E-20 -0.15386122E+02
  0.32100000E+01  0.82356705E-20 -0.15439647E+02
  0.32200000E+01  0.83299707E-20 -0.15493227E+02
  0.32300000E+01  0.84244447E-20 -0.15546862E+02
  0.32400000E+01  0.85189325E-20 -0.15600553E+02
  0.32500000E+01  0.86132932E-20 -0.15654300E+02
  0.32600000E+01  0.87074126E-20 -0.15708102E+02
  0.32700000E+01  0.88012101E-20 -0.15761961E+02
  0.32800000E+01  0.88946462E-20 -0.15815876E+02
  0.32900000E+01  0.89877295E-20 -0.15869848E+02
  0.33000000E+01  0.90805249E-20 -0.15923876E+02
  0.33100000E+01  0.91731599E-20 -0.15977962E+02
  0.33200000E+01  0.92658316E-20 -0.16032106E+02
  0.33300000E+01  0.93588122E-20 -0.16086307E+02
  0.33400000E+01  0.94524538E-20 -0.16140566E+02
  0.33500000E+01  0.95471919E-20 -0.16194883E+02
  0.33600000E+01  0.96435475E-20 -0.16249259E+02
  0.33700000E+01  0.97421268E-20 -0.16303693E+02
  0.33800000E+01  0.98436195E-20 -0.16358187E+02
  0.33900000E+01  0.99487943E-20 -0.16412739E+02
  0.34000000E+01  0.10058492E-19 -0.16467351E+02
  0.34100000E+01  0.10173616E-19 -0.16522023E+02
  0.34200000E+01  0.10295118E-19 -0.16576755E+02
  0.34300000E+01  0.10423986E-19 -0.16631547E+02
  0.34400000E+01  0.10561222E-19 -0.16686399E+02
  0.34500000E+01  0.10707823E-19 -0.16741312E+02
  0.34600000E+01  0.10864754E-19 -0.16796286E+02
  0.34700000E+01  0.11032924E-19 -0.16851321E+02
  0.34800000E+01  0.11213156E-19 -0.16906418E+02
  0.34900000E+01  0.11406157E-19 -0.16961577E+02
  0.35000000E+01  0.11612486E-19 -0.17016797E+02
  0.35100000E+01  0.11832526E-19 -0.17072080E+02
  0.35200000E+01  0.12066449E-19 -0.17127426E+02
  0.35300000E+01  0.12314192E-19 -0.17182834E+02
  0.35400000E+01  0.12575429E-19 -0.17238305E+02
  0.35500000E+01  0.12849554E-19 -0.17293840E+02
  0.35600000E+01  0.13135663E-19 -0.17349438E+02
  0.35700000E+01  0.13432547E-19 -0.17405101E+02
  0.35800000E+01  0.13738693E-19 -0.17460827E+02
  0.35900000E+01  0.14052293E-19 -0.17516618E+02
  0.36000000E+01  0.14371268E-19 -0.17572473E+02
  0.36100000E+01  0.14693291E-19 -0.17628394E+02
  0.36200000E+01  0.15015840E-19 -0.17684379E+02
  0.36300000E+01  0.15336244E-19 -0.17740430E+02
  0.36400000E+01  0.15651754E-19 -0.17796547E+02
  0.36500000E+01  0.15959614E-19 -0.17852730E+02
  0.36600000E+01  0.16257149E-19 -0.17908980E+02
  0.36700000E+01  0.16541848E-19 -0.17965296E+02
  0.36800000E+01  0.16811462E-19 -0.18021679E+02
  0.36900000E+01  0.17064087E-19 -0.18078129E+02
  0.37000000E+01  0.17298255E-19 -0.18134646E+02
  0.37100000E+01  0.17513005E-19 -0.18191232E+02
  0.37200000E+01  0.17707944E-19 -0.18247885E+02
  0.37300000E+01  0.17883284E-19 -0.18304606E+02
  0.37400000E+01  0.18039856E-19 -0.18361397E+02
  0.37500000E+01  0.18179102E-19 -0.18418256E+02
  0.37600000E+01  0.18303029E-19 -0.18475184E+02
  0.37700000E+01  0.18414135E-19 -0.18532181E+02
  0.37800000E+01  0.18515320E-19 -0.18589249E+02
  0.37900000E+01  0.18609760E-19 -0.18646386E+02
  0.38000000E+01  0.18700778E-19 -0.18703594E+02
  0.38100000E+01  0.18791718E-19 -0.18760872E+02
  0.38200000E+01  0.18885820E-19 -0.18818221E+02
  0.38300000E+01  0.18986132E-19 -0.18875642E+02
  0.38400000E+01  0.19095461E-19 -0.18933134E+02
  0.38500000E+01  0.19216372E-19 -0.18990697E+02
  0.38600000E+01  0.19351260E-19 -0.19048333E+02
  0.38700000E+01  0.19502506E-19 -0.19106041E+02
  0.38800000E+01  0.19672755E-19 -0.19163822E+02
  0.38900000E+01  0.19865410E-19 -0.19221676E+02
  0.39000000E+01  0.20085486E-19 -0.19279603E+02
  0.39100000E+01  0.20341102E-19 -0.19337604E+02
  0.39200000E+01  0.20645959E-19 -0.19395678E+02
  0.39300000E+01  0.21023115E-19 -0.19453827E+02
  0.39400000E+01  0.21510102E-19 -0.19512050E+02
  0.39500000E+01  0.22164642E-19 -0.19570348E+02
  0.39600000E+01  0.23069116E-19 -0.19628721E+02
  0.39700000E+01  0.24330565E-19 -0.19687170E+02
  0.39800000E+01  0.26072344E-19 -0.19745694E+02
  0.39900000E+01  0.28414448E-19 -0.19804295E+02
  0.40000000E+01  0.31442806E-19 -0.19862971E+02
  0.40100000E+01  0.35173068E-19 -0.19921725E+02
  0.40200000E+01  0.39519778E-19 -0.19980555E+02
  0.40300000E+01  0.44284135E-19 -0.20039463E+02
  0.40400000E+01  0.49170404E-19 -0.20098448E+02
  0.40500000E+01  0.53832041E-19 -0.20157511E+02
  0.40600000E+01  0.57937019E-19 -0.20216653E+02
  0.40700000E+01  0.61233109E-19 -0.20275873E+02
  0.40800000E+01  0.63592645E-19 -0.20335172E+02
  0.40900000E+01  0.65023762E-19 -0.20394550E+02
  0.41000000E+01  0.65647713E-19 -0.20454008E+02
  0.41100000E+01  0.65653675E-19 -0.20513546E+02
  0.41200000E+01  0.65248103E-19 -0.20573164E+02
  0.41300000E+01  0.64613922E-19 -0.20632862E+02
  0.41400000E+01  0.63887704E-19 -0.20692641E+02
  0.41500000E+01  0.63154938E-19 -0.20752502E+02
  0.41600000E+01  0.62457954E-19 -0.20812444E+02
  0.41700000E+01  0.61809371E-19 -0.20872468E+02
  0.41800000E+01  0.61205324E-19 -0.20932574E+02
  0.41900000E+01  0.60635388E-19 -0.20992762E+02
  0.42000000E+01  0.60088511E-19 -0.21053034E+02
  0.42100000E+01  0.59555728E-19 -0.21113389E+02
  0.42200000E+01  0.59030839E-19 -0.21173827E+02
  0.42300000E+01  0.58510108E-19 -0.21234349E+02
  0.42400000E+01  0.57991656E-19 -0.21294956E+02
  0.42500000E+01  0.57474865E-19 -0.21355647E+02
  0.42600000E+01  0.56959929E-19 -0.21416423E+02
  0.42700000E+01  0.56447536E-19 -0.21477284E+02
  0.42800000E+01  0.55938670E-19 -0.21538231E+02
  0.42900000E+01  0.55434479E-19 -0.21599264E+02
  0.43000000E+01  0.54936191E-19 -0.21660383E+02
  0.43100000E+01  0.54445061E-19 -0.21721589E+02
  0.43200000E+01  0.53962340E-19 -0.21782882E+02
  0.43300000E+01  0.53489247E-19 -0.21844263E+02
  0.43400000E+01  0.53026957E-19 -0.21905731E+02
  0.43500000E+01  0.52576591E-19 -0.21967287E+02
  0.43600000E+01  0.52139210E-19 -0.22028932E+02
  0.43700000E+01  0.51715808E-19 -0.22090666E+02
  0.43800000E+01  0.51307313E-19 -0.22152488E+02
  0.43900000E+01  0.50914587E-19 -0.22214401E+02
  0.44000000E+01  0.50538424E-19 -0.22276403E+02
  0.44100000E+01  0.50179552E-19 -0.22338496E+02
  0.44200000E+01  0.49838632E-19 -0.22400679E+02
  0.44300000E+01  0.49516265E-19 -0.22462954E+02
  0.44400000E+01  0.49212990E-19 -0.22525320E+02
  0.44500000E+01  0.48929285E-19 -0.22587777E+02
  0.44600000E+01  0.48665574E-19 -0.22650327E+02
  0.44700000E+01  0.48422226E-19 -0.22712970E+02
  0.44800000E+01  0.48199556E-19 -0.22775705E+02
  0.44900000E+01  0.47997831E-19 -0.22838534E+02
  0.45000000E+01  0.47817271E-19 -0.22901456E+02
  0.45100000E+01  0.47658051E-19 -0.22964473E+02
  0.45200000E+01  0.47520303E-19 -0.23027584E+02
  0.45300000E+01  0.47404118E-19 -0.23090789E+02
  0.45400000E+01  0.47309551E-19 -0.23154091E+02
  0.45500000E+01  0.47236618E-19 -0.23217487E+02
  0.45600000E+01  0.47185304E-19 -0.23280980E+02
  0.45700000E+01  0.47155561E-19 -0.23344569E+02
  0.45800000E+01  0.47147310E-19 -0.23408255E+02
  0.45900000E+01  0.47160448E-19 -0.23472039E+02
  0.46000000E+01  0.47194841E-19 -0.23535919E+02
  0.46100000E+01  0.47250334E-19 -0.23599898E+02
  0.46200000E+01  0.47326747E-19 -0.23663976E+02
  0.46300000E+01  0.47423883E-19 -0.23728152E+02
  0.46400000E+01  0.47541521E-19 -0.23792427E+02
  0.46500000E+01  0.47679426E-19 -0.23856802E+02
  0.46600000E+01  0.47837343E-19 -0.23921277E+02
  0.46700000E+01  0.48015005E-19 -0.23985853E+02
  0.46800000E+01  0.48212129E-19 -0.24050530E+02
  0.46900000E+01  0.48428422E-19 -0.24115307E+02
  0.47000000E+01  0.48663576E-19 -0.24180187E+02
  0.47100000E+01  0.48917278E-19 -0.24245169E+02
  0.47200000E+01  0.49189200E-19 -0.24310253E+02
  0.47300000E+01  0.49479010E-19 -0.24375440E+02
  0.47400000E+01  0.49786367E-19 -0.24440731E+02
  0.47500000E+01  0.50110925E-19 -0.24506125E+02
  0.47600000E+01  0.50452330E-19 -0.24571624E+02
  0.47700000E+01  0.50810227E-19 -0.24637227E+02
  0.47800000E+01  0.51184254E-19 -0.24702936E+02
  0.47900000E+01  0.51574047E-19 -0.24768750E+02
  0.48000000E+01  0.51979238E-19 -0.24834670E+02
  0.48100000E+01  0.52399459E-19 -0.24900697E+02
  0.48200000E+01  0.52834339E-19 -0.24966831E+02
  0.48300000E+01  0.53283506E-19 -0.25033071E+02
  0.48400000E+01  0.53746588E-19 -0.25099420E+02
  0.48500000E+01  0.54223212E-19 -0.25165877E+02
  0.48600000E+01  0.54713006E-19 -0.25232442E+02
  0.48700000E+01  0.55215598E-19 -0.25299117E+02
  0.48800000E+01  0.55730616E-19 -0.25365901E+02
  0.48900000E+01  0.56257690E-19 -0.25432796E+02
  0.49000000E+01  0.56796452E-19 -0.25499800E+02
  0.49100000E+01  0.57346535E-19 -0.25566916E+02
  0.49200000E+01  0.57907571E-19 -0.25634143E+02
  0.49300000E+01  0.58479199E-19 -0.25701482E+02
  0.49400000E+01  0.59061055E-19 -0.25768934E+02
  0.49500000E+01  0.59652780E-19 -0.25836498E+02
  0.49600000E+01  0.60254017E-19 -0.25904175E+02
  0.49700000E+01  0.60864409E-19 -0.25971967E+02
  0.49800000E+01  0.61483604E-19 -0.26039872E+02
  0.49900000E+01  0.62111250E-19 -0.26107892E+02
  0.50000000E+01  0.62747000E-19 -0.26176028E+02
  0.50100000E+01  0.63390505E-19 -0.26244279E+02
  0.50200000E+01  0.64041423E-19 -0.26312646E+02
  0.50300000E+01  0.64699412E-19 -0.26381130E+02
  0.50400000E+01  0.65364132E-19 -0.26449731E+02
  0.50500000E+01  0.66035246E-19 -0.26518450E+02
  0.50600000E+01  0.66712418E-19 -0.26587286E+02
  0.50700000E+01  0.67395316E-19 -0.26656242E+02
  0.50800000E+01  0.68083609E-19 -0.26725316E+02
  0.50900000E+01  0.68776967E-19 -0.26794510E+02
  0.51000000E+01  0.69475065E-19 -0.26863825E+02
  0.51100000E+01  0.70177575E-19 -0.26933260E+02
  0.51200000E+01  0.70884177E-19 -0.27002816E+02
  0.51300000E+01  0.71594547E-19 -0.27072493E+02
  0.51400000E+01  0.72308368E-19 -0.27142293E+02
  0.51500000E+01  0.73025320E-19 -0.27212216E+02
  0.51600000E+01  0.73745088E-19 -0.27282262E+02
  0.51700000E+01  0.74467357E-19 -0.27352431E+02
  0.51800000E+01  0.75191814E-19 -0.27422725E+02
  0.51900000E+01  0.75918148E-19 -0.27493143E+02
  0.52000000E+01  0.76646050E-19 -0.27563687E+02
  0.52100000E+01  0.77375211E-19 -0.27634357E+02
  0.52200000E+01  0.78105324E-19 -0.27705153E+02
  0.52300000E+01  0.78836086E-19 -0.27776076E+02
  0.52400000E+01  0.79567192E-19 -0.27847126E+02
  0.52500000E+01  0.80298341E-19 -0.27918304E+02
  0.52600000E+01  0.81029233E-19 -0.27989611E+02
  0.52700000E+01  0.81759570E-19 -0.28061047E+02
  0.52800000E+01  0.82489056E-19 -0.28132613E+02
  0.52900000E+01  0.83217395E-19 -0.28204309E+02
  0.53000000E+01  0.83944295E-19 -0.28276136E+02
  0.53100000E+01  0.84669466E-19 -0.28348093E+02
  0.53200000E+01  0.85392619E-19 -0.28420183E+02
  0.53300000E+01  0.86113468E-19 -0.28492405E+02
  0.53400000E+01  0.86831729E-19 -0.28564761E+02
  0.53500000E+01  0.87547121E-19 -0.28637250E+02
  0.53600000E+01  0.88259364E-19 -0.28709873E+02
  0.53700000E+01  0.88968184E-19 -0.28782630E+02
  0.53800000E+01  0.89673306E-19 -0.28855523E+02
  0.53900000E+01  0.90374460E-19 -0.28928552E+02
  0.54000000E+01  0.91071381E-19 -0.29001718E+02
  0.54100000E+01  0.91763805E-19 -0.29075020E+02
  0.54200000E+01  0.92451471E-19 -0.29148460E+02
  0.54300000E+01  0.93134126E-19 -0.29222039E+02
  0.54400000E+01  0.93811515E-19 -0.29295756E+02
  0.54500000E+01  0.94483393E-19 -0.29369613E+02
  0.54600000E+01  0.95149516E-19 -0.29443610E+02
  0.54700000E+01  0.95809646E-19 -0.29517747E+02
  0.54800000E+01  0.96463549E-19 -0.29592026E+02
  0.54900000E+01  0.97110998E-19 -0.29666447E+02
  0.55000000E+01  0.97751768E-19 -0.29741010E+02
  0.55100000E+01  0.98385644E-19 -0.29815717E+02
  0.55200000E+01  0.99012413E-19 -0.29890567E+02
  0.55300000E+01  0.99631871E-19 -0.29965562E+02
  0.55400000E+01  0.10024382E-18 -0.30040702E+02
  0.55500000E+01  0.10084806E-18 -0.30115987E+02
  0.55600000E+01  0.10144442E-18 -0.30191419E+02
  0.55700000E+01  0.10203271E-18 -0.30266998E+02
  0.55800000E+01  0.10261276E-18 -0.30342724E+02
  0.55900000E+01  0.10318441E-18 -0.30418598E+02
  0.56000000E+01  0.10374750E-18 -0.30494622E+02
  0.56100000E+01  0.10430189E-18 -0.30570795E+02
  0.56200000E+01  0.10484743E-18 -0.30647118E+02
  0.56300000E+01  0.10538399E-18 -0.30723593E+02
  0.56400000E+01  0.10591146E-18 -0.30800219E+02
  0.56500000E+01  0.10642972E-18 -0.30876997E+02
  0.56600000E+01  0.10693866E-18 -0.30953928E+02
  0.56700000E+01  0.10743819E-18 -0.31031012E+02
  0.56800000E+01  0.10792822E-18 -0.31108251E+02
  0.56900000E+01  0.10840868E-18 -0.31185645E+02
  0.57000000E+01  0.10887950E-18 -0.31263195E+02
  0.57100000E+01  0.10934063E-18 -0.31340901E+02
  0.57200000E+01  0.10979201E-18 -0.31418764E+02
  0.57300000E+01  0.11023362E-18 -0.31496785E+02
  0.57400000E+01  0.11066543E-18 -0.31574964E+02
  0.57500000E+01  0.11108742E-18 -0.31653303E+02
  0.57600000E+01  0.11149959E-18 -0.31731801E+02
  0.57700000E+01  0.11190194E-18 -0.31810460E+02
  0.57800000E+01  0.11229450E-18 -0.31889281E+02
  0.57900000E+01  0.11267729E-18 -0.31968263E+02
  0.58000000E+01  0.11305035E-18 -0.32047408E+02
  0.58100000E+01  0.11341374E-18 -0.32126717E+02
  0.58200000E+01  0.11376750E-18 -0.32206191E+02
  0.58300000E+01  0.11411172E-18 -0.32285829E+02
  0.58400000E+01  0.11444648E-18 -0.32365633E+02
  0.58500000E+01  0.11477187E-18 -0.32445604E+02
  0.58600000E+01  0.11508800E-18 -0.32525742E+02
  0.58700000E+01  0.11539499E-18 -0.32606048E+02
  0.58800000E+01  0.11569295E-18 -0.32686523E+02
  0.58900000E+01  0.11598204E-18 -0.32767168E+02
  0.59000000E+01  0.11626239E-18 -0.32847983E+02
  0.59100000E+01  0.11653417E-18 -0.32928969E+02
  0.59200000E+01  0.11679754E-18 -0.33010128E+02
  0.59300000E+01  0.11705270E-18 -0.33091459E+02
  0.59400000E+01  0.11729982E-18 -0.33172963E+02
  0.59500000E+01  0.11753910E-18 -0.33254642E+02
  0.59600000E+01  0.11777076E-18 -0.33336497E+02
  0.59700000E+01  0.11799502E-18 -0.33418527E+02
  0.59800000E+01  0.11821210E-18 -0.33500734E+02
  0.59900000E+01  0.11842225E-18 -0.33583119E+02
  0.60000000E+01  0.11862571E-18 -0.33665683E+02
