  0.20000000E+00 -0.18241940E-11  0.39555060E-11
  0.21000000E+00 -0.19968134E-11  0.41177480E-11
  0.22000000E+00 -0.21764940E-11  0.42749451E-11
  0.23000000E+00 -0.23630468E-11  0.44268926E-11
  0.24000000E+00 -0.25562755E-11  0.45733922E-11
  0.25000000E+00 -0.27559761E-11  0.47142506E-11
  0.26000000E+00 -0.29619377E-11  0.48492784E-11
  0.27000000E+00 -0.31739422E-11  0.49782946E-11
  0.28000000E+00 -0.33917646E-11  0.51011205E-11
  0.29000000E+00 -0.36151733E-11  0.52175864E-11
  0.30000000E+00 -0.38439304E-11  0.53275270E-11
  0.31000000E+00 -0.40777915E-11  0.54307828E-11
  0.32000000E+00 -0.43165063E-11  0.55272040E-11
  0.33000000E+00 -0.45598187E-11  0.56166415E-11
  0.34000000E+00 -0.48074670E-11  0.56989604E-11
  0.35000000E+00 -0.50591841E-11  0.57740257E-11
  0.36000000E+00 -0.53146979E-11  0.58417142E-11
  0.37000000E+00 -0.55737313E-11  0.59019090E-11
  0.38000000E+00 -0.58360026E-11  0.59544969E-11
  0.39000000E+00 -0.61012258E-11  0.59993802E-11
  0.40000000E+00 -0.63691109E-11  0.60364582E-11
  0.41000000E+00 -0.66393639E-11  0.60656485E-11
  0.42000000E+00 -0.69116873E-11  0.60868688E-11
  0.43000000E+00 -0.71857804E-11  0.61000475E-11
  0.44000000E+00 -0.74613395E-11  0.61051243E-11
  0.45000000E+00 -0.77380582E-11  0.61020389E-11
  0.46000000E+00 -0.80156276E-11  0.60907496E-11
  0.47000000E+00 -0.82937370E-11  0.60712138E-11
  0.48000000E+00 -0.85720735E-11  0.60434024E-11
  0.49000000E+00 -0.88503230E-11  0.60072957E-11
  0.50000000E+00 -0.91281703E-11  0.59628753E-11
  0.51000000E+00 -0.94052991E-11  0.59101428E-11
  0.52000000E+00 -0.96813929E-11  0.58490969E-11
  0.53000000E+00 -0.99561346E-11  0.57797518E-11
  0.54000000E+00 -0.10229208E-10  0.57021314E-11
  0.55000000E+00 -0.10500296E-10  0.56162587E-11
  0.56000000E+00 -0.10769083E-10  0.55221814E-11
  0.57000000E+00 -0.11035256E-10  0.54199379E-11
  0.58000000E+00 -0.11298501E-10  0.53095893E-11
  0.59000000E+00 -0.11558508E-10  0.51912005E-11
  0.60000000E+00 -0.11814967E-10  0.50648384E-11
  0.61000000E+00 -0.12067573E-10  0.49305949E-11
  0.62000000E+00 -0.12316021E-10  0.47885492E-11
  0.63000000E+00 -0.12560012E-10  0.46388082E-11
  0.64000000E+00 -0.12799249E-10  0.44814767E-11
  0.65000000E+00 -0.13033439E-10  0.43166655E-11
  0.66000000E+00 -0.13262294E-10  0.41445082E-11
  0.67000000E+00 -0.13485530E-10  0.39651252E-11
  0.68000000E+00 -0.13702869E-10  0.37786648E-11
  0.69000000E+00 -0.13914036E-10  0.35852729E-11
  0.70000000E+00 -0.14118763E-10  0.33850990E-11
  0.71000000E+00 -0.14316790E-10  0.31783186E-11
  0.72000000E+00 -0.14507860E-10  0.29650881E-11
  0.73000000E+00 -0.14691725E-10  0.27455965E-11
  0.74000000E+00 -0.14868143E-10  0.25200259E-11
  0.75000000E+00 -0.15036880E-10  0.22885623E-11
  0.76000000E+00 -0.15197709E-10  0.20514182E-11
  0.77000000E+00 -0.15350411E-10  0.18087834E-11
  0.78000000E+00 -0.15494777E-10  0.15608819E-11
  0.79000000E+00 -0.15630605E-10  0.13079286E-11
  0.80000000E+00 -0.15757701E-10  0.10501404E-11
  0.81000000E+00 -0.15875884E-10  0.78776228E-12
  0.82000000E+00 -0.15984980E-10  0.52101233E-12
  0.83000000E+00 -0.16084824E-10  0.25014276E-12
  0.84000000E+00 -0.16175263E-10 -0.24602293E-13
  0.85000000E+00 -0.16256154E-10 -0.30298365E-12
  0.86000000E+00 -0.16327365E-10 -0.58472826E-12
  0.87000000E+00 -0.16388774E-10 -0.86959744E-12
  0.88000000E+00 -0.16440271E-10 -0.11573171E-11
  0.89000000E+00 -0.16481758E-10 -0.14476214E-11
  0.90000000E+00 -0.16513147E-10 -0.17402554E-11
  0.91000000E+00 -0.16534364E-10 -0.20349271E-11
  0.92000000E+00 -0.16545345E-10 -0.23313826E-11
  0.93000000E+00 -0.16546040E-10 -0.26293374E-11
  0.94000000E+00 -0.16536411E-10 -0.29285086E-11
  0.95000000E+00 -0.16516433E-10 -0.32286369E-11
  0.96000000E+00 -0.16486093E-10 -0.35294190E-11
  0.97000000E+00 -0.16445391E-10 -0.38305942E-11
  0.98000000E+00 -0.16394340E-10 -0.41318779E-11
  0.99000000E+00 -0.16332968E-10 -0.44329791E-11
  0.10000000E+01 -0.16261315E-10 -0.47336428E-11
  0.10100000E+01 -0.16179434E-10 -0.50335666E-11
  0.10200000E+01 -0.16087391E-10 -0.53324897E-11
  0.10300000E+01 -0.15985267E-10 -0.56301407E-11
  0.10400000E+01 -0.15873156E-10 -0.59262288E-11
  0.10500000E+01 -0.15751165E-10 -0.62205138E-11
  0.10600000E+01 -0.15619415E-10 -0.65127067E-11
  0.10700000E+01 -0.15478039E-10 -0.68025546E-11
  0.10800000E+01 -0.15327186E-10 -0.70898120E-11
  0.10900000E+01 -0.15167017E-10 -0.73742000E-11
  0.11000000E+01 -0.14997704E-10 -0.76555007E-11
  0.11100000E+01 -0.14819437E-10 -0.79334547E-11
  0.11200000E+01 -0.14632414E-10 -0.82078237E-11
  0.11300000E+01 -0.14436848E-10 -0.84784015E-11
  0.11400000E+01 -0.14232966E-10 -0.87449335E-11
  0.11500000E+01 -0.14021005E-10 -0.90072318E-11
  0.11600000E+01 -0.13801215E-10 -0.92650822E-11
  0.11700000E+01 -0.13573859E-10 -0.95182702E-11
  0.11800000E+01 -0.13339209E-10 -0.97666385E-11
  0.11900000E+01 -0.13097550E-10 -0.10009974E-10
  0.12000000E+01 -0.12849179E-10 -0.10248122E-10
  0.12100000E+01 -0.12594401E-10 -0.10480930E-10
  0.12200000E+01 -0.12333534E-10 -0.10708219E-10
  0.12300000E+01 -0.12066903E-10 -0.10929886E-10
  0.12400000E+01 -0.11794844E-10 -0.11145777E-10
  0.12500000E+01 -0.11517702E-10 -0.11355777E-10
  0.12600000E+01 -0.11235831E-10 -0.11559806E-10
  0.12700000E+01 -0.10949590E-10 -0.11757734E-10
  0.12800000E+01 -0.10659348E-10 -0.11949514E-10
  0.12900000E+01 -0.10365480E-10 -0.12135072E-10
  0.13000000E+01 -0.10068367E-10 -0.12314334E-10
  0.13100000E+01 -0.97683956E-11 -0.12487302E-10
  0.13200000E+01 -0.94659579E-11 -0.12653913E-10
  0.13300000E+01 -0.91614492E-11 -0.12814174E-10
  0.13400000E+01 -0.88552690E-11 -0.12968102E-10
  0.13500000E+01 -0.85478194E-11 -0.13115679E-10
  0.13600000E+01 -0.82395043E-11 -0.13256983E-10
  0.13700000E+01 -0.79307293E-11 -0.13392038E-10
  0.13800000E+01 -0.76219002E-11 -0.13520901E-10
  0.13900000E+01 -0.73134225E-11 -0.13643690E-10
  0.14000000E+01 -0.70057004E-11 -0.13760456E-10
  0.14100000E+01 -0.66991362E-11 -0.13871341E-10
  0.14200000E+01 -0.63941291E-11 -0.13976476E-10
  0.14300000E+01 -0.60910747E-11 -0.14075970E-10
  0.14400000E+01 -0.57903634E-11 -0.14170031E-10
  0.14500000E+01 -0.54923802E-11 -0.14258802E-10
  0.14600000E+01 -0.51975034E-11 -0.14342473E-10
  0.14700000E+01 -0.49061034E-11 -0.14421289E-10
  0.14800000E+01 -0.46185421E-11 -0.14495420E-10
  0.14900000E+01 -0.43351717E-11 -0.14565145E-10
  0.15000000E+01 -0.40563338E-11 -0.14630715E-10
  0.15100000E+01 -0.37823581E-11 -0.14692363E-10
  0.15200000E+01 -0.35135616E-11 -0.14750428E-10
  0.15300000E+01 -0.32502478E-11 -0.14805167E-10
  0.15400000E+01 -0.29927048E-11 -0.14856898E-10
  0.15500000E+01 -0.27412054E-11 -0.14905984E-10
  0.15600000E+01 -0.24960049E-11 -0.14952707E-10
  0.15700000E+01 -0.22573410E-11 -0.14997467E-10
  0.15800000E+01 -0.20254322E-11 -0.15040621E-10
  0.15900000E+01 -0.18004767E-11 -0.15082512E-10
  0.16000000E+01 -0.15826519E-11 -0.15123587E-10
  0.16100000E+01 -0.13721127E-11 -0.15164199E-10
  0.16200000E+01 -0.11689910E-11 -0.15204764E-10
  0.16300000E+01 -0.97339424E-12 -0.15245738E-10
  0.16400000E+01 -0.78540496E-12 -0.15287489E-10
  0.16500000E+01 -0.60507932E-12 -0.15330499E-10
  0.16600000E+01 -0.43244640E-12 -0.15375205E-10
  0.16700000E+01 -0.26750726E-12 -0.15422012E-10
  0.16800000E+01 -0.11023397E-12 -0.15471439E-10
  0.16900000E+01  0.39431170E-13 -0.15523894E-10
  0.17000000E+01  0.18157651E-12 -0.15579838E-10
  0.17100000E+01  0.31632182E-12 -0.15639780E-10
  0.17200000E+01  0.44381905E-12 -0.15704115E-10
  0.17300000E+01  0.56425303E-12 -0.15773353E-10
  0.17400000E+01  0.67784214E-12 -0.15847956E-10
  0.17500000E+01  0.78483889E-12 -0.15928330E-10
  0.17600000E+01  0.88553049E-12 -0.16015000E-10
  0.17700000E+01  0.98023936E-12 -0.16108368E-10
  0.17800000E+01  0.10693235E-11 -0.16208866E-10
  0.17900000E+01  0.11531769E-11 -0.16316987E-10
  0.18000000E+01  0.12322300E-11 -0.16433082E-10
  0.18100000E+01  0.13069494E-11 -0.16557603E-10
  0.18200000E+01  0.13778386E-11 -0.16690968E-10
  0.18300000E+01  0.14454378E-11 -0.16833498E-10
  0.18400000E+01  0.15103237E-11 -0.16985635E-10
  0.18500000E+01  0.15731098E-11 -0.17147699E-10
  0.18600000E+01  0.16344459E-11 -0.17319995E-10
  0.18700000E+01  0.16950178E-11 -0.17502911E-10
  0.18800000E+01  0.17555471E-11 -0.17696667E-10
  0.18900000E+01  0.18167903E-11 -0.17901553E-10
  0.19000000E+01  0.18795388E-11 -0.18117854E-10
  0.19100000E+01  0.19446176E-11 -0.18345707E-10
  0.19200000E+01  0.20128848E-11 -0.18585363E-10
  0.19300000E+01  0.20852306E-11 -0.18836973E-10
  0.19400000E+01  0.21625758E-11 -0.19100605E-10
  0.19500000E+01  0.22458716E-11 -0.19376435E-10
  0.19600000E+01  0.23360969E-11 -0.19664463E-10
  0.19700000E+01  0.24342582E-11 -0.19964701E-10
  0.19800000E+01  0.25413870E-11 -0.20277198E-10
  0.19900000E+01  0.26585387E-11 -0.20601814E-10
  0.20000000E+01  0.27867901E-11 -0.20938492E-10
  0.20100000E+01  0.29272381E-11 -0.21287117E-10
  0.20200000E+01  0.30809972E-11 -0.21647425E-10
  0.20300000E+01  0.32491972E-11 -0.22019262E-10
  0.20400000E+01  0.34329805E-11 -0.22402327E-10
  0.20500000E+01  0.36335002E-11 -0.22796247E-10
  0.20600000E+01  0.38519168E-11 -0.23200734E-10
  0.20700000E+01  0.40893953E-11 -0.23615297E-10
  0.20800000E+01  0.43471025E-11 -0.24039461E-10
  0.20900000E+01  0.46262038E-11 -0.24472767E-10
  0.21000000E+01  0.49278594E-11 -0.24914544E-10
  0.21100000E+01  0.52532215E-11 -0.25364210E-10
  0.21200000E+01  0.56034300E-11 -0.25821104E-10
  0.21300000E+01  0.59796093E-11 -0.26284400E-10
  0.21400000E+01  0.63828642E-11 -0.26753389E-10
  0.21500000E+01  0.68142758E-11 -0.27227194E-10
  0.21600000E+01  0.72748973E-11 -0.27704861E-10
  0.21700000E+01  0.77657497E-11 -0.28185525E-10
  0.21800000E+01  0.82878178E-11 -0.28668102E-10
  0.21900000E+01  0.88420450E-11 -0.29151526E-10
  0.22000000E+01  0.94293292E-11 -0.29634751E-10
  0.22100000E+01  0.10050517E-10 -0.30116514E-10
  0.22200000E+01  0.10706402E-10 -0.30595642E-10
  0.22300000E+01  0.11397714E-10 -0.31070897E-10
  0.22400000E+01  0.12125120E-10 -0.31540873E-10
  0.22500000E+01  0.12889217E-10 -0.32004286E-10
  0.22600000E+01  0.13690524E-10 -0.32459714E-10
  0.22700000E+01  0.14529481E-10 -0.32905645E-10
  0.22800000E+01  0.15406441E-10 -0.33340685E-10
  0.22900000E+01  0.16321668E-10 -0.33763246E-10
  0.23000000E+01  0.17275327E-10 -0.34171752E-10
  0.23100000E+01  0.18267482E-10 -0.34564695E-10
  0.23200000E+01  0.19298091E-10 -0.34940370E-10
  0.23300000E+01  0.20366998E-10 -0.35297165E-10
  0.23400000E+01  0.21473931E-10 -0.35633471E-10
  0.23500000E+01  0.22618496E-10 -0.35947519E-10
  0.23600000E+01  0.23800171E-10 -0.36237694E-10
  0.23700000E+01  0.25018302E-10 -0.36502310E-10
  0.23800000E+01  0.26272098E-10 -0.36739602E-10
  0.23900000E+01  0.27560627E-10 -0.36947973E-10
  0.24000000E+01  0.28882812E-10 -0.37125713E-10
  0.24100000E+01  0.30237425E-10 -0.37271122E-10
  0.24200000E+01  0.31623086E-10 -0.37382657E-10
  0.24300000E+01  0.33038258E-10 -0.37458645E-10
  0.24400000E+01  0.34481241E-10 -0.37497518E-10
  0.24500000E+01  0.35950175E-10 -0.37497827E-10
  0.24600000E+01  0.37443033E-10 -0.37458014E-10
  0.24700000E+01  0.38957620E-10 -0.37376709E-10
  0.24800000E+01  0.40491571E-10 -0.37252608E-10
  0.24900000E+01  0.42042351E-10 -0.37084359E-10
  0.25000000E+01  0.43607252E-10 -0.36870851E-10
  0.25100000E+01  0.45183396E-10 -0.36610992E-10
  0.25200000E+01  0.46767733E-10 -0.36303734E-10
  0.25300000E+01  0.48357042E-10 -0.35948283E-10
  0.25400000E+01  0.49947934E-10 -0.35543847E-10
  0.25500000E+01  0.51536852E-10 -0.35089772E-10
  0.25600000E+01  0.53120080E-10 -0.34585651E-10
  0.25700000E+01  0.54693737E-10 -0.34031085E-10
  0.25800000E+01  0.56253793E-10 -0.33425904E-10
  0.25900000E+01  0.57796065E-10 -0.32770158E-10
  0.26000000E+01  0.59316229E-10 -0.32063948E-10
  0.26100000E+01  0.60809828E-10 -0.31307670E-10
  0.26200000E+01  0.62272275E-10 -0.30501910E-10
  0.26300000E+01  0.63698869E-10 -0.29647370E-10
  0.26400000E+01  0.65084801E-10 -0.28745091E-10
  0.26500000E+01  0.66425168E-10 -0.27796279E-10
  0.26600000E+01  0.67714984E-10 -0.26802335E-10
  0.26700000E+01  0.68949199E-10 -0.25765012E-10
  0.26800000E+01  0.70122705E-10 -0.24686222E-10
  0.26900000E+01  0.71230363E-10 -0.23568151E-10
  0.27000000E+01  0.72267014E-10 -0.22413323E-10
  0.27100000E+01  0.73227500E-10 -0.21224438E-10
  0.27200000E+01  0.74106685E-10 -0.20004534E-10
  0.27300000E+01  0.74899478E-10 -0.18756956E-10
  0.27400000E+01  0.75600853E-10 -0.17485260E-10
  0.27500000E+01  0.76205877E-10 -0.16193380E-10
  0.27600000E+01  0.76709734E-10 -0.14885517E-10
  0.27700000E+01  0.77107757E-10 -0.13566135E-10
  0.27800000E+01  0.77395449E-10 -0.12240074E-10
  0.27900000E+01  0.77568521E-10 -0.10912412E-10
  0.28000000E+01  0.77622921E-10 -0.95885334E-11
  0.28100000E+01  0.77554866E-10 -0.82741713E-11
  0.28200000E+01  0.77360878E-10 -0.69752670E-11
  0.28300000E+01  0.77037821E-10 -0.56981063E-11
  0.28400000E+01  0.76582936E-10 -0.44492556E-11
  0.28500000E+01  0.75993880E-10 -0.32354772E-11
  0.28600000E+01  0.75268766E-10 -0.20638852E-11
  0.28700000E+01  0.74406203E-10 -0.94177850E-12
  0.28800000E+01  0.73405337E-10  0.12334872E-12
  0.28900000E+01  0.72265895E-10  0.11236857E-11
  0.29000000E+01  0.70988226E-10  0.20513512E-11
  0.29100000E+01  0.69573344E-10  0.28982639E-11
  0.29200000E+01  0.68022973E-10  0.36561153E-11
  0.29300000E+01  0.66339592E-10  0.43166480E-11
  0.29400000E+01  0.64526476E-10  0.48714052E-11
  0.29500000E+01  0.62587739E-10  0.53118538E-11
  0.29600000E+01  0.60528383E-10  0.56296270E-11
  0.29700000E+01  0.58354333E-10  0.58161824E-11
  0.29800000E+01  0.56072481E-10  0.58631141E-11
  0.29900000E+01  0.53690729E-10  0.57622796E-11
  0.30000000E+01  0.51218020E-10  0.55054278E-11
  0.30100000E+01  0.48664380E-10  0.50847120E-11
  0.30200000E+01  0.46040948E-10  0.44926176E-11
  0.30300000E+01  0.43360008E-10  0.37216578E-11
  0.30400000E+01  0.40635014E-10  0.27650518E-11
  0.30500000E+01  0.37880614E-10  0.16163918E-11
  0.30600000E+01  0.35112671E-10  0.26952505E-12
  0.30700000E+01  0.32348271E-10 -0.12806899E-11
  0.30800000E+01  0.29605737E-10 -0.30389998E-11
  0.30900000E+01  0.26904629E-10 -0.50095592E-11
  0.31000000E+01  0.24265738E-10 -0.71952497E-11
  0.31100000E+01  0.21711078E-10 -0.95985227E-11
  0.31200000E+01  0.19263860E-10 -0.12220797E-10
  0.31300000E+01  0.16948473E-10 -0.15062047E-10
  0.31400000E+01  0.14790437E-10 -0.18121714E-10
  0.31500000E+01  0.12816361E-10 -0.21397711E-10
  0.31600000E+01  0.11053886E-10 -0.24886450E-10
  0.31700000E+01  0.95316110E-11 -0.28583582E-10
  0.31800000E+01  0.82790149E-11 -0.32482770E-10
  0.31900000E+01  0.73263621E-11 -0.36576203E-10
  0.32000000E+01  0.67045945E-11 -0.40854947E-10
  0.32100000E+01  0.64452108E-11 -0.45307761E-10
  0.32200000E+01  0.65801304E-11 -0.49921952E-10
  0.32300000E+01  0.71415427E-11 -0.54683291E-10
  0.32400000E+01  0.81617403E-11 -0.59575098E-10
  0.32500000E+01  0.96729369E-11 -0.64579188E-10
  0.32600000E+01  0.11707068E-10 -0.69675525E-10
  0.32700000E+01  0.14295576E-10 -0.74841579E-10
  0.32800000E+01  0.17469176E-10 -0.80053251E-10
  0.32900000E+01  0.21257610E-10 -0.85284444E-10
  0.33000000E+01  0.25689377E-10 -0.90506543E-10
  0.33100000E+01  0.30791453E-10 -0.95689463E-10
  0.33200000E+01  0.36588993E-10 -0.10080104E-09
  0.33300000E+01  0.43105015E-10 -0.10580673E-09
  0.33400000E+01  0.50360072E-10 -0.11067077E-09
  0.33500000E+01  0.58371910E-10 -0.11535530E-09
  0.33600000E+01  0.67155115E-10 -0.11982050E-09
  0.33700000E+01  0.76720747E-10 -0.12402566E-09
  0.33800000E+01  0.87075966E-10 -0.12792821E-09
  0.33900000E+01  0.98223655E-10 -0.13148423E-09
  0.34000000E+01  0.11016203E-09 -0.13464943E-09
  0.34100000E+01  0.12288428E-09 -0.13737810E-09
  0.34200000E+01  0.13637814E-09 -0.13962412E-09
  0.34300000E+01  0.15062556E-09 -0.14134162E-09
  0.34400000E+01  0.16560235E-09 -0.14248415E-09
  0.34500000E+01  0.18127778E-09 -0.14300599E-09
  0.34600000E+01  0.19761433E-09 -0.14286248E-09
  0.34700000E+01  0.21456735E-09 -0.14200967E-09
  0.34800000E+01  0.23208482E-09 -0.14040553E-09
  0.34900000E+01  0.25010715E-09 -0.13801039E-09
  0.35000000E+01  0.26856700E-09 -0.13478665E-09
  0.35100000E+01  0.28738922E-09 -0.13070018E-09
  0.35200000E+01  0.30649080E-09 -0.12572070E-09
  0.35300000E+01  0.32578096E-09 -0.11982161E-09
  0.35400000E+01  0.34516131E-09 -0.11298151E-09
  0.35500000E+01  0.36452612E-09 -0.10518444E-09
  0.35600000E+01  0.38376274E-09 -0.96419896E-10
  0.35700000E+01  0.40275213E-09 -0.86684315E-10
  0.35800000E+01  0.42136959E-09 -0.75981193E-10
  0.35900000E+01  0.43948564E-09 -0.64321147E-10
  0.36000000E+01  0.45696712E-09 -0.51723320E-10
  0.36100000E+01  0.47367847E-09 -0.38215232E-10
  0.36200000E+01  0.48948331E-09 -0.23832810E-10
  0.36300000E+01  0.50424621E-09 -0.86215208E-11
  0.36400000E+01  0.51783484E-09  0.73641569E-11
  0.36500000E+01  0.53012230E-09  0.24060939E-10
  0.36600000E+01  0.54098989E-09  0.41396097E-10
  0.36700000E+01  0.55033014E-09  0.59288571E-10
  0.36800000E+01  0.55805028E-09  0.77649693E-10
  0.36900000E+01  0.56407593E-09  0.96383332E-10
  0.37000000E+01  0.56835537E-09  0.11538791E-09
  0.37100000E+01  0.57086394E-09  0.13455797E-09
  0.37200000E+01  0.57160895E-09  0.15378553E-09
  0.37300000E+01  0.57063478E-09  0.17296334E-09
  0.37400000E+01  0.56802824E-09  0.19198777E-09
  0.37500000E+01  0.56392405E-09  0.21076175E-09
  0.37600000E+01  0.55851031E-09  0.22919974E-09
  0.37700000E+01  0.55203371E-09  0.24723228E-09
  0.37800000E+01  0.54480430E-09  0.26481092E-09
  0.37900000E+01  0.53719932E-09  0.28191510E-09
  0.38000000E+01  0.52966576E-09  0.29855859E-09
  0.38100000E+01  0.52272078E-09  0.31479621E-09
  0.38200000E+01  0.51694931E-09  0.33073234E-09
  0.38300000E+01  0.51299744E-09  0.34652836E-09
  0.38400000E+01  0.51156007E-09  0.36240995E-09
  0.38500000E+01  0.51336048E-09  0.37867495E-09
  0.38600000E+01  0.51911851E-09  0.39569875E-09
  0.38700000E+01  0.52950255E-09  0.41393743E-09
  0.38800000E+01  0.54505839E-09  0.43392857E-09
  0.38900000E+01  0.56610494E-09  0.45628546E-09
  0.39000000E+01  0.59258339E-09  0.48168380E-09
  0.39100000E+01  0.62384494E-09  0.51083850E-09
  0.39200000E+01  0.65836539E-09  0.54446406E-09
  0.39300000E+01  0.69339113E-09  0.58321439E-09
  0.39400000E+01  0.72455653E-09  0.62759563E-09
  0.39500000E+01  0.74557331E-09  0.67784067E-09
  0.39600000E+01  0.74816732E-09  0.73373706E-09
  0.39700000E+01  0.72249797E-09  0.79439887E-09
  0.39800000E+01  0.65828431E-09  0.85797659E-09
  0.39900000E+01  0.54672412E-09  0.92132052E-09
  0.40000000E+01  0.38300568E-09  0.97965566E-09
  0.40100000E+01  0.16884192E-09  0.10264148E-08
  0.40200000E+01 -0.85837864E-10  0.10535322E-08
  0.40300000E+01 -0.36291844E-09  0.10526589E-08
  0.40400000E+01 -0.63833645E-09  0.10176599E-08
  0.40500000E+01 -0.88627185E-09  0.94790760E-09
  0.40600000E+01 -0.10842409E-08  0.85030627E-09
  0.40700000E+01 -0.12175701E-08  0.73759422E-09
  0.40800000E+01 -0.12818630E-08  0.62335773E-09
  0.40900000E+01 -0.12827909E-08  0.51749635E-09
  0.41000000E+01 -0.12335044E-08  0.42486777E-09
  0.41100000E+01 -0.11507422E-08  0.34645579E-09
  0.41200000E+01 -0.10509712E-08  0.28114892E-09
  0.41300000E+01 -0.94760153E-09  0.22705557E-09
  0.41400000E+01 -0.84971673E-09  0.18221109E-09
  0.41500000E+01 -0.76216141E-09  0.14487206E-09
  0.41600000E+01 -0.68647454E-09  0.11359501E-09
  0.41700000E+01 -0.62210148E-09  0.87223733E-10
  0.41800000E+01 -0.56747152E-09  0.64846023E-10
  0.41900000E+01 -0.52074978E-09  0.45745230E-10
  0.42000000E+01 -0.48025207E-09  0.29357767E-10
  0.42100000E+01 -0.44460674E-09  0.15238886E-10
  0.42200000E+01 -0.41276789E-09  0.30350310E-11
  0.42300000E+01 -0.38396332E-09 -0.75369410E-11
  0.42400000E+01 -0.35762738E-09 -0.16705237E-10
  0.42500000E+01 -0.33334201E-09 -0.24655707E-10
  0.42600000E+01 -0.31079245E-09 -0.31540964E-10
  0.42700000E+01 -0.28973634E-09 -0.37487043E-10
  0.42800000E+01 -0.26998311E-09 -0.42599275E-10
  0.42900000E+01 -0.25138001E-09 -0.46966388E-10
  0.43000000E+01 -0.23380270E-09 -0.50663396E-10
  0.43100000E+01 -0.21714864E-09 -0.53754585E-10
  0.43200000E+01 -0.20133232E-09 -0.56295446E-10
  0.43300000E+01 -0.18628177E-09 -0.58333908E-10
  0.43400000E+01 -0.17193589E-09 -0.59912037E-10
  0.43500000E+01 -0.15824244E-09 -0.61066972E-10
  0.43600000E+01 -0.14515640E-09 -0.61831419E-10
  0.43700000E+01 -0.13263877E-09 -0.62234709E-10
  0.43800000E+01 -0.12065554E-09 -0.62303284E-10
  0.43900000E+01 -0.10917688E-09 -0.62060815E-10
  0.44000000E+01 -0.98176480E-10 -0.61528952E-10
  0.44100000E+01 -0.87631001E-10 -0.60727567E-10
  0.44200000E+01 -0.77519651E-10 -0.59674702E-10
  0.44300000E+01 -0.67823798E-10 -0.58387133E-10
  0.44400000E+01 -0.58526661E-10 -0.56880499E-10
  0.44500000E+01 -0.49613054E-10 -0.55169161E-10
  0.44600000E+01 -0.41069163E-10 -0.53266654E-10
  0.44700000E+01 -0.32882361E-10 -0.51185757E-10
  0.44800000E+01 -0.25041050E-10 -0.48938311E-10
  0.44900000E+01 -0.17534525E-10 -0.46535589E-10
  0.45000000E+01 -0.10352858E-10 -0.43988350E-10
  0.45100000E+01 -0.34868011E-11 -0.41306626E-10
  0.45200000E+01  0.30723045E-11 -0.38500043E-10
  0.45300000E+01  0.93325987E-11 -0.35577864E-10
  0.45400000E+01  0.15301768E-10 -0.32548764E-10
  0.45500000E+01  0.20987100E-10 -0.29421115E-10
  0.45600000E+01  0.26395536E-10 -0.26203024E-10
  0.45700000E+01  0.31533706E-10 -0.22902106E-10
  0.45800000E+01  0.36407974E-10 -0.19525735E-10
  0.45900000E+01  0.41024461E-10 -0.16081090E-10
  0.46000000E+01  0.45389082E-10 -0.12574923E-10
  0.46100000E+01  0.49507564E-10 -0.90137891E-11
  0.46200000E+01  0.53385471E-10 -0.54040882E-11
  0.46300000E+01  0.57028220E-10 -0.17518506E-11
  0.46400000E+01  0.60441100E-10  0.19370692E-11
  0.46500000E+01  0.63629285E-10  0.56569381E-11
  0.46600000E+01  0.66597848E-10  0.94023530E-11
  0.46700000E+01  0.69351768E-10  0.13168072E-10
  0.46800000E+01  0.71895946E-10  0.16948949E-10
  0.46900000E+01  0.74235205E-10  0.20740139E-10
  0.47000000E+01  0.76374307E-10  0.24536947E-10
  0.47100000E+01  0.78317950E-10  0.28334757E-10
  0.47200000E+01  0.80070781E-10  0.32129226E-10
  0.47300000E+01  0.81637393E-10  0.35916157E-10
  0.47400000E+01  0.83022337E-10  0.39691420E-10
  0.47500000E+01  0.84230120E-10  0.43451134E-10
  0.47600000E+01  0.85265209E-10  0.47191558E-10
  0.47700000E+01  0.86132033E-10  0.50909012E-10
  0.47800000E+01  0.86834988E-10  0.54600043E-10
  0.47900000E+01  0.87378434E-10  0.58261336E-10
  0.48000000E+01  0.87766700E-10  0.61889630E-10
  0.48100000E+01  0.88004082E-10  0.65481871E-10
  0.48200000E+01  0.88094847E-10  0.69035145E-10
  0.48300000E+01  0.88043231E-10  0.72546581E-10
  0.48400000E+01  0.87853439E-10  0.76013503E-10
  0.48500000E+01  0.87529648E-10  0.79433370E-10
  0.48600000E+01  0.87076002E-10  0.82803683E-10
  0.48700000E+01  0.86496619E-10  0.86122119E-10
  0.48800000E+01  0.85795582E-10  0.89386490E-10
  0.48900000E+01  0.84976947E-10  0.92594645E-10
  0.49000000E+01  0.84044736E-10  0.95744598E-10
  0.49100000E+01  0.83002941E-10  0.98834492E-10
  0.49200000E+01  0.81855521E-10  0.10186251E-09
  0.49300000E+01  0.80606400E-10  0.10482697E-09
  0.49400000E+01  0.79259470E-10  0.10772634E-09
  0.49500000E+01  0.77818588E-10  0.11055911E-09
  0.49600000E+01  0.76287574E-10  0.11332391E-09
  0.49700000E+01  0.74670213E-10  0.11601948E-09
  0.49800000E+01  0.72970253E-10  0.11864462E-09
  0.49900000E+01  0.71191402E-10  0.12119822E-09
  0.50000000E+01  0.69337331E-10  0.12367934E-09
  0.50100000E+01  0.67411670E-10  0.12608701E-09
  0.50200000E+01  0.65418008E-10  0.12842042E-09
  0.50300000E+01  0.63359894E-10  0.13067886E-09
  0.50400000E+01  0.61240833E-10  0.13286165E-09
  0.50500000E+01  0.59064287E-10  0.13496821E-09
  0.50600000E+01  0.56833674E-10  0.13699809E-09
  0.50700000E+01  0.54552367E-10  0.13895082E-09
  0.50800000E+01  0.52223693E-10  0.14082609E-09
  0.50900000E+01  0.49850934E-10  0.14262366E-09
  0.51000000E+01  0.47437321E-10  0.14434329E-09
  0.51100000E+01  0.44986042E-10  0.14598489E-09
  0.51200000E+01  0.42500231E-10  0.14754842E-09
  0.51300000E+01  0.39982977E-10  0.14903386E-09
  0.51400000E+01  0.37437316E-10  0.15044132E-09
  0.51500000E+01  0.34866235E-10  0.15177096E-09
  0.51600000E+01  0.32272669E-10  0.15302296E-09
  0.51700000E+01  0.29659499E-10  0.15419759E-09
  0.51800000E+01  0.27029559E-10  0.15529522E-09
  0.51900000E+01  0.24385623E-10  0.15631620E-09
  0.52000000E+01  0.21730418E-10  0.15726097E-09
  0.52100000E+01  0.19066613E-10  0.15813006E-09
  0.52200000E+01  0.16396824E-10  0.15892398E-09
  0.52300000E+01  0.13723612E-10  0.15964334E-09
  0.52400000E+01  0.11049484E-10  0.16028883E-09
  0.52500000E+01  0.83768902E-11  0.16086109E-09
  0.52600000E+01  0.57082254E-11  0.16136087E-09
  0.52700000E+01  0.30458291E-11  0.16178900E-09
  0.52800000E+01  0.39198388E-12  0.16214627E-09
  0.52900000E+01 -0.22510836E-11  0.16243354E-09
  0.53000000E+01 -0.48812035E-11  0.16265178E-09
  0.53100000E+01 -0.74962626E-11  0.16280187E-09
  0.53200000E+01 -0.10094205E-10  0.16288481E-09
  0.53300000E+01 -0.12673030E-10  0.16290166E-09
  0.53400000E+01 -0.15230797E-10  0.16285343E-09
  0.53500000E+01 -0.17765619E-10  0.16274120E-09
  0.53600000E+01 -0.20275668E-10  0.16256614E-09
  0.53700000E+01 -0.22759172E-10  0.16232935E-09
  0.53800000E+01 -0.25214418E-10  0.16203197E-09
  0.53900000E+01 -0.27639747E-10  0.16167529E-09
  0.54000000E+01 -0.30033558E-10  0.16126047E-09
  0.54100000E+01 -0.32394306E-10  0.16078873E-09
  0.54200000E+01 -0.34720504E-10  0.16026142E-09
  0.54300000E+01 -0.37010719E-10  0.15967978E-09
  0.54400000E+01 -0.39263576E-10  0.15904508E-09
  0.54500000E+01 -0.41477753E-10  0.15835875E-09
  0.54600000E+01 -0.43651987E-10  0.15762206E-09
  0.54700000E+01 -0.45785068E-10  0.15683634E-09
  0.54800000E+01 -0.47875840E-10  0.15600306E-09
  0.54900000E+01 -0.49923205E-10  0.15512356E-09
  0.55000000E+01 -0.51926114E-10  0.15419916E-09
  0.55100000E+01 -0.53883577E-10  0.15323140E-09
  0.55200000E+01 -0.55794654E-10  0.15222165E-09
  0.55300000E+01 -0.57658459E-10  0.15117125E-09
  0.55400000E+01 -0.59474158E-10  0.15008176E-09
  0.55500000E+01 -0.61240971E-10  0.14895459E-09
  0.55600000E+01 -0.62958166E-10  0.14779108E-09
  0.55700000E+01 -0.64625066E-10  0.14659281E-09
  0.55800000E+01 -0.66241042E-10  0.14536120E-09
  0.55900000E+01 -0.67805514E-10  0.14409760E-09
  0.56000000E+01 -0.69317956E-10  0.14280358E-09
  0.56100000E+01 -0.70777886E-10  0.14148060E-09
  0.56200000E+01 -0.72184872E-10  0.14012997E-09
  0.56300000E+01 -0.73538531E-10  0.13875325E-09
  0.56400000E+01 -0.74838525E-10  0.13735193E-09
  0.56500000E+01 -0.76084565E-10  0.13592729E-09
  0.56600000E+01 -0.77276404E-10  0.13448087E-09
  0.56700000E+01 -0.78413844E-10  0.13301417E-09
  0.56800000E+01 -0.79496729E-10  0.13152842E-09
  0.56900000E+01 -0.80524947E-10  0.13002514E-09
  0.57000000E+01 -0.81498432E-10  0.12850583E-09
  0.57100000E+01 -0.82417155E-10  0.12697169E-09
  0.57200000E+01 -0.83281134E-10  0.12542419E-09
  0.57300000E+01 -0.84090425E-10  0.12386481E-09
  0.57400000E+01 -0.84845124E-10  0.12229473E-09
  0.57500000E+01 -0.85545368E-10  0.12071536E-09
  0.57600000E+01 -0.86191333E-10  0.11912817E-09
  0.57700000E+01 -0.86783230E-10  0.11753428E-09
  0.57800000E+01 -0.87321311E-10  0.11593505E-09
  0.57900000E+01 -0.87805861E-10  0.11433192E-09
  0.58000000E+01 -0.88237204E-10  0.11272599E-09
  0.58100000E+01 -0.88615695E-10  0.11111851E-09
  0.58200000E+01 -0.88941726E-10  0.10951092E-09
  0.58300000E+01 -0.89215721E-10  0.10790426E-09
  0.58400000E+01 -0.89438137E-10  0.10629971E-09
  0.58500000E+01 -0.89609462E-10  0.10469866E-09
  0.58600000E+01 -0.89730215E-10  0.10310212E-09
  0.58700000E+01 -0.89800945E-10  0.10151116E-09
  0.58800000E+01 -0.89822231E-10  0.99927150E-10
  0.58900000E+01 -0.89794678E-10  0.98351045E-10
  0.59000000E+01 -0.89718921E-10  0.96783827E-10
  0.59100000E+01 -0.89595621E-10  0.95226801E-10
  0.59200000E+01 -0.89425463E-10  0.93680892E-10
  0.59300000E+01 -0.89209160E-10  0.92146978E-10
  0.59400000E+01 -0.88947447E-10  0.90626300E-10
  0.59500000E+01 -0.88641083E-10  0.89119751E-10
  0.59600000E+01 -0.88290850E-10  0.87628100E-10
  0.59700000E+01 -0.87897550E-10  0.86152519E-10
  0.59800000E+01 -0.87462008E-10  0.84693868E-10
  0.59900000E+01 -0.86985068E-10  0.83252809E-10
  0.60000000E+01 -0.86467593E-10  0.81830432E-10
