  0.20000000E+00  0.19212757E+03 -0.10461018E+02
  0.21000000E+00  0.19217239E+03 -0.10689173E+02
  0.22000000E+00  0.19221937E+03 -0.10927037E+02
  0.23000000E+00  0.19226854E+03 -0.11173705E+02
  0.24000000E+00  0.19231992E+03 -0.11428357E+02
  0.25000000E+00  0.19237351E+03 -0.11690339E+02
  0.26000000E+00  0.19242932E+03 -0.11958911E+02
  0.27000000E+00  0.19248734E+03 -0.12233599E+02
  0.28000000E+00  0.19254758E+03 -0.12513804E+02
  0.29000000E+00  0.19261005E+03 -0.12799099E+02
  0.30000000E+00  0.19267474E+03 -0.13089097E+02
  0.31000000E+00  0.19274166E+03 -0.13383335E+02
  0.32000000E+00  0.19281082E+03 -0.13681619E+02
  0.33000000E+00  0.19288222E+03 -0.13983490E+02
  0.34000000E+00  0.19295586E+03 -0.14288819E+02
  0.35000000E+00  0.19303175E+03 -0.14597272E+02
  0.36000000E+00  0.19310989E+03 -0.14908644E+02
  0.37000000E+00  0.19319028E+03 -0.15222800E+02
  0.38000000E+00  0.19327294E+03 -0.15539430E+02
  0.39000000E+00  0.19335786E+03 -0.15858533E+02
  0.40000000E+00  0.19344505E+03 -0.16179803E+02
  0.41000000E+00  0.19353452E+03 -0.16503216E+02
  0.42000000E+00  0.19362627E+03 -0.16828605E+02
  0.43000000E+00  0.19372030E+03 -0.17155825E+02
  0.44000000E+00  0.19381663E+03 -0.17484864E+02
  0.45000000E+00  0.19391525E+03 -0.17815507E+02
  0.46000000E+00  0.19401618E+03 -0.18147777E+02
  0.47000000E+00  0.19411941E+03 -0.18481528E+02
  0.48000000E+00  0.19422496E+03 -0.18816690E+02
  0.49000000E+00  0.19433283E+03 -0.19153253E+02
  0.50000000E+00  0.19444302E+03 -0.19491057E+02
  0.51000000E+00  0.19455555E+03 -0.19830145E+02
  0.52000000E+00  0.19467042E+03 -0.20170401E+02
  0.53000000E+00  0.19478764E+03 -0.20511774E+02
  0.54000000E+00  0.19490721E+03 -0.20854291E+02
  0.55000000E+00  0.19502913E+03 -0.21197784E+02
  0.56000000E+00  0.19515343E+03 -0.21542359E+02
  0.57000000E+00  0.19528010E+03 -0.21887860E+02
  0.58000000E+00  0.19540915E+03 -0.22234309E+02
  0.59000000E+00  0.19554059E+03 -0.22581702E+02
  0.60000000E+00  0.19567443E+03 -0.22929910E+02
  0.61000000E+00  0.19581068E+03 -0.23279047E+02
  0.62000000E+00  0.19594933E+03 -0.23628951E+02
  0.63000000E+00  0.19609041E+03 -0.23979688E+02
  0.64000000E+00  0.19623392E+03 -0.24331223E+02
  0.65000000E+00  0.19637986E+03 -0.24683472E+02
  0.66000000E+00  0.19652825E+03 -0.25036530E+02
  0.67000000E+00  0.19667910E+03 -0.25390263E+02
  0.68000000E+00  0.19683241E+03 -0.25744726E+02
  0.69000000E+00  0.19698819E+03 -0.26099909E+02
  0.70000000E+00  0.19714646E+03 -0.26455713E+02
  0.71000000E+00  0.19730721E+03 -0.26812262E+02
  0.72000000E+00  0.19747047E+03 -0.27169401E+02
  0.73000000E+00  0.19763623E+03 -0.27527216E+02
  0.74000000E+00  0.19780452E+03 -0.27885682E+02
  0.75000000E+00  0.19797534E+03 -0.28244714E+02
  0.76000000E+00  0.19814870E+03 -0.28604437E+02
  0.77000000E+00  0.19832460E+03 -0.28964701E+02
  0.78000000E+00  0.19850307E+03 -0.29325593E+02
  0.79000000E+00  0.19868411E+03 -0.29687093E+02
  0.80000000E+00  0.19886774E+03 -0.30049120E+02
  0.81000000E+00  0.19905395E+03 -0.30411797E+02
  0.82000000E+00  0.19924277E+03 -0.30774987E+02
  0.83000000E+00  0.19943421E+03 -0.31138762E+02
  0.84000000E+00  0.19962827E+03 -0.31503128E+02
  0.85000000E+00  0.19982497E+03 -0.31867980E+02
  0.86000000E+00  0.20002432E+03 -0.32233466E+02
  0.87000000E+00  0.20022633E+03 -0.32599437E+02
  0.88000000E+00  0.20043102E+03 -0.32965971E+02
  0.89000000E+00  0.20063839E+03 -0.33333077E+02
  0.90000000E+00  0.20084846E+03 -0.33700652E+02
  0.91000000E+00  0.20106125E+03 -0.34068836E+02
  0.92000000E+00  0.20127675E+03 -0.34437504E+02
  0.93000000E+00  0.20149500E+03 -0.34806700E+02
  0.94000000E+00  0.20171599E+03 -0.35176476E+02
  0.95000000E+00  0.20193975E+03 -0.35546695E+02
  0.96000000E+00  0.20216628E+03 -0.35917515E+02
  0.97000000E+00  0.20239561E+03 -0.36288818E+02
  0.98000000E+00  0.20262774E+03 -0.36660626E+02
  0.99000000E+00  0.20286268E+03 -0.37033018E+02
  0.10000000E+01  0.20310046E+03 -0.37405846E+02
  0.10100000E+01  0.20334109E+03 -0.37779255E+02
  0.10200000E+01  0.20358458E+03 -0.38153168E+02
  0.10300000E+01  0.20383094E+03 -0.38527553E+02
  0.10400000E+01  0.20408020E+03 -0.38902537E+02
  0.10500000E+01  0.20433236E+03 -0.39277953E+02
  0.10600000E+01  0.20458745E+03 -0.39653933E+02
  0.10700000E+01  0.20484547E+03 -0.40030439E+02
  0.10800000E+01  0.20510645E+03 -0.40407397E+02
  0.10900000E+01  0.20537039E+03 -0.40784958E+02
  0.11000000E+01  0.20563732E+03 -0.41162967E+02
  0.11100000E+01  0.20590725E+03 -0.41541509E+02
  0.11200000E+01  0.20618020E+03 -0.41920614E+02
  0.11300000E+01  0.20645619E+03 -0.42300149E+02
  0.11400000E+01  0.20673522E+03 -0.42680290E+02
  0.11500000E+01  0.20701733E+03 -0.43060904E+02
  0.11600000E+01  0.20730252E+03 -0.43442020E+02
  0.11700000E+01  0.20759081E+03 -0.43823729E+02
  0.11800000E+01  0.20788223E+03 -0.44205869E+02
  0.11900000E+01  0.20817679E+03 -0.44588595E+02
  0.12000000E+01  0.20847450E+03 -0.44971842E+02
  0.12100000E+01  0.20877540E+03 -0.45355553E+02
  0.12200000E+01  0.20907949E+03 -0.45739885E+02
  0.12300000E+01  0.20938679E+03 -0.46124661E+02
  0.12400000E+01  0.20969732E+03 -0.46509995E+02
  0.12500000E+01  0.21001111E+03 -0.46895899E+02
  0.12600000E+01  0.21032817E+03 -0.47282245E+02
  0.12700000E+01  0.21064853E+03 -0.47669216E+02
  0.12800000E+01  0.21097220E+03 -0.48056673E+02
  0.12900000E+01  0.21129920E+03 -0.48444644E+02
  0.13000000E+01  0.21162955E+03 -0.48833234E+02
  0.13100000E+01  0.21196328E+03 -0.49222265E+02
  0.13200000E+01  0.21230040E+03 -0.49611900E+02
  0.13300000E+01  0.21264094E+03 -0.50002083E+02
  0.13400000E+01  0.21298492E+03 -0.50392737E+02
  0.13500000E+01  0.21333236E+03 -0.50784040E+02
  0.13600000E+01  0.21368329E+03 -0.51175814E+02
  0.13700000E+01  0.21403772E+03 -0.51568148E+02
  0.13800000E+01  0.21439568E+03 -0.51961097E+02
  0.13900000E+01  0.21475719E+03 -0.52354497E+02
  0.14000000E+01  0.21512227E+03 -0.52748539E+02
  0.14100000E+01  0.21549095E+03 -0.53143117E+02
  0.14200000E+01  0.21586325E+03 -0.53538200E+02
  0.14300000E+01  0.21623920E+03 -0.53933949E+02
  0.14400000E+01  0.21661883E+03 -0.54330168E+02
  0.14500000E+01  0.21700214E+03 -0.54726986E+02
  0.14600000E+01  0.21738918E+03 -0.55124422E+02
  0.14700000E+01  0.21777996E+03 -0.55522326E+02
  0.14800000E+01  0.21817452E+03 -0.55920905E+02
  0.14900000E+01  0.21857287E+03 -0.56320018E+02
  0.15000000E+01  0.21897505E+03 -0.56719668E+02
  0.15100000E+01  0.21938108E+03 -0.57120002E+02
  0.15200000E+01  0.21979098E+03 -0.57520815E+02
  0.15300000E+01  0.22020480E+03 -0.57922260E+02
  0.15400000E+01  0.22062254E+03 -0.58324334E+02
  0.15500000E+01  0.22104425E+03 -0.58726897E+02
  0.15600000E+01  0.22146995E+03 -0.59130161E+02
  0.15700000E+01  0.22189967E+03 -0.59533974E+02
  0.15800000E+01  0.22233343E+03 -0.59938348E+02
  0.15900000E+01  0.22277127E+03 -0.60343430E+02
  0.16000000E+01  0.22321323E+03 -0.60749007E+02
  0.16100000E+01  0.22365932E+03 -0.61155244E+02
  0.16200000E+01  0.22410958E+03 -0.61562133E+02
  0.16300000E+01  0.22456404E+03 -0.61969529E+02
  0.16400000E+01  0.22502273E+03 -0.62377654E+02
  0.16500000E+01  0.22548569E+03 -0.62786353E+02
  0.16600000E+01  0.22595295E+03 -0.63195630E+02
  0.16700000E+01  0.22642453E+03 -0.63605649E+02
  0.16800000E+01  0.22690048E+03 -0.64016186E+02
  0.16900000E+01  0.22738083E+03 -0.64427400E+02
  0.17000000E+01  0.22786561E+03 -0.64839307E+02
  0.17100000E+01  0.22835486E+03 -0.65251736E+02
  0.17200000E+01  0.22884861E+03 -0.65664921E+02
  0.17300000E+01  0.22934691E+03 -0.66078720E+02
  0.17400000E+01  0.22984977E+03 -0.66493107E+02
  0.17500000E+01  0.23035725E+03 -0.66908275E+02
  0.17600000E+01  0.23086938E+03 -0.67323995E+02
  0.17700000E+01  0.23138620E+03 -0.67740402E+02
  0.17800000E+01  0.23190775E+03 -0.68157553E+02
  0.17900000E+01  0.23243406E+03 -0.68575247E+02
  0.18000000E+01  0.23296518E+03 -0.68993716E+02
  0.18100000E+01  0.23350114E+03 -0.69412859E+02
  0.18200000E+01  0.23404200E+03 -0.69832593E+02
  0.18300000E+01  0.23458778E+03 -0.70253149E+02
  0.18400000E+01  0.23513854E+03 -0.70674308E+02
  0.18500000E+01  0.23569431E+03 -0.71096151E+02
  0.18600000E+01  0.23625514E+03 -0.71518803E+02
  0.18700000E+01  0.23682108E+03 -0.71942027E+02
  0.18800000E+01  0.23739216E+03 -0.72366034E+02
  0.18900000E+01  0.23796844E+03 -0.72790792E+02
  0.19000000E+01  0.23854996E+03 -0.73216146E+02
  0.19100000E+01  0.23913677E+03 -0.73642356E+02
  0.19200000E+01  0.23972892E+03 -0.74069242E+02
  0.19300000E+01  0.24032645E+03 -0.74496799E+02
  0.19400000E+01  0.24092942E+03 -0.74925233E+02
  0.19500000E+01  0.24153788E+03 -0.75354288E+02
  0.19600000E+01  0.24215188E+03 -0.75784117E+02
  0.19700000E+01  0.24277146E+03 -0.76214789E+02
  0.19800000E+01  0.24339669E+03 -0.76646074E+02
  0.19900000E+01  0.24402762E+03 -0.77078227E+02
  0.20000000E+01  0.24466431E+03 -0.77511158E+02
  0.20100000E+01  0.24530680E+03 -0.77944746E+02
  0.20200000E+01  0.24595516E+03 -0.78379261E+02
  0.20300000E+01  0.24660944E+03 -0.78814483E+02
  0.20400000E+01  0.24726971E+03 -0.79250450E+02
  0.20500000E+01  0.24793602E+03 -0.79687352E+02
  0.20600000E+01  0.24860844E+03 -0.80124915E+02
  0.20700000E+01  0.24928702E+03 -0.80563328E+02
  0.20800000E+01  0.24997184E+03 -0.81002637E+02
  0.20900000E+01  0.25066295E+03 -0.81442608E+02
  0.21000000E+01  0.25136043E+03 -0.81883521E+02
  0.21100000E+01  0.25206433E+03 -0.82325263E+02
  0.21200000E+01  0.25277473E+03 -0.82767717E+02
  0.21300000E+01  0.25349170E+03 -0.83211169E+02
  0.21400000E+01  0.25421530E+03 -0.83655380E+02
  0.21500000E+01  0.25494561E+03 -0.84100392E+02
  0.21600000E+01  0.25568271E+03 -0.84546411E+02
  0.21700000E+01  0.25642666E+03 -0.84993142E+02
  0.21800000E+01  0.25717755E+03 -0.85440780E+02
  0.21900000E+01  0.25793545E+03 -0.85889387E+02
  0.22000000E+01  0.25870044E+03 -0.86338703E+02
  0.22100000E+01  0.25947261E+03 -0.86789019E+02
  0.22200000E+01  0.26025203E+03 -0.87240239E+02
  0.22300000E+01  0.26103878E+03 -0.87692209E+02
  0.22400000E+01  0.26183296E+03 -0.88145243E+02
  0.22500000E+01  0.26263466E+03 -0.88599107E+02
  0.22600000E+01  0.26344395E+03 -0.89053801E+02
  0.22700000E+01  0.26426093E+03 -0.89509577E+02
  0.22800000E+01  0.26508570E+03 -0.89966126E+02
  0.22900000E+01  0.26591834E+03 -0.90423605E+02
  0.23000000E+01  0.26675896E+03 -0.90882140E+02
  0.23100000E+01  0.26760764E+03 -0.91341424E+02
  0.23200000E+01  0.26846450E+03 -0.91801734E+02
  0.23300000E+01  0.26932964E+03 -0.92263041E+02
  0.23400000E+01  0.27020315E+03 -0.92725112E+02
  0.23500000E+01  0.27108514E+03 -0.93188286E+02
  0.23600000E+01  0.27197573E+03 -0.93652378E+02
  0.23700000E+01  0.27287501E+03 -0.94117289E+02
  0.23800000E+01  0.27378312E+03 -0.94583340E+02
  0.23900000E+01  0.27470015E+03 -0.95050232E+02
  0.24000000E+01  0.27562623E+03 -0.95518025E+02
  0.24100000E+01  0.27656147E+03 -0.95986953E+02
  0.24200000E+01  0.27750600E+03 -0.96456664E+02
  0.24300000E+01  0.27845995E+03 -0.96927369E+02
  0.24400000E+01  0.27942344E+03 -0.97399161E+02
  0.24500000E+01  0.28039659E+03 -0.97871710E+02
  0.24600000E+01  0.28137955E+03 -0.98345335E+02
  0.24700000E+01  0.28237244E+03 -0.98819971E+02
  0.24800000E+01  0.28337541E+03 -0.99295371E+02
  0.24900000E+01  0.28438859E+03 -0.99771907E+02
  0.25000000E+01  0.28541213E+03 -0.10024936E+03
  0.25100000E+01  0.28644617E+03 -0.10072761E+03
  0.25200000E+01  0.28749086E+03 -0.10120703E+03
  0.25300000E+01  0.28854637E+03 -0.10168726E+03
  0.25400000E+01  0.28961283E+03 -0.10216836E+03
  0.25500000E+01  0.29069041E+03 -0.10265059E+03
  0.25600000E+01  0.29177928E+03 -0.10313356E+03
  0.25700000E+01  0.29287959E+03 -0.10361747E+03
  0.25800000E+01  0.29399152E+03 -0.10410245E+03
  0.25900000E+01  0.29511524E+03 -0.10458811E+03
  0.26000000E+01  0.29625092E+03 -0.10507477E+03
  0.26100000E+01  0.29739874E+03 -0.10556241E+03
  0.26200000E+01  0.29855890E+03 -0.10605069E+03
  0.26300000E+01  0.29973156E+03 -0.10654002E+03
  0.26400000E+01  0.30091693E+03 -0.10703019E+03
  0.26500000E+01  0.30211520E+03 -0.10752101E+03
  0.26600000E+01  0.30332657E+03 -0.10801289E+03
  0.26700000E+01  0.30455124E+03 -0.10850547E+03
  0.26800000E+01  0.30578942E+03 -0.10899872E+03
  0.26900000E+01  0.30704132E+03 -0.10949299E+03
  0.27000000E+01  0.30830715E+03 -0.10998783E+03
  0.27100000E+01  0.30958715E+03 -0.11048337E+03
  0.27200000E+01  0.31088152E+03 -0.11097985E+03
  0.27300000E+01  0.31219051E+03 -0.11147679E+03
  0.27400000E+01  0.31351435E+03 -0.11197444E+03
  0.27500000E+01  0.31485328E+03 -0.11247291E+03
  0.27600000E+01  0.31620754E+03 -0.11297174E+03
  0.27700000E+01  0.31757738E+03 -0.11347130E+03
  0.27800000E+01  0.31896307E+03 -0.11397152E+03
  0.27900000E+01  0.32036485E+03 -0.11447200E+03
  0.28000000E+01  0.32178301E+03 -0.11497322E+03
  0.28100000E+01  0.32321781E+03 -0.11547491E+03
  0.28200000E+01  0.32466952E+03 -0.11597679E+03
  0.28300000E+01  0.32613845E+03 -0.11647936E+03
  0.28400000E+01  0.32762487E+03 -0.11698220E+03
  0.28500000E+01  0.32912908E+03 -0.11748518E+03
  0.28600000E+01  0.33065140E+03 -0.11798876E+03
  0.28700000E+01  0.33219212E+03 -0.11849239E+03
  0.28800000E+01  0.33375158E+03 -0.11899613E+03
  0.28900000E+01  0.33533009E+03 -0.11950033E+03
  0.29000000E+01  0.33692799E+03 -0.12000437E+03
  0.29100000E+01  0.33854562E+03 -0.12050847E+03
  0.29200000E+01  0.34018333E+03 -0.12101286E+03
  0.29300000E+01  0.34184147E+03 -0.12151686E+03
  0.29400000E+01  0.34352042E+03 -0.12202088E+03
  0.29500000E+01  0.34522055E+03 -0.12252497E+03
  0.29600000E+01  0.34694223E+03 -0.12302847E+03
  0.29700000E+01  0.34868588E+03 -0.12353192E+03
  0.29800000E+01  0.35045188E+03 -0.12403516E+03
  0.29900000E+01  0.35224065E+03 -0.12453762E+03
  0.30000000E+01  0.35405262E+03 -0.12503994E+03
  0.30100000E+01  0.35588822E+03 -0.12554175E+03
  0.30200000E+01  0.35774790E+03 -0.12604259E+03
  0.30300000E+01  0.35963212E+03 -0.12654318E+03
  0.30400000E+01  0.36154135E+03 -0.12704289E+03
  0.30500000E+01  0.36347606E+03 -0.12754149E+03
  0.30600000E+01  0.36543677E+03 -0.12803967E+03
  0.30700000E+01  0.36742398E+03 -0.12853657E+03
  0.30800000E+01  0.36943821E+03 -0.12903223E+03
  0.30900000E+01  0.37148002E+03 -0.12952725E+03
  0.31000000E+01  0.37354995E+03 -0.13002057E+03
  0.31100000E+01  0.37564859E+03 -0.13051254E+03
  0.31200000E+01  0.37777652E+03 -0.13100356E+03
  0.31300000E+01  0.37993436E+03 -0.13149246E+03
  0.31400000E+01  0.38212273E+03 -0.13197991E+03
  0.31500000E+01  0.38434230E+03 -0.13246603E+03
  0.31600000E+01  0.38659372E+03 -0.13294958E+03
  0.31700000E+01  0.38887771E+03 -0.13343163E+03
  0.31800000E+01  0.39119497E+03 -0.13391179E+03
  0.31900000E+01  0.39354625E+03 -0.13438902E+03
  0.32000000E+01  0.39593233E+03 -0.13486465E+03
  0.32100000E+01  0.39835400E+03 -0.13533771E+03
  0.32200000E+01  0.40081210E+03 -0.13580758E+03
  0.32300000E+01  0.40330748E+03 -0.13627563E+03
  0.32400000E+01  0.40584104E+03 -0.13674029E+03
  0.32500000E+01  0.40841371E+03 -0.13720167E+03
  0.32600000E+01  0.41102644E+03 -0.13766076E+03
  0.32700000E+01  0.41368026E+03 -0.13811567E+03
  0.32800000E+01  0.41637621E+03 -0.13856727E+03
  0.32900000E+01  0.41911537E+03 -0.13901575E+03
  0.33000000E+01  0.42189889E+03 -0.13945947E+03
  0.33100000E+01  0.42472795E+03 -0.13989970E+03
  0.33200000E+01  0.42760380E+03 -0.14033575E+03
  0.33300000E+01  0.43052773E+03 -0.14076670E+03
  0.33400000E+01  0.43350109E+03 -0.14119351E+03
  0.33500000E+01  0.43652532E+03 -0.14161519E+03
  0.33600000E+01  0.43960190E+03 -0.14203135E+03
  0.33700000E+01  0.44273238E+03 -0.14244238E+03
  0.33800000E+01  0.44591840E+03 -0.14284749E+03
  0.33900000E+01  0.44916169E+03 -0.14324624E+03
  0.34000000E+01  0.45246404E+03 -0.14363887E+03
  0.34100000E+01  0.45582736E+03 -0.14402459E+03
  0.34200000E+01  0.45925363E+03 -0.14440282E+03
  0.34300000E+01  0.46274497E+03 -0.14477386E+03
  0.34400000E+01  0.46630359E+03 -0.14513660E+03
  0.34500000E+01  0.46993183E+03 -0.14549065E+03
  0.34600000E+01  0.47363215E+03 -0.14583598E+03
  0.34700000E+01  0.47740715E+03 -0.14617142E+03
  0.34800000E+01  0.48125960E+03 -0.14649653E+03
  0.34900000E+01  0.48519239E+03 -0.14681106E+03
  0.35000000E+01  0.48920862E+03 -0.14711368E+03
  0.35100000E+01  0.49331154E+03 -0.14740386E+03
  0.35200000E+01  0.49750463E+03 -0.14768107E+03
  0.35300000E+01  0.50179155E+03 -0.14794379E+03
  0.35400000E+01  0.50617621E+03 -0.14819134E+03
  0.35500000E+01  0.51066275E+03 -0.14842281E+03
  0.35600000E+01  0.51525559E+03 -0.14863648E+03
  0.35700000E+01  0.51995944E+03 -0.14883137E+03
  0.35800000E+01  0.52477929E+03 -0.14900616E+03
  0.35900000E+01  0.52972051E+03 -0.14915878E+03
  0.36000000E+01  0.53478880E+03 -0.14928786E+03
  0.36100000E+01  0.53999027E+03 -0.14939156E+03
  0.36200000E+01  0.54533148E+03 -0.14946729E+03
  0.36300000E+01  0.55081944E+03 -0.14951316E+03
  0.36400000E+01  0.55646168E+03 -0.14952659E+03
  0.36500000E+01  0.56226630E+03 -0.14950433E+03
  0.36600000E+01  0.56824204E+03 -0.14944369E+03
  0.36700000E+01  0.57439829E+03 -0.14934112E+03
  0.36800000E+01  0.58074524E+03 -0.14919241E+03
  0.36900000E+01  0.58729390E+03 -0.14899374E+03
  0.37000000E+01  0.59405620E+03 -0.14874021E+03
  0.37100000E+01  0.60104514E+03 -0.14842622E+03
  0.37200000E+01  0.60827489E+03 -0.14804631E+03
  0.37300000E+01  0.61576091E+03 -0.14759366E+03
  0.37400000E+01  0.62352017E+03 -0.14706060E+03
  0.37500000E+01  0.63157132E+03 -0.14643923E+03
  0.37600000E+01  0.63993494E+03 -0.14571992E+03
  0.37700000E+01  0.64863382E+03 -0.14489184E+03
  0.37800000E+01  0.65769331E+03 -0.14394338E+03
  0.37900000E+01  0.66714174E+03 -0.14286058E+03
  0.38000000E+01  0.67701095E+03 -0.14162767E+03
  0.38100000E+01  0.68733689E+03 -0.14022712E+03
  0.38200000E+01  0.69816047E+03 -0.13863805E+03
  0.38300000E+01  0.70952858E+03 -0.13683652E+03
  0.38400000E+01  0.72149545E+03 -0.13479525E+03
  0.38500000E+01  0.73412444E+03 -0.13248161E+03
  0.38600000E+01  0.74749052E+03 -0.12985756E+03
  0.38700000E+01  0.76168375E+03 -0.12687862E+03
  0.38800000E+01  0.77681429E+03 -0.12349111E+03
  0.38900000E+01  0.79301976E+03 -0.11963110E+03
  0.39000000E+01  0.81047582E+03 -0.11522186E+03
  0.39100000E+01  0.82941088E+03 -0.11016937E+03
  0.39200000E+01  0.85012476E+03 -0.10435890E+03
  0.39300000E+01  0.87300851E+03 -0.97649176E+02
  0.39400000E+01  0.89855755E+03 -0.89863844E+02
  0.39500000E+01  0.92736289E+03 -0.80782764E+02
  0.39600000E+01  0.96005778E+03 -0.70129562E+02
  0.39700000E+01  0.99719446E+03 -0.57555794E+02
  0.39800000E+01  0.10390355E+04 -0.42625495E+02
  0.39900000E+01  0.10852724E+04 -0.24800725E+02
  0.40000000E+01  0.11347273E+04 -0.34383817E+01
  0.40100000E+01  0.11851424E+04  0.22177993E+02
  0.40200000E+01  0.12331800E+04  0.52735929E+02
  0.40300000E+01  0.12747295E+04  0.88668931E+02
  0.40400000E+01  0.13055265E+04  0.12978619E+03
  0.40500000E+01  0.13219668E+04  0.17488019E+03
  0.40600000E+01  0.13218921E+04  0.22164432E+03
  0.40700000E+01  0.13050974E+04  0.26720436E+03
  0.40800000E+01  0.12733848E+04  0.30905449E+03
  0.40900000E+01  0.12301461E+04  0.34573092E+03
  0.41000000E+01  0.11796152E+04  0.37685641E+03
  0.41100000E+01  0.11260355E+04  0.40278101E+03
  0.41200000E+01  0.10729791E+04  0.42418504E+03
  0.41300000E+01  0.10229645E+04  0.44181459E+03
  0.41400000E+01  0.97739460E+03  0.45635397E+03
  0.41500000E+01  0.93673299E+03  0.46838272E+03
  0.41600000E+01  0.90079701E+03  0.47837207E+03
  0.41700000E+01  0.86905328E+03  0.48669873E+03
  0.41800000E+01  0.84084843E+03  0.49366229E+03
  0.41900000E+01  0.81555279E+03  0.49950029E+03
  0.42000000E+01  0.79262840E+03  0.50440204E+03
  0.42100000E+01  0.77164562E+03  0.50851968E+03
  0.42200000E+01  0.75227307E+03  0.51197558E+03
  0.42300000E+01  0.73425780E+03  0.51486917E+03
  0.42400000E+01  0.71740554E+03  0.51728228E+03
  0.42500000E+01  0.70156457E+03  0.51928196E+03
  0.42600000E+01  0.68661390E+03  0.52092389E+03
  0.42700000E+01  0.67245503E+03  0.52225505E+03
  0.42800000E+01  0.65900632E+03  0.52331452E+03
  0.42900000E+01  0.64619904E+03  0.52413544E+03
  0.43000000E+01  0.63397461E+03  0.52474640E+03
  0.43100000E+01  0.62228254E+03  0.52517145E+03
  0.43200000E+01  0.61107900E+03  0.52543134E+03
  0.43300000E+01  0.60032557E+03  0.52554439E+03
  0.43400000E+01  0.58998840E+03  0.52552610E+03
  0.43500000E+01  0.58003746E+03  0.52539001E+03
  0.43600000E+01  0.57044600E+03  0.52514840E+03
  0.43700000E+01  0.56119003E+03  0.52481162E+03
  0.43800000E+01  0.55224798E+03  0.52438886E+03
  0.43900000E+01  0.54360035E+03  0.52388863E+03
  0.44000000E+01  0.53522948E+03  0.52331807E+03
  0.44100000E+01  0.52711927E+03  0.52268361E+03
  0.44200000E+01  0.51925506E+03  0.52199135E+03
  0.44300000E+01  0.51162339E+03  0.52124634E+03
  0.44400000E+01  0.50421194E+03  0.52045318E+03
  0.44500000E+01  0.49700935E+03  0.51961637E+03
  0.44600000E+01  0.49000513E+03  0.51873956E+03
  0.44700000E+01  0.48318961E+03  0.51782612E+03
  0.44800000E+01  0.47655379E+03  0.51687945E+03
  0.44900000E+01  0.47008934E+03  0.51590223E+03
  0.45000000E+01  0.46378850E+03  0.51489697E+03
  0.45100000E+01  0.45764403E+03  0.51386630E+03
  0.45200000E+01  0.45164918E+03  0.51281222E+03
  0.45300000E+01  0.44579763E+03  0.51173662E+03
  0.45400000E+01  0.44008346E+03  0.51064157E+03
  0.45500000E+01  0.43450113E+03  0.50952860E+03
  0.45600000E+01  0.42904540E+03  0.50839913E+03
  0.45700000E+01  0.42371137E+03  0.50725483E+03
  0.45800000E+01  0.41849442E+03  0.50609687E+03
  0.45900000E+01  0.41339018E+03  0.50492633E+03
  0.46000000E+01  0.40839454E+03  0.50374460E+03
  0.46100000E+01  0.40350360E+03  0.50255255E+03
  0.46200000E+01  0.39871367E+03  0.50135104E+03
  0.46300000E+01  0.39402126E+03  0.50014119E+03
  0.46400000E+01  0.38942305E+03  0.49892371E+03
  0.46500000E+01  0.38491591E+03  0.49769922E+03
  0.46600000E+01  0.38049684E+03  0.49646871E+03
  0.46700000E+01  0.37616300E+03  0.49523270E+03
  0.46800000E+01  0.37191168E+03  0.49399169E+03
  0.46900000E+01  0.36774031E+03  0.49274650E+03
  0.47000000E+01  0.36364641E+03  0.49149755E+03
  0.47100000E+01  0.35962765E+03  0.49024521E+03
  0.47200000E+01  0.35568179E+03  0.48899020E+03
  0.47300000E+01  0.35180667E+03  0.48773285E+03
  0.47400000E+01  0.34800026E+03  0.48647343E+03
  0.47500000E+01  0.34426059E+03  0.48521256E+03
  0.47600000E+01  0.34058578E+03  0.48395052E+03
  0.47700000E+01  0.33697402E+03  0.48268749E+03
  0.47800000E+01  0.33342361E+03  0.48142402E+03
  0.47900000E+01  0.32993286E+03  0.48016033E+03
  0.48000000E+01  0.32650020E+03  0.47889655E+03
  0.48100000E+01  0.32312410E+03  0.47763317E+03
  0.48200000E+01  0.31980308E+03  0.47637036E+03
  0.48300000E+01  0.31653574E+03  0.47510819E+03
  0.48400000E+01  0.31332071E+03  0.47384711E+03
  0.48500000E+01  0.31015668E+03  0.47258726E+03
  0.48600000E+01  0.30704239E+03  0.47132867E+03
  0.48700000E+01  0.30397663E+03  0.47007173E+03
  0.48800000E+01  0.30095822E+03  0.46881658E+03
  0.48900000E+01  0.29798603E+03  0.46756319E+03
  0.49000000E+01  0.29505898E+03  0.46631194E+03
  0.49100000E+01  0.29217600E+03  0.46506293E+03
  0.49200000E+01  0.28933608E+03  0.46381611E+03
  0.49300000E+01  0.28653823E+03  0.46257181E+03
  0.49400000E+01  0.28378151E+03  0.46133013E+03
  0.49500000E+01  0.28106499E+03  0.46009101E+03
  0.49600000E+01  0.27838778E+03  0.45885473E+03
  0.49700000E+01  0.27574903E+03  0.45762141E+03
  0.49800000E+01  0.27314789E+03  0.45639092E+03
  0.49900000E+01  0.27058357E+03  0.45516355E+03
  0.50000000E+01  0.26805527E+03  0.45393940E+03
  0.50100000E+01  0.26556224E+03  0.45271834E+03
  0.50200000E+01  0.26310375E+03  0.45150062E+03
  0.50300000E+01  0.26067907E+03  0.45028634E+03
  0.50400000E+01  0.25828752E+03  0.44907536E+03
  0.50500000E+01  0.25592842E+03  0.44786789E+03
  0.50600000E+01  0.25360113E+03  0.44666406E+03
  0.50700000E+01  0.25130501E+03  0.44546369E+03
  0.50800000E+01  0.24903944E+03  0.44426699E+03
  0.50900000E+01  0.24680382E+03  0.44307407E+03
  0.51000000E+01  0.24459758E+03  0.44188476E+03
  0.51100000E+01  0.24242014E+03  0.44069924E+03
  0.51200000E+01  0.24027097E+03  0.43951762E+03
  0.51300000E+01  0.23814951E+03  0.43833973E+03
  0.51400000E+01  0.23605526E+03  0.43716572E+03
  0.51500000E+01  0.23398771E+03  0.43599572E+03
  0.51600000E+01  0.23194635E+03  0.43482955E+03
  0.51700000E+01  0.22993072E+03  0.43366733E+03
  0.51800000E+01  0.22794035E+03  0.43250919E+03
  0.51900000E+01  0.22597477E+03  0.43135497E+03
  0.52000000E+01  0.22403355E+03  0.43020475E+03
  0.52100000E+01  0.22211625E+03  0.42905868E+03
  0.52200000E+01  0.22022245E+03  0.42791659E+03
  0.52300000E+01  0.21835173E+03  0.42677853E+03
  0.52400000E+01  0.21650370E+03  0.42564468E+03
  0.52500000E+01  0.21467796E+03  0.42451485E+03
  0.52600000E+01  0.21287414E+03  0.42338909E+03
  0.52700000E+01  0.21109185E+03  0.42226756E+03
  0.52800000E+01  0.20933074E+03  0.42115010E+03
  0.52900000E+01  0.20759044E+03  0.42003672E+03
  0.53000000E+01  0.20587062E+03  0.41892760E+03
  0.53100000E+01  0.20417093E+03  0.41782257E+03
  0.53200000E+01  0.20249103E+03  0.41672162E+03
  0.53300000E+01  0.20083061E+03  0.41562495E+03
  0.53400000E+01  0.19918935E+03  0.41453239E+03
  0.53500000E+01  0.19756694E+03  0.41344392E+03
  0.53600000E+01  0.19596308E+03  0.41235971E+03
  0.53700000E+01  0.19437746E+03  0.41127964E+03
  0.53800000E+01  0.19280981E+03  0.41020364E+03
  0.53900000E+01  0.19125984E+03  0.40913190E+03
  0.54000000E+01  0.18972726E+03  0.40806430E+03
  0.54100000E+01  0.18821182E+03  0.40700076E+03
  0.54200000E+01  0.18671324E+03  0.40594147E+03
  0.54300000E+01  0.18523126E+03  0.40488632E+03
  0.54400000E+01  0.18376563E+03  0.40383522E+03
  0.54500000E+01  0.18231611E+03  0.40278833E+03
  0.54600000E+01  0.18088244E+03  0.40174559E+03
  0.54700000E+01  0.17946440E+03  0.40070687E+03
  0.54800000E+01  0.17806173E+03  0.39967234E+03
  0.54900000E+01  0.17667423E+03  0.39864194E+03
  0.55000000E+01  0.17530165E+03  0.39761555E+03
  0.55100000E+01  0.17394379E+03  0.39659331E+03
  0.55200000E+01  0.17260042E+03  0.39557519E+03
  0.55300000E+01  0.17127133E+03  0.39456105E+03
  0.55400000E+01  0.16995632E+03  0.39355103E+03
  0.55500000E+01  0.16865519E+03  0.39254511E+03
  0.55600000E+01  0.16736772E+03  0.39154314E+03
  0.55700000E+01  0.16609374E+03  0.39054524E+03
  0.55800000E+01  0.16483304E+03  0.38955143E+03
  0.55900000E+01  0.16358545E+03  0.38856154E+03
  0.56000000E+01  0.16235076E+03  0.38757568E+03
  0.56100000E+01  0.16112881E+03  0.38659389E+03
  0.56200000E+01  0.15991941E+03  0.38561597E+03
  0.56300000E+01  0.15872240E+03  0.38464205E+03
  0.56400000E+01  0.15753759E+03  0.38367216E+03
  0.56500000E+01  0.15636483E+03  0.38270613E+03
  0.56600000E+01  0.15520394E+03  0.38174403E+03
  0.56700000E+01  0.15405477E+03  0.38078594E+03
  0.56800000E+01  0.15291715E+03  0.37983167E+03
  0.56900000E+01  0.15179092E+03  0.37888128E+03
  0.57000000E+01  0.15067595E+03  0.37793487E+03
  0.57100000E+01  0.14957207E+03  0.37699226E+03
  0.57200000E+01  0.14847913E+03  0.37605347E+03
  0.57300000E+01  0.14739700E+03  0.37511862E+03
  0.57400000E+01  0.14632552E+03  0.37418753E+03
  0.57500000E+01  0.14526456E+03  0.37326022E+03
  0.57600000E+01  0.14421398E+03  0.37233681E+03
  0.57700000E+01  0.14317364E+03  0.37141713E+03
  0.57800000E+01  0.14214341E+03  0.37050118E+03
  0.57900000E+01  0.14112316E+03  0.36958907E+03
  0.58000000E+01  0.14011276E+03  0.36868068E+03
  0.58100000E+01  0.13911208E+03  0.36777595E+03
  0.58200000E+01  0.13812100E+03  0.36687502E+03
  0.58300000E+01  0.13713940E+03  0.36597778E+03
  0.58400000E+01  0.13616715E+03  0.36508415E+03
  0.58500000E+01  0.13520413E+03  0.36419427E+03
  0.58600000E+01  0.13425023E+03  0.36330804E+03
  0.58700000E+01  0.13330534E+03  0.36242538E+03
  0.58800000E+01  0.13236934E+03  0.36154642E+03
  0.58900000E+01  0.13144211E+03  0.36067108E+03
  0.59000000E+01  0.13052356E+03  0.35979925E+03
  0.59100000E+01  0.12961357E+03  0.35893108E+03
  0.59200000E+01  0.12871204E+03  0.35806649E+03
  0.59300000E+01  0.12781886E+03  0.35720536E+03
  0.59400000E+01  0.12693393E+03  0.35634783E+03
  0.59500000E+01  0.12605715E+03  0.35549385E+03
  0.59600000E+01  0.12518842E+03  0.35464329E+03
  0.59700000E+01  0.12432764E+03  0.35379627E+03
  0.59800000E+01  0.12347471E+03  0.35295277E+03
  0.59900000E+01  0.12262955E+03  0.35211264E+03
  0.60000000E+01  0.12179205E+03  0.35127599E+03
