  0.20000000E+00 -0.11129005E-06  0.12834792E-05
  0.21000000E+00 -0.11135922E-06  0.12309640E-05
  0.22000000E+00 -0.11140737E-06  0.11822365E-05
  0.23000000E+00 -0.11145046E-06  0.11369751E-05
  0.24000000E+00 -0.11149346E-06  0.10948260E-05
  0.25000000E+00 -0.11153787E-06  0.10555395E-05
  0.26000000E+00 -0.11158396E-06  0.10188305E-05
  0.27000000E+00 -0.11163192E-06  0.98448441E-06
  0.28000000E+00 -0.11168179E-06  0.95229462E-06
  0.29000000E+00 -0.11173352E-06  0.92206337E-06
  0.30000000E+00 -0.11178708E-06  0.89364692E-06
  0.31000000E+00 -0.11184248E-06  0.86687114E-06
  0.32000000E+00 -0.11189979E-06  0.84162420E-06
  0.33000000E+00 -0.11195887E-06  0.81777214E-06
  0.34000000E+00 -0.11201975E-06  0.79520943E-06
  0.35000000E+00 -0.11208259E-06  0.77384463E-06
  0.36000000E+00 -0.11214725E-06  0.75357547E-06
  0.37000000E+00 -0.11221369E-06  0.73433562E-06
  0.38000000E+00 -0.11228213E-06  0.71604282E-06
  0.39000000E+00 -0.11235234E-06  0.69863118E-06
  0.40000000E+00 -0.11242457E-06  0.68204898E-06
  0.41000000E+00 -0.11249853E-06  0.66622417E-06
  0.42000000E+00 -0.11257452E-06  0.65112565E-06
  0.43000000E+00 -0.11265242E-06  0.63669116E-06
  0.44000000E+00 -0.11273231E-06  0.62288420E-06
  0.45000000E+00 -0.11281394E-06  0.60967343E-06
  0.46000000E+00 -0.11289756E-06  0.59700253E-06
  0.47000000E+00 -0.11298299E-06  0.58486561E-06
  0.48000000E+00 -0.11307055E-06  0.57320443E-06
  0.49000000E+00 -0.11315987E-06  0.56201270E-06
  0.50000000E+00 -0.11325120E-06  0.55125373E-06
  0.51000000E+00 -0.11334447E-06  0.54089859E-06
  0.52000000E+00 -0.11343977E-06  0.53094300E-06
  0.53000000E+00 -0.11353693E-06  0.52134085E-06
  0.54000000E+00 -0.11363614E-06  0.51209705E-06
  0.55000000E+00 -0.11373718E-06  0.50317711E-06
  0.56000000E+00 -0.11384032E-06  0.49456777E-06
  0.57000000E+00 -0.11394526E-06  0.48626216E-06
  0.58000000E+00 -0.11405229E-06  0.47822863E-06
  0.59000000E+00 -0.11416133E-06  0.47047143E-06
  0.60000000E+00 -0.11427232E-06  0.46296576E-06
  0.61000000E+00 -0.11438541E-06  0.45570068E-06
  0.62000000E+00 -0.11450052E-06  0.44867572E-06
  0.63000000E+00 -0.11461740E-06  0.44185903E-06
  0.64000000E+00 -0.11473661E-06  0.43526587E-06
  0.65000000E+00 -0.11485767E-06  0.42886658E-06
  0.66000000E+00 -0.11498100E-06  0.42266013E-06
  0.67000000E+00 -0.11510620E-06  0.41664455E-06
  0.68000000E+00 -0.11523369E-06  0.41079318E-06
  0.69000000E+00 -0.11536316E-06  0.40512466E-06
  0.70000000E+00 -0.11549477E-06  0.39960807E-06
  0.71000000E+00 -0.11562851E-06  0.39424905E-06
  0.72000000E+00 -0.11576432E-06  0.38904368E-06
  0.73000000E+00 -0.11590232E-06  0.38397169E-06
  0.74000000E+00 -0.11604230E-06  0.37904726E-06
  0.75000000E+00 -0.11618445E-06  0.37424811E-06
  0.76000000E+00 -0.11632874E-06  0.36957548E-06
  0.77000000E+00 -0.11647516E-06  0.36503271E-06
  0.78000000E+00 -0.11662369E-06  0.36059507E-06
  0.79000000E+00 -0.11677447E-06  0.35628192E-06
  0.80000000E+00 -0.11692735E-06  0.35207033E-06
  0.81000000E+00 -0.11708250E-06  0.34796419E-06
  0.82000000E+00 -0.11723985E-06  0.34396590E-06
  0.83000000E+00 -0.11739958E-06  0.34005377E-06
  0.84000000E+00 -0.11756128E-06  0.33624822E-06
  0.85000000E+00 -0.11772556E-06  0.33252572E-06
  0.86000000E+00 -0.11789190E-06  0.32889063E-06
  0.87000000E+00 -0.11806043E-06  0.32534834E-06
  0.88000000E+00 -0.11823139E-06  0.32187472E-06
  0.89000000E+00 -0.11840464E-06  0.31849369E-06
  0.90000000E+00 -0.11858008E-06  0.31518130E-06
  0.91000000E+00 -0.11875783E-06  0.31194232E-06
  0.92000000E+00 -0.11893795E-06  0.30878513E-06
  0.93000000E+00 -0.11912031E-06  0.30568267E-06
  0.94000000E+00 -0.11930531E-06  0.30265923E-06
  0.95000000E+00 -0.11949237E-06  0.29969745E-06
  0.96000000E+00 -0.11968205E-06  0.29679364E-06
  0.97000000E+00 -0.11987406E-06  0.29396341E-06
  0.98000000E+00 -0.12006843E-06  0.29117876E-06
  0.99000000E+00 -0.12026517E-06  0.28846036E-06
  0.10000000E+01 -0.12046446E-06  0.28579789E-06
  0.10100000E+01 -0.12066635E-06  0.28318099E-06
  0.10200000E+01 -0.12087038E-06  0.28063152E-06
  0.10300000E+01 -0.12107722E-06  0.27812051E-06
  0.10400000E+01 -0.12128618E-06  0.27566352E-06
  0.10500000E+01 -0.12149792E-06  0.27325842E-06
  0.10600000E+01 -0.12171203E-06  0.27089137E-06
  0.10700000E+01 -0.12192866E-06  0.26858209E-06
  0.10800000E+01 -0.12214794E-06  0.26630868E-06
  0.10900000E+01 -0.12236964E-06  0.26407862E-06
  0.11000000E+01 -0.12259436E-06  0.26189866E-06
  0.11100000E+01 -0.12282148E-06  0.25974719E-06
  0.11200000E+01 -0.12305109E-06  0.25764548E-06
  0.11300000E+01 -0.12328364E-06  0.25558007E-06
  0.11400000E+01 -0.12351866E-06  0.25354735E-06
  0.11500000E+01 -0.12375647E-06  0.25156386E-06
  0.11600000E+01 -0.12399716E-06  0.24960121E-06
  0.11700000E+01 -0.12424040E-06  0.24768323E-06
  0.11800000E+01 -0.12448646E-06  0.24580054E-06
  0.11900000E+01 -0.12473523E-06  0.24393991E-06
  0.12000000E+01 -0.12498704E-06  0.24212692E-06
  0.12100000E+01 -0.12524142E-06  0.24033431E-06
  0.12200000E+01 -0.12549857E-06  0.23857347E-06
  0.12300000E+01 -0.12575881E-06  0.23685281E-06
  0.12400000E+01 -0.12602175E-06  0.23514569E-06
  0.12500000E+01 -0.12628761E-06  0.23348211E-06
  0.12600000E+01 -0.12655648E-06  0.23183960E-06
  0.12700000E+01 -0.12682844E-06  0.23021988E-06
  0.12800000E+01 -0.12710314E-06  0.22863971E-06
  0.12900000E+01 -0.12738098E-06  0.22707211E-06
  0.13000000E+01 -0.12766161E-06  0.22553818E-06
  0.13100000E+01 -0.12794553E-06  0.22403163E-06
  0.13200000E+01 -0.12823233E-06  0.22253768E-06
  0.13300000E+01 -0.12852219E-06  0.22108264E-06
  0.13400000E+01 -0.12881532E-06  0.21963936E-06
  0.13500000E+01 -0.12911166E-06  0.21822119E-06
  0.13600000E+01 -0.12941087E-06  0.21683371E-06
  0.13700000E+01 -0.12971346E-06  0.21545444E-06
  0.13800000E+01 -0.13001952E-06  0.21410811E-06
  0.13900000E+01 -0.13032852E-06  0.21278014E-06
  0.14000000E+01 -0.13064101E-06  0.21146324E-06
  0.14100000E+01 -0.13095691E-06  0.21018325E-06
  0.14200000E+01 -0.13127614E-06  0.20890743E-06
  0.14300000E+01 -0.13159851E-06  0.20765653E-06
  0.14400000E+01 -0.13192425E-06  0.20643194E-06
  0.14500000E+01 -0.13225401E-06  0.20521091E-06
  0.14600000E+01 -0.13258676E-06  0.20402168E-06
  0.14700000E+01 -0.13292307E-06  0.20284485E-06
  0.14800000E+01 -0.13326306E-06  0.20168021E-06
  0.14900000E+01 -0.13360651E-06  0.20054469E-06
  0.15000000E+01 -0.13395355E-06  0.19941460E-06
  0.15100000E+01 -0.13430448E-06  0.19830552E-06
  0.15200000E+01 -0.13465909E-06  0.19721808E-06
  0.15300000E+01 -0.13501719E-06  0.19613128E-06
  0.15400000E+01 -0.13537923E-06  0.19507648E-06
  0.15500000E+01 -0.13574523E-06  0.19402880E-06
  0.15600000E+01 -0.13611482E-06  0.19299051E-06
  0.15700000E+01 -0.13648828E-06  0.19198219E-06
  0.15800000E+01 -0.13686578E-06  0.19097419E-06
  0.15900000E+01 -0.13724731E-06  0.18998611E-06
  0.16000000E+01 -0.13763279E-06  0.18901803E-06
  0.16100000E+01 -0.13802250E-06  0.18804643E-06
  0.16200000E+01 -0.13841624E-06  0.18710753E-06
  0.16300000E+01 -0.13881386E-06  0.18617222E-06
  0.16400000E+01 -0.13921629E-06  0.18524264E-06
  0.16500000E+01 -0.13962236E-06  0.18434432E-06
  0.16600000E+01 -0.14003291E-06  0.18343868E-06
  0.16700000E+01 -0.14044799E-06  0.18255559E-06
  0.16800000E+01 -0.14086727E-06  0.18169038E-06
  0.16900000E+01 -0.14129139E-06  0.18082138E-06
  0.17000000E+01 -0.14171980E-06  0.17997945E-06
  0.17100000E+01 -0.14215254E-06  0.17914352E-06
  0.17200000E+01 -0.14259013E-06  0.17830841E-06
  0.17300000E+01 -0.14303259E-06  0.17750361E-06
  0.17400000E+01 -0.14347985E-06  0.17669427E-06
  0.17500000E+01 -0.14393150E-06  0.17589940E-06
  0.17600000E+01 -0.14438834E-06  0.17512450E-06
  0.17700000E+01 -0.14484974E-06  0.17434235E-06
  0.17800000E+01 -0.14531650E-06  0.17358653E-06
  0.17900000E+01 -0.14578847E-06  0.17283662E-06
  0.18000000E+01 -0.14626513E-06  0.17208630E-06
  0.18100000E+01 -0.14674728E-06  0.17136323E-06
  0.18200000E+01 -0.14723464E-06  0.17063698E-06
  0.18300000E+01 -0.14772706E-06  0.16991834E-06
  0.18400000E+01 -0.14822518E-06  0.16922486E-06
  0.18500000E+01 -0.14872890E-06  0.16852190E-06
  0.18600000E+01 -0.14923815E-06  0.16783737E-06
  0.18700000E+01 -0.14975286E-06  0.16716795E-06
  0.18800000E+01 -0.15027359E-06  0.16648997E-06
  0.18900000E+01 -0.15079954E-06  0.16583882E-06
  0.19000000E+01 -0.15133200E-06  0.16518508E-06
  0.19100000E+01 -0.15187021E-06  0.16453719E-06
  0.19200000E+01 -0.15241491E-06  0.16391297E-06
  0.19300000E+01 -0.15296500E-06  0.16328007E-06
  0.19400000E+01 -0.15352216E-06  0.16266119E-06
  0.19500000E+01 -0.15408483E-06  0.16206014E-06
  0.19600000E+01 -0.15465476E-06  0.16144689E-06
  0.19700000E+01 -0.15523051E-06  0.16085886E-06
  0.19800000E+01 -0.15581324E-06  0.16027387E-06
  0.19900000E+01 -0.15640257E-06  0.15968394E-06
  0.20000000E+01 -0.15699904E-06  0.15912486E-06
  0.20100000E+01 -0.15760231E-06  0.15855346E-06
  0.20200000E+01 -0.15821214E-06  0.15799270E-06
  0.20300000E+01 -0.15882998E-06  0.15745277E-06
  0.20400000E+01 -0.15945484E-06  0.15690043E-06
  0.20500000E+01 -0.16008719E-06  0.15636533E-06
  0.20600000E+01 -0.16072661E-06  0.15584400E-06
  0.20700000E+01 -0.16137403E-06  0.15531191E-06
  0.20800000E+01 -0.16202937E-06  0.15480008E-06
  0.20900000E+01 -0.16269219E-06  0.15429271E-06
  0.21000000E+01 -0.16336365E-06  0.15377961E-06
  0.21100000E+01 -0.16404305E-06  0.15329260E-06
  0.21200000E+01 -0.16473065E-06  0.15279880E-06
  0.21300000E+01 -0.16542698E-06  0.15230835E-06
  0.21400000E+01 -0.16613132E-06  0.15184020E-06
  0.21500000E+01 -0.16684508E-06  0.15136051E-06
  0.21600000E+01 -0.16756694E-06  0.15089390E-06
  0.21700000E+01 -0.16829868E-06  0.15044434E-06
  0.21800000E+01 -0.16903910E-06  0.14997533E-06
  0.21900000E+01 -0.16978933E-06  0.14953367E-06
  0.22000000E+01 -0.17054831E-06  0.14909154E-06
  0.22100000E+01 -0.17131794E-06  0.14864520E-06
  0.22200000E+01 -0.17209685E-06  0.14822161E-06
  0.22300000E+01 -0.17288606E-06  0.14779193E-06
  0.22400000E+01 -0.17368561E-06  0.14736288E-06
  0.22500000E+01 -0.17449482E-06  0.14695790E-06
  0.22600000E+01 -0.17531537E-06  0.14653679E-06
  0.22700000E+01 -0.17614627E-06  0.14612974E-06
  0.22800000E+01 -0.17698875E-06  0.14573813E-06
  0.22900000E+01 -0.17784220E-06  0.14532849E-06
  0.23000000E+01 -0.17870685E-06  0.14494101E-06
  0.23100000E+01 -0.17958302E-06  0.14455845E-06
  0.23200000E+01 -0.18047109E-06  0.14416405E-06
  0.23300000E+01 -0.18137105E-06  0.14379404E-06
  0.23400000E+01 -0.18228338E-06  0.14342238E-06
  0.23500000E+01 -0.18320832E-06  0.14303932E-06
  0.23600000E+01 -0.18414572E-06  0.14269008E-06
  0.23700000E+01 -0.18509632E-06  0.14232068E-06
  0.23800000E+01 -0.18605998E-06  0.14195894E-06
  0.23900000E+01 -0.18703715E-06  0.14161722E-06
  0.24000000E+01 -0.18802790E-06  0.14125948E-06
  0.24100000E+01 -0.18903179E-06  0.14091217E-06
  0.24200000E+01 -0.19005082E-06  0.14058137E-06
  0.24300000E+01 -0.19108462E-06  0.14022866E-06
  0.24400000E+01 -0.19213173E-06  0.13989736E-06
  0.24500000E+01 -0.19319483E-06  0.13957180E-06
  0.24600000E+01 -0.19427321E-06  0.13923054E-06
  0.24700000E+01 -0.19536717E-06  0.13891762E-06
  0.24800000E+01 -0.19647667E-06  0.13859480E-06
  0.24900000E+01 -0.19760247E-06  0.13826434E-06
  0.25000000E+01 -0.19874453E-06  0.13796120E-06
  0.25100000E+01 -0.19990398E-06  0.13764372E-06
  0.25200000E+01 -0.20107991E-06  0.13732618E-06
  0.25300000E+01 -0.20227310E-06  0.13703197E-06
  0.25400000E+01 -0.20348468E-06  0.13671587E-06
  0.25500000E+01 -0.20471439E-06  0.13641203E-06
  0.25600000E+01 -0.20596212E-06  0.13612083E-06
  0.25700000E+01 -0.20722838E-06  0.13580864E-06
  0.25800000E+01 -0.20851451E-06  0.13551723E-06
  0.25900000E+01 -0.20982033E-06  0.13522896E-06
  0.26000000E+01 -0.21114545E-06  0.13492085E-06
  0.26100000E+01 -0.21249121E-06  0.13463979E-06
  0.26200000E+01 -0.21385716E-06  0.13435021E-06
  0.26300000E+01 -0.21524448E-06  0.13404893E-06
  0.26400000E+01 -0.21665395E-06  0.13377430E-06
  0.26500000E+01 -0.21808459E-06  0.13348320E-06
  0.26600000E+01 -0.21953842E-06  0.13318637E-06
  0.26700000E+01 -0.22101450E-06  0.13291861E-06
  0.26800000E+01 -0.22251392E-06  0.13262035E-06
  0.26900000E+01 -0.22403687E-06  0.13233776E-06
  0.27000000E+01 -0.22558448E-06  0.13206510E-06
  0.27100000E+01 -0.22715624E-06  0.13176692E-06
  0.27200000E+01 -0.22875309E-06  0.13148532E-06
  0.27300000E+01 -0.23037575E-06  0.13121324E-06
  0.27400000E+01 -0.23202425E-06  0.13090865E-06
  0.27500000E+01 -0.23370006E-06  0.13063449E-06
  0.27600000E+01 -0.23540197E-06  0.13035713E-06
  0.27700000E+01 -0.23713250E-06  0.13004854E-06
  0.27800000E+01 -0.23889128E-06  0.12977482E-06
  0.27900000E+01 -0.24067888E-06  0.12948967E-06
  0.28000000E+01 -0.24249673E-06  0.12918045E-06
  0.28100000E+01 -0.24434393E-06  0.12890983E-06
  0.28200000E+01 -0.24622156E-06  0.12860776E-06
  0.28300000E+01 -0.24813115E-06  0.12830065E-06
  0.28400000E+01 -0.25007149E-06  0.12802378E-06
  0.28500000E+01 -0.25204641E-06  0.12771149E-06
  0.28600000E+01 -0.25405416E-06  0.12740179E-06
  0.28700000E+01 -0.25609532E-06  0.12711794E-06
  0.28800000E+01 -0.25817220E-06  0.12679048E-06
  0.28900000E+01 -0.26028463E-06  0.12648194E-06
  0.29000000E+01 -0.26243216E-06  0.12618272E-06
  0.29100000E+01 -0.26461822E-06  0.12584090E-06
  0.29200000E+01 -0.26684263E-06  0.12552914E-06
  0.29300000E+01 -0.26910452E-06  0.12521746E-06
  0.29400000E+01 -0.27140716E-06  0.12486283E-06
  0.29500000E+01 -0.27375021E-06  0.12454245E-06
  0.29600000E+01 -0.27613464E-06  0.12421317E-06
  0.29700000E+01 -0.27856221E-06  0.12384543E-06
  0.29800000E+01 -0.28103337E-06  0.12352263E-06
  0.29900000E+01 -0.28354940E-06  0.12316112E-06
  0.30000000E+01 -0.28611161E-06  0.12277873E-06
  0.30100000E+01 -0.28871986E-06  0.12244284E-06
  0.30200000E+01 -0.29137733E-06  0.12206019E-06
  0.30300000E+01 -0.29408321E-06  0.12167123E-06
  0.30400000E+01 -0.29684042E-06  0.12131456E-06
  0.30500000E+01 -0.29964922E-06  0.12090762E-06
  0.30600000E+01 -0.30251336E-06  0.12050224E-06
  0.30700000E+01 -0.30543035E-06  0.12012422E-06
  0.30800000E+01 -0.30840540E-06  0.11969003E-06
  0.30900000E+01 -0.31143863E-06  0.11927430E-06
  0.31000000E+01 -0.31453092E-06  0.11886968E-06
  0.31100000E+01 -0.31768541E-06  0.11840598E-06
  0.31200000E+01 -0.32090403E-06  0.11797551E-06
  0.31300000E+01 -0.32418728E-06  0.11753932E-06
  0.31400000E+01 -0.32753829E-06  0.11704353E-06
  0.31500000E+01 -0.33096036E-06  0.11659785E-06
  0.31600000E+01 -0.33445352E-06  0.11612082E-06
  0.31700000E+01 -0.33802062E-06  0.11560488E-06
  0.31800000E+01 -0.34166628E-06  0.11513216E-06
  0.31900000E+01 -0.34539176E-06  0.11460926E-06
  0.32000000E+01 -0.34919906E-06  0.11407384E-06
  0.32100000E+01 -0.35309236E-06  0.11356818E-06
  0.32200000E+01 -0.35707541E-06  0.11300575E-06
  0.32300000E+01 -0.36115032E-06  0.11244303E-06
  0.32400000E+01 -0.36532061E-06  0.11189047E-06
  0.32500000E+01 -0.36959046E-06  0.11128975E-06
  0.32600000E+01 -0.37396302E-06  0.11068550E-06
  0.32700000E+01 -0.37844432E-06  0.11008681E-06
  0.32800000E+01 -0.38303885E-06  0.10944222E-06
  0.32900000E+01 -0.38774976E-06  0.10879145E-06
  0.33000000E+01 -0.39258329E-06  0.10815356E-06
  0.33100000E+01 -0.39754416E-06  0.10744542E-06
  0.33200000E+01 -0.40263792E-06  0.10673758E-06
  0.33300000E+01 -0.40787230E-06  0.10604113E-06
  0.33400000E+01 -0.41325127E-06  0.10526161E-06
  0.33500000E+01 -0.41878297E-06  0.10450896E-06
  0.33600000E+01 -0.42447699E-06  0.10372646E-06
  0.33700000E+01 -0.43033746E-06  0.10286842E-06
  0.33800000E+01 -0.43637334E-06  0.10204581E-06
  0.33900000E+01 -0.44259538E-06  0.10116095E-06
  0.34000000E+01 -0.44901193E-06  0.10022551E-06
  0.34100000E+01 -0.45563348E-06  0.99299791E-07
  0.34200000E+01 -0.46246996E-06  0.98301950E-07
  0.34300000E+01 -0.46953312E-06  0.97251580E-07
  0.34400000E+01 -0.47683513E-06  0.96196992E-07
  0.34500000E+01 -0.48438944E-06  0.95062514E-07
  0.34600000E+01 -0.49221185E-06  0.93869373E-07
  0.34700000E+01 -0.50031320E-06  0.92651171E-07
  0.34800000E+01 -0.50871194E-06  0.91340814E-07
  0.34900000E+01 -0.51742475E-06  0.89958519E-07
  0.35000000E+01 -0.52647193E-06  0.88537522E-07
  0.35100000E+01 -0.53587159E-06  0.86990092E-07
  0.35200000E+01 -0.54564381E-06  0.85372882E-07
  0.35300000E+01 -0.55581290E-06  0.83676909E-07
  0.35400000E+01 -0.56640350E-06  0.81833946E-07
  0.35500000E+01 -0.57744158E-06  0.79893526E-07
  0.35600000E+01 -0.58895463E-06  0.77842307E-07
  0.35700000E+01 -0.60097565E-06  0.75614359E-07
  0.35800000E+01 -0.61353612E-06  0.73259180E-07
  0.35900000E+01 -0.62667294E-06  0.70730187E-07
  0.36000000E+01 -0.64042497E-06  0.67989024E-07
  0.36100000E+01 -0.65483425E-06  0.65064297E-07
  0.36200000E+01 -0.66994510E-06  0.61917470E-07
  0.36300000E+01 -0.68581115E-06  0.58486020E-07
  0.36400000E+01 -0.70248685E-06  0.54804333E-07
  0.36500000E+01 -0.72003043E-06  0.50818150E-07
  0.36600000E+01 -0.73850957E-06  0.46467015E-07
  0.36700000E+01 -0.75799767E-06  0.41767671E-07
  0.36800000E+01 -0.77857397E-06  0.36644952E-07
  0.36900000E+01 -0.80032514E-06  0.31038537E-07
  0.37000000E+01 -0.82335712E-06  0.24940810E-07
  0.37100000E+01 -0.84777280E-06  0.18269016E-07
  0.37200000E+01 -0.87370211E-06  0.10928756E-07
  0.37300000E+01 -0.90128225E-06  0.29043830E-08
  0.37400000E+01 -0.93067144E-06 -0.59368434E-08
  0.37500000E+01 -0.96205104E-06 -0.15697995E-07
  0.37600000E+01 -0.99562104E-06 -0.26446013E-07
  0.37700000E+01 -0.10316241E-05 -0.38357593E-07
  0.37800000E+01 -0.10703299E-05 -0.51585394E-07
  0.37900000E+01 -0.11120618E-05 -0.66271700E-07
  0.38000000E+01 -0.11571919E-05 -0.82660981E-07
  0.38100000E+01 -0.12061760E-05 -0.10100028E-06
  0.38200000E+01 -0.12595466E-05 -0.12154176E-06
  0.38300000E+01 -0.13179585E-05 -0.14468693E-06
  0.38400000E+01 -0.13822249E-05 -0.17083694E-06
  0.38500000E+01 -0.14533650E-05 -0.20047389E-06
  0.38600000E+01 -0.15326739E-05 -0.23425898E-06
  0.38700000E+01 -0.16218812E-05 -0.27292546E-06
  0.38800000E+01 -0.17232940E-05 -0.31740213E-06
  0.38900000E+01 -0.18401070E-05 -0.36888218E-06
  0.39000000E+01 -0.19767515E-05 -0.42882405E-06
  0.39100000E+01 -0.21393464E-05 -0.49905213E-06
  0.39200000E+01 -0.23360016E-05 -0.58196423E-06
  0.39300000E+01 -0.25766692E-05 -0.68055412E-06
  0.39400000E+01 -0.28718897E-05 -0.79866122E-06
  0.39500000E+01 -0.32296289E-05 -0.94129698E-06
  0.39600000E+01 -0.36495917E-05 -0.11147579E-05
  0.39700000E+01 -0.41152654E-05 -0.13269460E-05
  0.39800000E+01 -0.45853705E-05 -0.15874820E-05
  0.39900000E+01 -0.49885605E-05 -0.19069935E-05
  0.40000000E+01 -0.52260266E-05 -0.22952633E-05
  0.40100000E+01 -0.51860708E-05 -0.27564247E-05
  0.40200000E+01 -0.47705878E-05 -0.32792742E-05
  0.40300000E+01 -0.39276047E-05 -0.38229469E-05
  0.40400000E+01 -0.26787128E-05 -0.43050723E-05
  0.40500000E+01 -0.11289561E-05 -0.46123395E-05
  0.40600000E+01  0.54828605E-06 -0.46505683E-05
  0.40700000E+01  0.21491836E-05 -0.44067577E-05
  0.40800000E+01  0.34880919E-05 -0.39588162E-05
  0.40900000E+01  0.44397149E-05 -0.34215157E-05
  0.41000000E+01  0.49608590E-05 -0.28881117E-05
  0.41100000E+01  0.50867036E-05 -0.24097390E-05
  0.41200000E+01  0.49067854E-05 -0.20038233E-05
  0.41300000E+01  0.45325398E-05 -0.16690729E-05
  0.41400000E+01  0.40683490E-05 -0.13964452E-05
  0.41500000E+01  0.35936317E-05 -0.11751147E-05
  0.41600000E+01  0.31573323E-05 -0.99507961E-06
  0.41700000E+01  0.27816780E-05 -0.84787100E-06
  0.41800000E+01  0.24703010E-05 -0.72670107E-06
  0.41900000E+01  0.22166490E-05 -0.62626040E-06
  0.42000000E+01  0.20103518E-05 -0.54233925E-06
  0.42100000E+01  0.18410109E-05 -0.47170881E-06
  0.42200000E+01  0.16998990E-05 -0.41185517E-06
  0.42300000E+01  0.15803156E-05 -0.36076628E-06
  0.42400000E+01  0.14773677E-05 -0.31687101E-06
  0.42500000E+01  0.13875196E-05 -0.27895859E-06
  0.42600000E+01  0.13082138E-05 -0.24600020E-06
  0.42700000E+01  0.12375565E-05 -0.21719260E-06
  0.42800000E+01  0.11741163E-05 -0.19191679E-06
  0.42900000E+01  0.11167807E-05 -0.16961226E-06
  0.43000000E+01  0.10646703E-05 -0.14984153E-06
  0.43100000E+01  0.10170756E-05 -0.13227552E-06
  0.43200000E+01  0.97341227E-06 -0.11658494E-06
  0.43300000E+01  0.93320152E-06 -0.10251519E-06
  0.43400000E+01  0.89603451E-06 -0.89886282E-07
  0.43500000E+01  0.86157128E-06 -0.78487340E-07
  0.43600000E+01  0.82952257E-06 -0.68169861E-07
  0.43700000E+01  0.79963678E-06 -0.58835673E-07
  0.43800000E+01  0.77169935E-06 -0.50336436E-07
  0.43900000E+01  0.74552348E-06 -0.42591330E-07
  0.44000000E+01  0.72093997E-06 -0.35532381E-07
  0.44100000E+01  0.69781126E-06 -0.29062147E-07
  0.44200000E+01  0.67600832E-06 -0.23115028E-07
  0.44300000E+01  0.65541872E-06 -0.17679238E-07
  0.44400000E+01  0.63594336E-06 -0.12659011E-07
  0.44500000E+01  0.61749405E-06 -0.80269085E-08
  0.44600000E+01  0.59998933E-06 -0.37714553E-08
  0.44700000E+01  0.58335820E-06  0.17797935E-09
  0.44800000E+01  0.56753797E-06  0.38393237E-08
  0.44900000E+01  0.55246869E-06  0.72179494E-08
  0.45000000E+01  0.53809735E-06  0.10366787E-07
  0.45100000E+01  0.52437721E-06  0.13293229E-07
  0.45200000E+01  0.51126530E-06  0.16000342E-07
  0.45300000E+01  0.49872165E-06  0.18535883E-07
  0.45400000E+01  0.48670848E-06  0.20894891E-07
  0.45500000E+01  0.47519373E-06  0.23089871E-07
  0.45600000E+01  0.46414765E-06  0.25145837E-07
  0.45700000E+01  0.45354074E-06  0.27067826E-07
  0.45800000E+01  0.44334897E-06  0.28855794E-07
  0.45900000E+01  0.43354694E-06  0.30536357E-07
  0.46000000E+01  0.42411334E-06  0.32110548E-07
  0.46100000E+01  0.41502747E-06  0.33573767E-07
  0.46200000E+01  0.40627085E-06  0.34947172E-07
  0.46300000E+01  0.39782545E-06  0.36243199E-07
  0.46400000E+01  0.38967652E-06  0.37453073E-07
  0.46500000E+01  0.38180648E-06  0.38588580E-07
  0.46600000E+01  0.37420288E-06  0.39662406E-07
  0.46700000E+01  0.36685085E-06  0.40654696E-07
  0.46800000E+01  0.35973929E-06  0.41594394E-07
  0.46900000E+01  0.35285737E-06  0.42485195E-07
  0.47000000E+01  0.34619254E-06  0.43302171E-07
  0.47100000E+01  0.33973597E-06  0.44074076E-07
  0.47200000E+01  0.33347877E-06  0.44812482E-07
  0.47300000E+01  0.32741021E-06  0.45485646E-07
  0.47400000E+01  0.32152214E-06  0.46128926E-07
  0.47500000E+01  0.31580710E-06  0.46738124E-07
  0.47600000E+01  0.31025797E-06  0.47293827E-07
  0.47700000E+01  0.30486646E-06  0.47822219E-07
  0.47800000E+01  0.29962812E-06  0.48326782E-07
  0.47900000E+01  0.29453594E-06  0.48788454E-07
  0.48000000E+01  0.28958193E-06  0.49219625E-07
  0.48100000E+01  0.28476382E-06  0.49630044E-07
  0.48200000E+01  0.28007370E-06  0.50007635E-07
  0.48300000E+01  0.27550801E-06  0.50356275E-07
  0.48400000E+01  0.27106100E-06  0.50698415E-07
  0.48500000E+01  0.26672901E-06  0.51001166E-07
  0.48600000E+01  0.26250565E-06  0.51287763E-07
  0.48700000E+01  0.25839030E-06  0.51559958E-07
  0.48800000E+01  0.25437739E-06  0.51798519E-07
  0.48900000E+01  0.25046242E-06  0.52028704E-07
  0.49000000E+01  0.24664237E-06  0.52247427E-07
  0.49100000E+01  0.24291460E-06  0.52436753E-07
  0.49200000E+01  0.23927374E-06  0.52609625E-07
  0.49300000E+01  0.23571934E-06  0.52785591E-07
  0.49400000E+01  0.23224789E-06  0.52930541E-07
  0.49500000E+01  0.22885656E-06  0.53061986E-07
  0.49600000E+01  0.22554112E-06  0.53189849E-07
  0.49700000E+01  0.22230212E-06  0.53296961E-07
  0.49800000E+01  0.21913405E-06  0.53391710E-07
  0.49900000E+01  0.21603640E-06  0.53488845E-07
  0.50000000E+01  0.21300569E-06  0.53558808E-07
  0.50100000E+01  0.21004146E-06  0.53624095E-07
  0.50200000E+01  0.20714034E-06  0.53689444E-07
  0.50300000E+01  0.20430077E-06  0.53731317E-07
  0.50400000E+01  0.20152146E-06  0.53764670E-07
  0.50500000E+01  0.19879913E-06  0.53801345E-07
  0.50600000E+01  0.19613321E-06  0.53824612E-07
  0.50700000E+01  0.19352205E-06  0.53831022E-07
  0.50800000E+01  0.19096390E-06  0.53846605E-07
  0.50900000E+01  0.18845674E-06  0.53841556E-07
  0.51000000E+01  0.18599885E-06  0.53829833E-07
  0.51100000E+01  0.18359043E-06  0.53820406E-07
  0.51200000E+01  0.18122872E-06  0.53800282E-07
  0.51300000E+01  0.17891311E-06  0.53770529E-07
  0.51400000E+01  0.17664174E-06  0.53745024E-07
  0.51500000E+01  0.17441475E-06  0.53705268E-07
  0.51600000E+01  0.17222869E-06  0.53660953E-07
  0.51700000E+01  0.17008449E-06  0.53615627E-07
  0.51800000E+01  0.16797985E-06  0.53566187E-07
  0.51900000E+01  0.16591475E-06  0.53504760E-07
  0.52000000E+01  0.16388686E-06  0.53446649E-07
  0.52100000E+01  0.16189586E-06  0.53385570E-07
  0.52200000E+01  0.15994121E-06  0.53306599E-07
  0.52300000E+01  0.15802095E-06  0.53240420E-07
  0.52400000E+01  0.15613473E-06  0.53170030E-07
  0.52500000E+01  0.15428332E-06  0.53080040E-07
  0.52600000E+01  0.15246308E-06  0.53001587E-07
  0.52700000E+01  0.15067451E-06  0.52916915E-07
  0.52800000E+01  0.14891768E-06  0.52819160E-07
  0.52900000E+01  0.14719015E-06  0.52730168E-07
  0.53000000E+01  0.14549255E-06  0.52639363E-07
  0.53100000E+01  0.14382339E-06  0.52531224E-07
  0.53200000E+01  0.14218269E-06  0.52434263E-07
  0.53300000E+01  0.14056986E-06  0.52334969E-07
  0.53400000E+01  0.13898268E-06  0.52222687E-07
  0.53500000E+01  0.13742278E-06  0.52118479E-07
  0.53600000E+01  0.13588790E-06  0.52012150E-07
  0.53700000E+01  0.13437797E-06  0.51894003E-07
  0.53800000E+01  0.13289238E-06  0.51784398E-07
  0.53900000E+01  0.13143099E-06  0.51673296E-07
  0.54000000E+01  0.12999247E-06  0.51547003E-07
  0.54100000E+01  0.12857704E-06  0.51427927E-07
  0.54200000E+01  0.12718372E-06  0.51310537E-07
  0.54300000E+01  0.12581273E-06  0.51184248E-07
  0.54400000E+01  0.12446268E-06  0.51063813E-07
  0.54500000E+01  0.12313369E-06  0.50944059E-07
  0.54600000E+01  0.12182491E-06  0.50811679E-07
  0.54700000E+01  0.12053660E-06  0.50682431E-07
  0.54800000E+01  0.11926789E-06  0.50559200E-07
  0.54900000E+01  0.11801821E-06  0.50425726E-07
  0.55000000E+01  0.11678760E-06  0.50291030E-07
  0.55100000E+01  0.11557511E-06  0.50165347E-07
  0.55200000E+01  0.11438082E-06  0.50028366E-07
  0.55300000E+01  0.11320421E-06  0.49891106E-07
  0.55400000E+01  0.11204486E-06  0.49762778E-07
  0.55500000E+01  0.11090255E-06  0.49626016E-07
  0.55600000E+01  0.10977704E-06  0.49484615E-07
  0.55700000E+01  0.10866734E-06  0.49355081E-07
  0.55800000E+01  0.10757428E-06  0.49214001E-07
  0.55900000E+01  0.10649626E-06  0.49071788E-07
  0.56000000E+01  0.10543409E-06  0.48940888E-07
  0.56100000E+01  0.10438666E-06  0.48795107E-07
  0.56200000E+01  0.10335463E-06  0.48653648E-07
  0.56300000E+01  0.10233667E-06  0.48516687E-07
  0.56400000E+01  0.10133287E-06  0.48375824E-07
  0.56500000E+01  0.10034263E-06  0.48229980E-07
  0.56600000E+01  0.99367055E-07  0.48094921E-07
  0.56700000E+01  0.98404199E-07  0.47951741E-07
  0.56800000E+01  0.97454990E-07  0.47805170E-07
  0.56900000E+01  0.96518465E-07  0.47667651E-07
  0.57000000E+01  0.95594649E-07  0.47523320E-07
  0.57100000E+01  0.94683403E-07  0.47374513E-07
  0.57200000E+01  0.93784264E-07  0.47237484E-07
  0.57300000E+01  0.92897247E-07  0.47096529E-07
  0.57400000E+01  0.92022360E-07  0.46944693E-07
  0.57500000E+01  0.91158623E-07  0.46806656E-07
  0.57600000E+01  0.90306361E-07  0.46666819E-07
  0.57700000E+01  0.89465228E-07  0.46515916E-07
  0.57800000E+01  0.88635502E-07  0.46372975E-07
  0.57900000E+01  0.87816227E-07  0.46232905E-07
  0.58000000E+01  0.87007656E-07  0.46084832E-07
  0.58100000E+01  0.86209674E-07  0.45942679E-07
  0.58200000E+01  0.85421741E-07  0.45802542E-07
  0.58300000E+01  0.84643945E-07  0.45652124E-07
  0.58400000E+01  0.83876072E-07  0.45512345E-07
  0.58500000E+01  0.83118121E-07  0.45369649E-07
  0.58600000E+01  0.82369396E-07  0.45226096E-07
  0.58700000E+01  0.81630400E-07  0.45080520E-07
  0.58800000E+01  0.80900659E-07  0.44942510E-07
  0.58900000E+01  0.80179713E-07  0.44796958E-07
  0.59000000E+01  0.79468077E-07  0.44652820E-07
  0.59100000E+01  0.78765077E-07  0.44514692E-07
  0.59200000E+01  0.78070705E-07  0.44370091E-07
  0.59300000E+01  0.77384844E-07  0.44228638E-07
  0.59400000E+01  0.76707483E-07  0.44091546E-07
  0.59500000E+01  0.76038165E-07  0.43945360E-07
  0.59600000E+01  0.75376990E-07  0.43799780E-07
  0.59700000E+01  0.74723846E-07  0.43662606E-07
  0.59800000E+01  0.74078915E-07  0.43520635E-07
  0.59900000E+01  0.73441011E-07  0.43376539E-07
  0.60000000E+01  0.72811110E-07  0.43243621E-07
