  0.20000000E+00  0.19211152E+03 -0.10412383E+02
  0.21000000E+00  0.19215616E+03 -0.10638139E+02
  0.22000000E+00  0.19220296E+03 -0.10873604E+02
  0.23000000E+00  0.19225195E+03 -0.11117874E+02
  0.24000000E+00  0.19230314E+03 -0.11370126E+02
  0.25000000E+00  0.19235653E+03 -0.11629710E+02
  0.26000000E+00  0.19241212E+03 -0.11895883E+02
  0.27000000E+00  0.19246993E+03 -0.12168172E+02
  0.28000000E+00  0.19252995E+03 -0.12445978E+02
  0.29000000E+00  0.19259219E+03 -0.12728875E+02
  0.30000000E+00  0.19265664E+03 -0.13016473E+02
  0.31000000E+00  0.19272333E+03 -0.13308314E+02
  0.32000000E+00  0.19279224E+03 -0.13604199E+02
  0.33000000E+00  0.19286338E+03 -0.13903672E+02
  0.34000000E+00  0.19293676E+03 -0.14206602E+02
  0.35000000E+00  0.19301238E+03 -0.14512657E+02
  0.36000000E+00  0.19309025E+03 -0.14821631E+02
  0.37000000E+00  0.19317037E+03 -0.15133388E+02
  0.38000000E+00  0.19325275E+03 -0.15447620E+02
  0.39000000E+00  0.19333738E+03 -0.15764324E+02
  0.40000000E+00  0.19342428E+03 -0.16083193E+02
  0.41000000E+00  0.19351345E+03 -0.16404207E+02
  0.42000000E+00  0.19360489E+03 -0.16727195E+02
  0.43000000E+00  0.19369862E+03 -0.17052014E+02
  0.44000000E+00  0.19379463E+03 -0.17378651E+02
  0.45000000E+00  0.19389294E+03 -0.17706891E+02
  0.46000000E+00  0.19399354E+03 -0.18036757E+02
  0.47000000E+00  0.19409645E+03 -0.18368103E+02
  0.48000000E+00  0.19420167E+03 -0.18700859E+02
  0.49000000E+00  0.19430920E+03 -0.19035014E+02
  0.50000000E+00  0.19441906E+03 -0.19370409E+02
  0.51000000E+00  0.19453125E+03 -0.19707086E+02
  0.52000000E+00  0.19464577E+03 -0.20044928E+02
  0.53000000E+00  0.19476263E+03 -0.20383887E+02
  0.54000000E+00  0.19488185E+03 -0.20723986E+02
  0.55000000E+00  0.19500342E+03 -0.21065059E+02
  0.56000000E+00  0.19512735E+03 -0.21407211E+02
  0.57000000E+00  0.19525366E+03 -0.21750287E+02
  0.58000000E+00  0.19538234E+03 -0.22094308E+02
  0.59000000E+00  0.19551341E+03 -0.22439269E+02
  0.60000000E+00  0.19564688E+03 -0.22785041E+02
  0.61000000E+00  0.19578274E+03 -0.23131740E+02
  0.62000000E+00  0.19592102E+03 -0.23479201E+02
  0.63000000E+00  0.19606171E+03 -0.23827491E+02
  0.64000000E+00  0.19620483E+03 -0.24176575E+02
  0.65000000E+00  0.19635038E+03 -0.24526369E+02
  0.66000000E+00  0.19649838E+03 -0.24876966E+02
  0.67000000E+00  0.19664883E+03 -0.25228234E+02
  0.68000000E+00  0.19680174E+03 -0.25580226E+02
  0.69000000E+00  0.19695711E+03 -0.25932932E+02
  0.70000000E+00  0.19711497E+03 -0.26286254E+02
  0.71000000E+00  0.19727531E+03 -0.26640315E+02
  0.72000000E+00  0.19743815E+03 -0.26994961E+02
  0.73000000E+00  0.19760350E+03 -0.27350275E+02
  0.74000000E+00  0.19777137E+03 -0.27706232E+02
  0.75000000E+00  0.19794176E+03 -0.28062750E+02
  0.76000000E+00  0.19811468E+03 -0.28419952E+02
  0.77000000E+00  0.19829016E+03 -0.28777686E+02
  0.78000000E+00  0.19846818E+03 -0.29136042E+02
  0.79000000E+00  0.19864878E+03 -0.29494996E+02
  0.80000000E+00  0.19883195E+03 -0.29854469E+02
  0.81000000E+00  0.19901772E+03 -0.30214585E+02
  0.82000000E+00  0.19920608E+03 -0.30575204E+02
  0.83000000E+00  0.19939705E+03 -0.30936400E+02
  0.84000000E+00  0.19959064E+03 -0.31298177E+02
  0.85000000E+00  0.19978687E+03 -0.31660430E+02
  0.86000000E+00  0.19998574E+03 -0.32023309E+02
  0.87000000E+00  0.20018726E+03 -0.32386662E+02
  0.88000000E+00  0.20039146E+03 -0.32750567E+02
  0.89000000E+00  0.20059833E+03 -0.33115035E+02
  0.90000000E+00  0.20080789E+03 -0.33479960E+02
  0.91000000E+00  0.20102016E+03 -0.33845484E+02
  0.92000000E+00  0.20123514E+03 -0.34211482E+02
  0.93000000E+00  0.20145286E+03 -0.34577995E+02
  0.94000000E+00  0.20167331E+03 -0.34945077E+02
  0.95000000E+00  0.20189652E+03 -0.35312590E+02
  0.96000000E+00  0.20212250E+03 -0.35680693E+02
  0.97000000E+00  0.20235126E+03 -0.36049267E+02
  0.98000000E+00  0.20258281E+03 -0.36418333E+02
  0.99000000E+00  0.20281717E+03 -0.36787971E+02
  0.10000000E+01  0.20305435E+03 -0.37158033E+02
  0.10100000E+01  0.20329437E+03 -0.37528662E+02
  0.10200000E+01  0.20353724E+03 -0.37899783E+02
  0.10300000E+01  0.20378298E+03 -0.38271364E+02
  0.10400000E+01  0.20403159E+03 -0.38643530E+02
  0.10500000E+01  0.20428309E+03 -0.39016115E+02
  0.10600000E+01  0.20453751E+03 -0.39389250E+02
  0.10700000E+01  0.20479484E+03 -0.39762899E+02
  0.10800000E+01  0.20505512E+03 -0.40136986E+02
  0.10900000E+01  0.20531835E+03 -0.40511663E+02
  0.11000000E+01  0.20558455E+03 -0.40886774E+02
  0.11100000E+01  0.20585374E+03 -0.41262404E+02
  0.11200000E+01  0.20612592E+03 -0.41638583E+02
  0.11300000E+01  0.20640113E+03 -0.42015180E+02
  0.11400000E+01  0.20667937E+03 -0.42392369E+02
  0.11500000E+01  0.20696066E+03 -0.42770017E+02
  0.11600000E+01  0.20724502E+03 -0.43148154E+02
  0.11700000E+01  0.20753246E+03 -0.43526871E+02
  0.11800000E+01  0.20782300E+03 -0.43906005E+02
  0.11900000E+01  0.20811667E+03 -0.44285712E+02
  0.12000000E+01  0.20841347E+03 -0.44665925E+02
  0.12100000E+01  0.20871343E+03 -0.45046591E+02
  0.12200000E+01  0.20901656E+03 -0.45427864E+02
  0.12300000E+01  0.20932288E+03 -0.45809568E+02
  0.12400000E+01  0.20963241E+03 -0.46191818E+02
  0.12500000E+01  0.20994517E+03 -0.46574624E+02
  0.12600000E+01  0.21026118E+03 -0.46957861E+02
  0.12700000E+01  0.21058046E+03 -0.47341710E+02
  0.12800000E+01  0.21090302E+03 -0.47726034E+02
  0.12900000E+01  0.21122889E+03 -0.48110860E+02
  0.13000000E+01  0.21155809E+03 -0.48496293E+02
  0.13100000E+01  0.21189064E+03 -0.48882155E+02
  0.13200000E+01  0.21222655E+03 -0.49268611E+02
  0.13300000E+01  0.21256585E+03 -0.49655605E+02
  0.13400000E+01  0.21290856E+03 -0.50043059E+02
  0.13500000E+01  0.21325470E+03 -0.50431152E+02
  0.13600000E+01  0.21360430E+03 -0.50819705E+02
  0.13700000E+01  0.21395737E+03 -0.51208810E+02
  0.13800000E+01  0.21431394E+03 -0.51598521E+02
  0.13900000E+01  0.21467402E+03 -0.51988674E+02
  0.14000000E+01  0.21503765E+03 -0.52379461E+02
  0.14100000E+01  0.21540485E+03 -0.52770777E+02
  0.14200000E+01  0.21577563E+03 -0.53162590E+02
  0.14300000E+01  0.21615003E+03 -0.53555062E+02
  0.14400000E+01  0.21652806E+03 -0.53947997E+02
  0.14500000E+01  0.21690975E+03 -0.54341526E+02
  0.14600000E+01  0.21729513E+03 -0.54735667E+02
  0.14700000E+01  0.21768422E+03 -0.55130272E+02
  0.14800000E+01  0.21807705E+03 -0.55525546E+02
  0.14900000E+01  0.21847364E+03 -0.55921352E+02
  0.15000000E+01  0.21887401E+03 -0.56317690E+02
  0.15100000E+01  0.21927820E+03 -0.56714710E+02
  0.15200000E+01  0.21968623E+03 -0.57112207E+02
  0.15300000E+01  0.22009813E+03 -0.57510334E+02
  0.15400000E+01  0.22051393E+03 -0.57909090E+02
  0.15500000E+01  0.22093365E+03 -0.58308333E+02
  0.15600000E+01  0.22135732E+03 -0.58708278E+02
  0.15700000E+01  0.22178497E+03 -0.59108772E+02
  0.15800000E+01  0.22221663E+03 -0.59509829E+02
  0.15900000E+01  0.22265232E+03 -0.59911596E+02
  0.16000000E+01  0.22309209E+03 -0.60313861E+02
  0.16100000E+01  0.22353596E+03 -0.60716789E+02
  0.16200000E+01  0.22398396E+03 -0.61120373E+02
  0.16300000E+01  0.22443612E+03 -0.61524468E+02
  0.16400000E+01  0.22489247E+03 -0.61929299E+02
  0.16500000E+01  0.22535305E+03 -0.62334709E+02
  0.16600000E+01  0.22581788E+03 -0.62740703E+02
  0.16700000E+01  0.22628701E+03 -0.63147446E+02
  0.16800000E+01  0.22676046E+03 -0.63554717E+02
  0.16900000E+01  0.22723827E+03 -0.63962672E+02
  0.17000000E+01  0.22772048E+03 -0.64371329E+02
  0.17100000E+01  0.22820711E+03 -0.64780519E+02
  0.17200000E+01  0.22869821E+03 -0.65190475E+02
  0.17300000E+01  0.22919380E+03 -0.65601058E+02
  0.17400000E+01  0.22969394E+03 -0.66012239E+02
  0.17500000E+01  0.23019865E+03 -0.66424214E+02
  0.17600000E+01  0.23070797E+03 -0.66836755E+02
  0.17700000E+01  0.23122194E+03 -0.67249995E+02
  0.17800000E+01  0.23174061E+03 -0.67663995E+02
  0.17900000E+01  0.23226400E+03 -0.68078553E+02
  0.18000000E+01  0.23279216E+03 -0.68493901E+02
  0.18100000E+01  0.23332514E+03 -0.68909940E+02
  0.18200000E+01  0.23386297E+03 -0.69326587E+02
  0.18300000E+01  0.23440569E+03 -0.69744073E+02
  0.18400000E+01  0.23495335E+03 -0.70162180E+02
  0.18500000E+01  0.23550599E+03 -0.70580989E+02
  0.18600000E+01  0.23606366E+03 -0.71000627E+02
  0.18700000E+01  0.23662640E+03 -0.71420856E+02
  0.18800000E+01  0.23719426E+03 -0.71841888E+02
  0.18900000E+01  0.23776729E+03 -0.72263692E+02
  0.19000000E+01  0.23834552E+03 -0.72686112E+02
  0.19100000E+01  0.23892901E+03 -0.73109409E+02
  0.19200000E+01  0.23951782E+03 -0.73533405E+02
  0.19300000E+01  0.24011198E+03 -0.73958094E+02
  0.19400000E+01  0.24071155E+03 -0.74383681E+02
  0.19500000E+01  0.24131658E+03 -0.74809913E+02
  0.19600000E+01  0.24192713E+03 -0.75236941E+02
  0.19700000E+01  0.24254324E+03 -0.75664836E+02
  0.19800000E+01  0.24316497E+03 -0.76093367E+02
  0.19900000E+01  0.24379238E+03 -0.76522789E+02
  0.20000000E+01  0.24442552E+03 -0.76953013E+02
  0.20100000E+01  0.24506444E+03 -0.77383918E+02
  0.20200000E+01  0.24570922E+03 -0.77815774E+02
  0.20300000E+01  0.24635990E+03 -0.78248361E+02
  0.20400000E+01  0.24701655E+03 -0.78681716E+02
  0.20500000E+01  0.24767923E+03 -0.79116031E+02
  0.20600000E+01  0.24834800E+03 -0.79551031E+02
  0.20700000E+01  0.24902292E+03 -0.79986904E+02
  0.20800000E+01  0.24970406E+03 -0.80423697E+02
  0.20900000E+01  0.25039148E+03 -0.80861176E+02
  0.21000000E+01  0.25108525E+03 -0.81299620E+02
  0.21100000E+01  0.25178544E+03 -0.81738915E+02
  0.21200000E+01  0.25249212E+03 -0.82178945E+02
  0.21300000E+01  0.25320536E+03 -0.82619995E+02
  0.21400000E+01  0.25392523E+03 -0.83061827E+02
  0.21500000E+01  0.25465181E+03 -0.83504481E+02
  0.21600000E+01  0.25538516E+03 -0.83948161E+02
  0.21700000E+01  0.25612536E+03 -0.84392576E+02
  0.21800000E+01  0.25687250E+03 -0.84837916E+02
  0.21900000E+01  0.25762665E+03 -0.85284245E+02
  0.22000000E+01  0.25838789E+03 -0.85731302E+02
  0.22100000E+01  0.25915631E+03 -0.86179376E+02
  0.22200000E+01  0.25993198E+03 -0.86628371E+02
  0.22300000E+01  0.26071499E+03 -0.87078132E+02
  0.22400000E+01  0.26150543E+03 -0.87528972E+02
  0.22500000E+01  0.26230338E+03 -0.87980657E+02
  0.22600000E+01  0.26310894E+03 -0.88433186E+02
  0.22700000E+01  0.26392219E+03 -0.88886809E+02
  0.22800000E+01  0.26474324E+03 -0.89341216E+02
  0.22900000E+01  0.26557217E+03 -0.89796564E+02
  0.23000000E+01  0.26640908E+03 -0.90252977E+02
  0.23100000E+01  0.26725408E+03 -0.90710147E+02
  0.23200000E+01  0.26810725E+03 -0.91168350E+02
  0.23300000E+01  0.26896871E+03 -0.91627556E+02
  0.23400000E+01  0.26983856E+03 -0.92087531E+02
  0.23500000E+01  0.27071690E+03 -0.92548611E+02
  0.23600000E+01  0.27160384E+03 -0.93010610E+02
  0.23700000E+01  0.27249950E+03 -0.93473429E+02
  0.23800000E+01  0.27340399E+03 -0.93937388E+02
  0.23900000E+01  0.27431742E+03 -0.94402184E+02
  0.24000000E+01  0.27523990E+03 -0.94867878E+02
  0.24100000E+01  0.27617157E+03 -0.95334701E+02
  0.24200000E+01  0.27711254E+03 -0.95802300E+02
  0.24300000E+01  0.27806293E+03 -0.96270884E+02
  0.24400000E+01  0.27902287E+03 -0.96740546E+02
  0.24500000E+01  0.27999250E+03 -0.97210951E+02
  0.24600000E+01  0.28097194E+03 -0.97682421E+02
  0.24700000E+01  0.28196132E+03 -0.98154885E+02
  0.24800000E+01  0.28296080E+03 -0.98628097E+02
  0.24900000E+01  0.28397049E+03 -0.99102426E+02
  0.25000000E+01  0.28499055E+03 -0.99577650E+02
  0.25100000E+01  0.28602113E+03 -0.10005366E+03
  0.25200000E+01  0.28706236E+03 -0.10053080E+03
  0.25300000E+01  0.28811441E+03 -0.10100873E+03
  0.25400000E+01  0.28917743E+03 -0.10148751E+03
  0.25500000E+01  0.29025156E+03 -0.10196739E+03
  0.25600000E+01  0.29133699E+03 -0.10244798E+03
  0.25700000E+01  0.29243386E+03 -0.10292947E+03
  0.25800000E+01  0.29354235E+03 -0.10341201E+03
  0.25900000E+01  0.29466262E+03 -0.10389518E+03
  0.26000000E+01  0.29579485E+03 -0.10437933E+03
  0.26100000E+01  0.29693922E+03 -0.10486441E+03
  0.26200000E+01  0.29809591E+03 -0.10535009E+03
  0.26300000E+01  0.29926511E+03 -0.10583678E+03
  0.26400000E+01  0.30044699E+03 -0.10632428E+03
  0.26500000E+01  0.30164176E+03 -0.10681237E+03
  0.26600000E+01  0.30284961E+03 -0.10730147E+03
  0.26700000E+01  0.30407074E+03 -0.10779124E+03
  0.26800000E+01  0.30530536E+03 -0.10828163E+03
  0.26900000E+01  0.30655367E+03 -0.10877298E+03
  0.27000000E+01  0.30781590E+03 -0.10926487E+03
  0.27100000E+01  0.30909224E+03 -0.10975739E+03
  0.27200000E+01  0.31038293E+03 -0.11025081E+03
  0.27300000E+01  0.31168820E+03 -0.11074463E+03
  0.27400000E+01  0.31300828E+03 -0.11123911E+03
  0.27500000E+01  0.31434339E+03 -0.11173436E+03
  0.27600000E+01  0.31569379E+03 -0.11222991E+03
  0.27700000E+01  0.31705972E+03 -0.11272613E+03
  0.27800000E+01  0.31844143E+03 -0.11322297E+03
  0.27900000E+01  0.31983919E+03 -0.11372001E+03
  0.28000000E+01  0.32125324E+03 -0.11421772E+03
  0.28100000E+01  0.32268387E+03 -0.11471585E+03
  0.28200000E+01  0.32413134E+03 -0.11521413E+03
  0.28300000E+01  0.32559594E+03 -0.11571303E+03
  0.28400000E+01  0.32707795E+03 -0.11621215E+03
  0.28500000E+01  0.32857767E+03 -0.11671135E+03
  0.28600000E+01  0.33009540E+03 -0.11721110E+03
  0.28700000E+01  0.33163144E+03 -0.11771086E+03
  0.28800000E+01  0.33318611E+03 -0.11821066E+03
  0.28900000E+01  0.33475972E+03 -0.11871088E+03
  0.29000000E+01  0.33635262E+03 -0.11921089E+03
  0.29100000E+01  0.33796512E+03 -0.11971091E+03
  0.29200000E+01  0.33959759E+03 -0.12021118E+03
  0.29300000E+01  0.34125036E+03 -0.12071102E+03
  0.29400000E+01  0.34292380E+03 -0.12121083E+03
  0.29500000E+01  0.34461829E+03 -0.12171066E+03
  0.29600000E+01  0.34633419E+03 -0.12220987E+03
  0.29700000E+01  0.34807191E+03 -0.12270900E+03
  0.29800000E+01  0.34983183E+03 -0.12320789E+03
  0.29900000E+01  0.35161436E+03 -0.12370597E+03
  0.30000000E+01  0.35341993E+03 -0.12420389E+03
  0.30100000E+01  0.35524897E+03 -0.12470126E+03
  0.30200000E+01  0.35710191E+03 -0.12519765E+03
  0.30300000E+01  0.35897922E+03 -0.12569378E+03
  0.30400000E+01  0.36088135E+03 -0.12618901E+03
  0.30500000E+01  0.36280879E+03 -0.12668312E+03
  0.30600000E+01  0.36476203E+03 -0.12717681E+03
  0.30700000E+01  0.36674158E+03 -0.12766923E+03
  0.30800000E+01  0.36874797E+03 -0.12816041E+03
  0.30900000E+01  0.37078172E+03 -0.12865095E+03
  0.31000000E+01  0.37284339E+03 -0.12913982E+03
  0.31100000E+01  0.37493357E+03 -0.12962735E+03
  0.31200000E+01  0.37705282E+03 -0.13011396E+03
  0.31300000E+01  0.37920177E+03 -0.13059848E+03
  0.31400000E+01  0.38138105E+03 -0.13108159E+03
  0.31500000E+01  0.38359129E+03 -0.13156340E+03
  0.31600000E+01  0.38583318E+03 -0.13204270E+03
  0.31700000E+01  0.38810741E+03 -0.13252054E+03
  0.31800000E+01  0.39041469E+03 -0.13299656E+03
  0.31900000E+01  0.39275576E+03 -0.13346971E+03
  0.32000000E+01  0.39513141E+03 -0.13394133E+03
  0.32100000E+01  0.39754243E+03 -0.13441045E+03
  0.32200000E+01  0.39998965E+03 -0.13487646E+03
  0.32300000E+01  0.40247393E+03 -0.13534075E+03
  0.32400000E+01  0.40499616E+03 -0.13580175E+03
  0.32500000E+01  0.40755728E+03 -0.13625955E+03
  0.32600000E+01  0.41015826E+03 -0.13671517E+03
  0.32700000E+01  0.41280010E+03 -0.13716673E+03
  0.32800000E+01  0.41548384E+03 -0.13761509E+03
  0.32900000E+01  0.41821060E+03 -0.13806046E+03
  0.33000000E+01  0.42098150E+03 -0.13850120E+03
  0.33100000E+01  0.42379774E+03 -0.13893857E+03
  0.33200000E+01  0.42666057E+03 -0.13937190E+03
  0.33300000E+01  0.42957129E+03 -0.13980028E+03
  0.33400000E+01  0.43253126E+03 -0.14022466E+03
  0.33500000E+01  0.43554190E+03 -0.14064406E+03
  0.33600000E+01  0.43860472E+03 -0.14105810E+03
  0.33700000E+01  0.44172127E+03 -0.14146716E+03
  0.33800000E+01  0.44489321E+03 -0.14187048E+03
  0.33900000E+01  0.44812225E+03 -0.14226758E+03
  0.34000000E+01  0.45141020E+03 -0.14265873E+03
  0.34100000E+01  0.45475899E+03 -0.14304314E+03
  0.34200000E+01  0.45817060E+03 -0.14342023E+03
  0.34300000E+01  0.46164716E+03 -0.14379029E+03
  0.34400000E+01  0.46519088E+03 -0.14415222E+03
  0.34500000E+01  0.46880411E+03 -0.14450562E+03
  0.34600000E+01  0.47248933E+03 -0.14485046E+03
  0.34700000E+01  0.47624915E+03 -0.14518559E+03
  0.34800000E+01  0.48008633E+03 -0.14551054E+03
  0.34900000E+01  0.48400379E+03 -0.14582506E+03
  0.35000000E+01  0.48800463E+03 -0.14612783E+03
  0.35100000E+01  0.49209211E+03 -0.14641830E+03
  0.35200000E+01  0.49626971E+03 -0.14669594E+03
  0.35300000E+01  0.50054110E+03 -0.14695922E+03
  0.35400000E+01  0.50491020E+03 -0.14720746E+03
  0.35500000E+01  0.50938116E+03 -0.14743974E+03
  0.35600000E+01  0.51395840E+03 -0.14765431E+03
  0.35700000E+01  0.51864663E+03 -0.14785020E+03
  0.35800000E+01  0.52345085E+03 -0.14802609E+03
  0.35900000E+01  0.52837641E+03 -0.14817986E+03
  0.36000000E+01  0.53342904E+03 -0.14831017E+03
  0.36100000E+01  0.53861484E+03 -0.14841513E+03
  0.36200000E+01  0.54394034E+03 -0.14849216E+03
  0.36300000E+01  0.54941256E+03 -0.14853935E+03
  0.36400000E+01  0.55503903E+03 -0.14855409E+03
  0.36500000E+01  0.56082782E+03 -0.14853313E+03
  0.36600000E+01  0.56678766E+03 -0.14847376E+03
  0.36700000E+01  0.57292792E+03 -0.14837240E+03
  0.36800000E+01  0.57925875E+03 -0.14822485E+03
  0.36900000E+01  0.58579114E+03 -0.14802725E+03
  0.37000000E+01  0.59253700E+03 -0.14777469E+03
  0.37100000E+01  0.59950927E+03 -0.14746157E+03
  0.37200000E+01  0.60672206E+03 -0.14708238E+03
  0.37300000E+01  0.61419080E+03 -0.14663032E+03
  0.37400000E+01  0.62193237E+03 -0.14609769E+03
  0.37500000E+01  0.62996535E+03 -0.14547658E+03
  0.37600000E+01  0.63831024E+03 -0.14475737E+03
  0.37700000E+01  0.64698971E+03 -0.14392922E+03
  0.37800000E+01  0.65602900E+03 -0.14298051E+03
  0.37900000E+01  0.66545631E+03 -0.14189731E+03
  0.38000000E+01  0.67530329E+03 -0.14066383E+03
  0.38100000E+01  0.68560574E+03 -0.13926261E+03
  0.38200000E+01  0.69640435E+03 -0.13767278E+03
  0.38300000E+01  0.70774574E+03 -0.13587046E+03
  0.38400000E+01  0.71968386E+03 -0.13382843E+03
  0.38500000E+01  0.73228170E+03 -0.13151416E+03
  0.38600000E+01  0.74561381E+03 -0.12888974E+03
  0.38700000E+01  0.75976972E+03 -0.12591084E+03
  0.38800000E+01  0.77485897E+03 -0.12252397E+03
  0.38900000E+01  0.79101834E+03 -0.11866547E+03
  0.39000000E+01  0.80842244E+03 -0.11425892E+03
  0.39100000E+01  0.82729829E+03 -0.10921073E+03
  0.39200000E+01  0.84794392E+03 -0.10340670E+03
  0.39300000E+01  0.87074809E+03 -0.96706231E+02
  0.39400000E+01  0.89620349E+03 -0.88933859E+02
  0.39500000E+01  0.92489818E+03 -0.79870559E+02
  0.39600000E+01  0.95746279E+03 -0.69241389E+02
  0.39700000E+01  0.99444819E+03 -0.56699726E+02
  0.39800000E+01  0.10361182E+04 -0.41811882E+02
  0.39900000E+01  0.10821694E+04 -0.24042669E+02
  0.40000000E+01  0.11314339E+04 -0.27521071E+01
  0.40100000E+01  0.11816686E+04  0.22773193E+02
  0.40200000E+01  0.12295533E+04  0.53218725E+02
  0.40300000E+01  0.12709947E+04  0.89018735E+02
  0.40400000E+01  0.13017420E+04  0.12998800E+03
  0.40500000E+01  0.13181968E+04  0.17493012E+03
  0.40600000E+01  0.13181979E+04  0.22155214E+03
  0.40700000E+01  0.13015287E+04  0.26699021E+03
  0.40800000E+01  0.12699742E+04  0.30874177E+03
  0.40900000E+01  0.12269073E+04  0.34534057E+03
  0.41000000E+01  0.11765459E+04  0.37640478E+03
  0.41100000E+01  0.11231220E+04  0.40228019E+03
  0.41200000E+01  0.10702016E+04  0.42364397E+03
  0.41300000E+01  0.10203024E+04  0.44124005E+03
  0.41400000E+01  0.97482909E+03  0.45575123E+03
  0.41500000E+01  0.93424886E+03  0.46775597E+03
  0.41600000E+01  0.89838258E+03  0.47772474E+03
  0.41700000E+01  0.86669991E+03  0.48603361E+03
  0.41800000E+01  0.83854966E+03  0.49298173E+03
  0.41900000E+01  0.81330370E+03  0.49880625E+03
  0.42000000E+01  0.79042503E+03  0.50369616E+03
  0.42100000E+01  0.76948467E+03  0.50780339E+03
  0.42200000E+01  0.75015169E+03  0.51125007E+03
  0.42300000E+01  0.73217347E+03  0.51413548E+03
  0.42400000E+01  0.71535602E+03  0.51654129E+03
  0.42500000E+01  0.69954784E+03  0.51853445E+03
  0.42600000E+01  0.68462814E+03  0.52017053E+03
  0.42700000E+01  0.67049860E+03  0.52149642E+03
  0.42800000E+01  0.65707772E+03  0.52255114E+03
  0.42900000E+01  0.64429691E+03  0.52336775E+03
  0.43000000E+01  0.63209769E+03  0.52397479E+03
  0.43100000E+01  0.62042969E+03  0.52439628E+03
  0.43200000E+01  0.60924916E+03  0.52465291E+03
  0.43300000E+01  0.59851777E+03  0.52476298E+03
  0.43400000E+01  0.58820174E+03  0.52474194E+03
  0.43500000E+01  0.57827110E+03  0.52460332E+03
  0.43600000E+01  0.56869915E+03  0.52435937E+03
  0.43700000E+01  0.55946197E+03  0.52402041E+03
  0.43800000E+01  0.55053804E+03  0.52359563E+03
  0.43900000E+01  0.54190789E+03  0.52309351E+03
  0.44000000E+01  0.53355390E+03  0.52252119E+03
  0.44100000E+01  0.52546003E+03  0.52188507E+03
  0.44200000E+01  0.51761162E+03  0.52119124E+03
  0.44300000E+01  0.50999527E+03  0.52044475E+03
  0.44400000E+01  0.50259867E+03  0.51965019E+03
  0.44500000E+01  0.49541048E+03  0.51881204E+03
  0.44600000E+01  0.48842027E+03  0.51793397E+03
  0.44700000E+01  0.48161835E+03  0.51701930E+03
  0.44800000E+01  0.47499577E+03  0.51607146E+03
  0.44900000E+01  0.46854421E+03  0.51509312E+03
  0.45000000E+01  0.46225593E+03  0.51408677E+03
  0.45100000E+01  0.45612370E+03  0.51305505E+03
  0.45200000E+01  0.45014080E+03  0.51199995E+03
  0.45300000E+01  0.44430091E+03  0.51092336E+03
  0.45400000E+01  0.43859814E+03  0.50982734E+03
  0.45500000E+01  0.43302693E+03  0.50871343E+03
  0.45600000E+01  0.42758209E+03  0.50758303E+03
  0.45700000E+01  0.42225872E+03  0.50643783E+03
  0.45800000E+01  0.41705221E+03  0.50527897E+03
  0.45900000E+01  0.41195819E+03  0.50410756E+03
  0.46000000E+01  0.40697257E+03  0.50292497E+03
  0.46100000E+01  0.40209146E+03  0.50173207E+03
  0.46200000E+01  0.39731117E+03  0.50052972E+03
  0.46300000E+01  0.39262823E+03  0.49931904E+03
  0.46400000E+01  0.38803933E+03  0.49810073E+03
  0.46500000E+01  0.38354133E+03  0.49687544E+03
  0.46600000E+01  0.37913124E+03  0.49564412E+03
  0.46700000E+01  0.37480623E+03  0.49440731E+03
  0.46800000E+01  0.37056361E+03  0.49316551E+03
  0.46900000E+01  0.36640079E+03  0.49191953E+03
  0.47000000E+01  0.36231532E+03  0.49066981E+03
  0.47100000E+01  0.35830487E+03  0.48941669E+03
  0.47200000E+01  0.35436719E+03  0.48816092E+03
  0.47300000E+01  0.35050014E+03  0.48690280E+03
  0.47400000E+01  0.34670168E+03  0.48564262E+03
  0.47500000E+01  0.34296986E+03  0.48438100E+03
  0.47600000E+01  0.33930280E+03  0.48311821E+03
  0.47700000E+01  0.33569869E+03  0.48185444E+03
  0.47800000E+01  0.33215583E+03  0.48059024E+03
  0.47900000E+01  0.32867255E+03  0.47932582E+03
  0.48000000E+01  0.32524726E+03  0.47806132E+03
  0.48100000E+01  0.32187845E+03  0.47679721E+03
  0.48200000E+01  0.31856464E+03  0.47553369E+03
  0.48300000E+01  0.31530442E+03  0.47427082E+03
  0.48400000E+01  0.31209644E+03  0.47300904E+03
  0.48500000E+01  0.30893939E+03  0.47174850E+03
  0.48600000E+01  0.30583200E+03  0.47048922E+03
  0.48700000E+01  0.30277308E+03  0.46923161E+03
  0.48800000E+01  0.29976144E+03  0.46797578E+03
  0.48900000E+01  0.29679596E+03  0.46672174E+03
  0.49000000E+01  0.29387554E+03  0.46546983E+03
  0.49100000E+01  0.29099914E+03  0.46422017E+03
  0.49200000E+01  0.28816575E+03  0.46297272E+03
  0.49300000E+01  0.28537436E+03  0.46172779E+03
  0.49400000E+01  0.28262405E+03  0.46048550E+03
  0.49500000E+01  0.27991389E+03  0.45924577E+03
  0.49600000E+01  0.27724299E+03  0.45800890E+03
  0.49700000E+01  0.27461048E+03  0.45677498E+03
  0.49800000E+01  0.27201555E+03  0.45554392E+03
  0.49900000E+01  0.26945738E+03  0.45431599E+03
  0.50000000E+01  0.26693519E+03  0.45309128E+03
  0.50100000E+01  0.26444822E+03  0.45186968E+03
  0.50200000E+01  0.26199574E+03  0.45065143E+03
  0.50300000E+01  0.25957704E+03  0.44943662E+03
  0.50400000E+01  0.25719142E+03  0.44822514E+03
  0.50500000E+01  0.25483821E+03  0.44701718E+03
  0.50600000E+01  0.25251676E+03  0.44581286E+03
  0.50700000E+01  0.25022644E+03  0.44461202E+03
  0.50800000E+01  0.24796664E+03  0.44341487E+03
  0.50900000E+01  0.24573675E+03  0.44222150E+03
  0.51000000E+01  0.24353620E+03  0.44103177E+03
  0.51100000E+01  0.24136442E+03  0.43984583E+03
  0.51200000E+01  0.23922085E+03  0.43866381E+03
  0.51300000E+01  0.23710498E+03  0.43748554E+03
  0.51400000E+01  0.23501627E+03  0.43631116E+03
  0.51500000E+01  0.23295423E+03  0.43514081E+03
  0.51600000E+01  0.23091835E+03  0.43397430E+03
  0.51700000E+01  0.22890816E+03  0.43281175E+03
  0.51800000E+01  0.22692319E+03  0.43165330E+03
  0.51900000E+01  0.22496299E+03  0.43049878E+03
  0.52000000E+01  0.22302711E+03  0.42934828E+03
  0.52100000E+01  0.22111512E+03  0.42820195E+03
  0.52200000E+01  0.21922659E+03  0.42705961E+03
  0.52300000E+01  0.21736112E+03  0.42592132E+03
  0.52400000E+01  0.21551831E+03  0.42478725E+03
  0.52500000E+01  0.21369775E+03  0.42365723E+03
  0.52600000E+01  0.21189908E+03  0.42253128E+03
  0.52700000E+01  0.21012192E+03  0.42140959E+03
  0.52800000E+01  0.20836590E+03  0.42029197E+03
  0.52900000E+01  0.20663066E+03  0.41917846E+03
  0.53000000E+01  0.20491587E+03  0.41806922E+03
  0.53100000E+01  0.20322118E+03  0.41696408E+03
  0.53200000E+01  0.20154626E+03  0.41586306E+03
  0.53300000E+01  0.19989078E+03  0.41476631E+03
  0.53400000E+01  0.19825444E+03  0.41367370E+03
  0.53500000E+01  0.19663691E+03  0.41258519E+03
  0.53600000E+01  0.19503790E+03  0.41150097E+03
  0.53700000E+01  0.19345711E+03  0.41042089E+03
  0.53800000E+01  0.19189426E+03  0.40934491E+03
  0.53900000E+01  0.19034906E+03  0.40827320E+03
  0.54000000E+01  0.18882122E+03  0.40720565E+03
  0.54100000E+01  0.18731049E+03  0.40614218E+03
  0.54200000E+01  0.18581660E+03  0.40508297E+03
  0.54300000E+01  0.18433928E+03  0.40402791E+03
  0.54400000E+01  0.18287828E+03  0.40297692E+03
  0.54500000E+01  0.18143336E+03  0.40193017E+03
  0.54600000E+01  0.18000426E+03  0.40088757E+03
  0.54700000E+01  0.17859076E+03  0.39984901E+03
  0.54800000E+01  0.17719261E+03  0.39881466E+03
  0.54900000E+01  0.17580959E+03  0.39778446E+03
  0.55000000E+01  0.17444148E+03  0.39675827E+03
  0.55100000E+01  0.17308805E+03  0.39573626E+03
  0.55200000E+01  0.17174908E+03  0.39471838E+03
  0.55300000E+01  0.17042437E+03  0.39370449E+03
  0.55400000E+01  0.16911371E+03  0.39269474E+03
  0.55500000E+01  0.16781690E+03  0.39168911E+03
  0.55600000E+01  0.16653373E+03  0.39068744E+03
  0.55700000E+01  0.16526401E+03  0.38968986E+03
  0.55800000E+01  0.16400755E+03  0.38869639E+03
  0.55900000E+01  0.16276416E+03  0.38770684E+03
  0.56000000E+01  0.16153366E+03  0.38672134E+03
  0.56100000E+01  0.16031587E+03  0.38573992E+03
  0.56200000E+01  0.15911060E+03  0.38476239E+03
  0.56300000E+01  0.15791768E+03  0.38378887E+03
  0.56400000E+01  0.15673695E+03  0.38281940E+03
  0.56500000E+01  0.15556822E+03  0.38185379E+03
  0.56600000E+01  0.15441135E+03  0.38089214E+03
  0.56700000E+01  0.15326617E+03  0.37993450E+03
  0.56800000E+01  0.15213251E+03  0.37898070E+03
  0.56900000E+01  0.15101022E+03  0.37803080E+03
  0.57000000E+01  0.14989915E+03  0.37708489E+03
  0.57100000E+01  0.14879915E+03  0.37614278E+03
  0.57200000E+01  0.14771007E+03  0.37520451E+03
  0.57300000E+01  0.14663176E+03  0.37427019E+03
  0.57400000E+01  0.14556408E+03  0.37333965E+03
  0.57500000E+01  0.14450689E+03  0.37241289E+03
  0.57600000E+01  0.14346005E+03  0.37149004E+03
  0.57700000E+01  0.14242343E+03  0.37057094E+03
  0.57800000E+01  0.14139688E+03  0.36965557E+03
  0.57900000E+01  0.14038029E+03  0.36874407E+03
  0.58000000E+01  0.13937353E+03  0.36783628E+03
  0.58100000E+01  0.13837645E+03  0.36693217E+03
  0.58200000E+01  0.13738895E+03  0.36603188E+03
  0.58300000E+01  0.13641090E+03  0.36513527E+03
  0.58400000E+01  0.13544217E+03  0.36424228E+03
  0.58500000E+01  0.13448265E+03  0.36335307E+03
  0.58600000E+01  0.13353223E+03  0.36246751E+03
  0.58700000E+01  0.13259078E+03  0.36158552E+03
  0.58800000E+01  0.13165820E+03  0.36070724E+03
  0.58900000E+01  0.13073437E+03  0.35983259E+03
  0.59000000E+01  0.12981918E+03  0.35896146E+03
  0.59100000E+01  0.12891253E+03  0.35809400E+03
  0.59200000E+01  0.12801431E+03  0.35723012E+03
  0.59300000E+01  0.12712442E+03  0.35636971E+03
  0.59400000E+01  0.12624275E+03  0.35551291E+03
  0.59500000E+01  0.12536920E+03  0.35465967E+03
  0.59600000E+01  0.12450368E+03  0.35380986E+03
  0.59700000E+01  0.12364608E+03  0.35296358E+03
  0.59800000E+01  0.12279631E+03  0.35212084E+03
  0.59900000E+01  0.12195428E+03  0.35128147E+03
  0.60000000E+01  0.12111989E+03  0.35044559E+03
