  0.20000000E+00 -0.17287978E-11  0.33959773E-11
  0.21000000E+00 -0.18923548E-11  0.35318503E-11
  0.22000000E+00 -0.20625953E-11  0.36629060E-11
  0.23000000E+00 -0.22393393E-11  0.37889492E-11
  0.24000000E+00 -0.24223997E-11  0.39097903E-11
  0.25000000E+00 -0.26115824E-11  0.40252444E-11
  0.26000000E+00 -0.28066862E-11  0.41351308E-11
  0.27000000E+00 -0.30075036E-11  0.42392764E-11
  0.28000000E+00 -0.32138202E-11  0.43375103E-11
  0.29000000E+00 -0.34254154E-11  0.44296704E-11
  0.30000000E+00 -0.36420625E-11  0.45155986E-11
  0.31000000E+00 -0.38635287E-11  0.45951423E-11
  0.32000000E+00 -0.40895758E-11  0.46681582E-11
  0.33000000E+00 -0.43199596E-11  0.47345037E-11
  0.34000000E+00 -0.45544308E-11  0.47940497E-11
  0.35000000E+00 -0.47927352E-11  0.48466670E-11
  0.36000000E+00 -0.50346134E-11  0.48922376E-11
  0.37000000E+00 -0.52798016E-11  0.49306495E-11
  0.38000000E+00 -0.55280314E-11  0.49617942E-11
  0.39000000E+00 -0.57790304E-11  0.49855780E-11
  0.40000000E+00 -0.60325224E-11  0.50019044E-11
  0.41000000E+00 -0.62882273E-11  0.50106941E-11
  0.42000000E+00 -0.65458618E-11  0.50118682E-11
  0.43000000E+00 -0.68051394E-11  0.50053576E-11
  0.44000000E+00 -0.70657709E-11  0.49911044E-11
  0.45000000E+00 -0.73274643E-11  0.49690502E-11
  0.46000000E+00 -0.75899257E-11  0.49391548E-11
  0.47000000E+00 -0.78528587E-11  0.49013767E-11
  0.48000000E+00 -0.81159656E-11  0.48556876E-11
  0.49000000E+00 -0.83789472E-11  0.48020679E-11
  0.50000000E+00 -0.86415032E-11  0.47404994E-11
  0.51000000E+00 -0.89033323E-11  0.46709827E-11
  0.52000000E+00 -0.91641329E-11  0.45935159E-11
  0.53000000E+00 -0.94236033E-11  0.45081118E-11
  0.54000000E+00 -0.96814416E-11  0.44147922E-11
  0.55000000E+00 -0.99373467E-11  0.43135783E-11
  0.56000000E+00 -0.10191018E-10  0.42045145E-11
  0.57000000E+00 -0.10442156E-10  0.40876367E-11
  0.58000000E+00 -0.10690463E-10  0.39630022E-11
  0.59000000E+00 -0.10935643E-10  0.38306719E-11
  0.60000000E+00 -0.11177401E-10  0.36907087E-11
  0.61000000E+00 -0.11415446E-10  0.35431991E-11
  0.62000000E+00 -0.11649488E-10  0.33882178E-11
  0.63000000E+00 -0.11879242E-10  0.32258654E-11
  0.64000000E+00 -0.12104424E-10  0.30562409E-11
  0.65000000E+00 -0.12324757E-10  0.28794491E-11
  0.66000000E+00 -0.12539965E-10  0.26956158E-11
  0.67000000E+00 -0.12749778E-10  0.25048550E-11
  0.68000000E+00 -0.12953930E-10  0.23073068E-11
  0.69000000E+00 -0.13152160E-10  0.21031091E-11
  0.70000000E+00 -0.13344213E-10  0.18924033E-11
  0.71000000E+00 -0.13529840E-10  0.16753555E-11
  0.72000000E+00 -0.13708798E-10  0.14521135E-11
  0.73000000E+00 -0.13880848E-10  0.12228562E-11
  0.74000000E+00 -0.14045761E-10  0.98775591E-12
  0.75000000E+00 -0.14203313E-10  0.74698866E-12
  0.76000000E+00 -0.14353288E-10  0.50075569E-12
  0.77000000E+00 -0.14495478E-10  0.24923649E-12
  0.78000000E+00 -0.14629682E-10 -0.73566538E-14
  0.79000000E+00 -0.14755708E-10 -0.26882036E-12
  0.80000000E+00 -0.14873373E-10 -0.53494924E-12
  0.81000000E+00 -0.14982500E-10 -0.80551131E-12
  0.82000000E+00 -0.15082925E-10 -0.10803001E-11
  0.83000000E+00 -0.15174491E-10 -0.13590766E-11
  0.84000000E+00 -0.15257052E-10 -0.16416097E-11
  0.85000000E+00 -0.15330471E-10 -0.19276727E-11
  0.86000000E+00 -0.15394620E-10 -0.22170072E-11
  0.87000000E+00 -0.15449385E-10 -0.25093871E-11
  0.88000000E+00 -0.15494659E-10 -0.28045526E-11
  0.89000000E+00 -0.15530348E-10 -0.31022519E-11
  0.90000000E+00 -0.15556368E-10 -0.34022437E-11
  0.91000000E+00 -0.15572648E-10 -0.37042514E-11
  0.92000000E+00 -0.15579126E-10 -0.40080343E-11
  0.93000000E+00 -0.15575754E-10 -0.43133230E-11
  0.94000000E+00 -0.15562494E-10 -0.46198496E-11
  0.95000000E+00 -0.15539322E-10 -0.49273685E-11
  0.96000000E+00 -0.15506225E-10 -0.52355922E-11
  0.97000000E+00 -0.15463201E-10 -0.55442741E-11
  0.98000000E+00 -0.15410264E-10 -0.58531444E-11
  0.99000000E+00 -0.15347436E-10 -0.61619276E-11
  0.10000000E+01 -0.15274757E-10 -0.64703822E-11
  0.10100000E+01 -0.15192274E-10 -0.67782217E-11
  0.10200000E+01 -0.15100050E-10 -0.70851993E-11
  0.10300000E+01 -0.14998161E-10 -0.73910578E-11
  0.10400000E+01 -0.14886695E-10 -0.76955220E-11
  0.10500000E+01 -0.14765752E-10 -0.79983645E-11
  0.10600000E+01 -0.14635445E-10 -0.82993115E-11
  0.10700000E+01 -0.14495903E-10 -0.85981236E-11
  0.10800000E+01 -0.14347262E-10 -0.88945687E-11
  0.10900000E+01 -0.14189675E-10 -0.91883823E-11
  0.11000000E+01 -0.14023307E-10 -0.94793587E-11
  0.11100000E+01 -0.13848333E-10 -0.97672519E-11
  0.11200000E+01 -0.13664942E-10 -0.10051837E-10
  0.11300000E+01 -0.13473336E-10 -0.10332918E-10
  0.11400000E+01 -0.13273728E-10 -0.10610255E-10
  0.11500000E+01 -0.13066341E-10 -0.10883670E-10
  0.11600000E+01 -0.12851413E-10 -0.11152960E-10
  0.11700000E+01 -0.12629190E-10 -0.11417923E-10
  0.11800000E+01 -0.12399931E-10 -0.11678410E-10
  0.11900000E+01 -0.12163905E-10 -0.11934218E-10
  0.12000000E+01 -0.11921392E-10 -0.12185204E-10
  0.12100000E+01 -0.11672681E-10 -0.12431222E-10
  0.12200000E+01 -0.11418070E-10 -0.12672102E-10
  0.12300000E+01 -0.11157869E-10 -0.12907749E-10
  0.12400000E+01 -0.10892395E-10 -0.13138016E-10
  0.12500000E+01 -0.10621974E-10 -0.13362796E-10
  0.12600000E+01 -0.10346938E-10 -0.13582013E-10
  0.12700000E+01 -0.10067629E-10 -0.13795545E-10
  0.12800000E+01 -0.97843954E-11 -0.14003348E-10
  0.12900000E+01 -0.94975908E-11 -0.14205351E-10
  0.13000000E+01 -0.92075756E-11 -0.14401488E-10
  0.13100000E+01 -0.89147153E-11 -0.14591758E-10
  0.13200000E+01 -0.86193796E-11 -0.14776104E-10
  0.13300000E+01 -0.83219427E-11 -0.14954532E-10
  0.13400000E+01 -0.80227816E-11 -0.15127062E-10
  0.13500000E+01 -0.77222762E-11 -0.15293674E-10
  0.13600000E+01 -0.74208083E-11 -0.15454444E-10
  0.13700000E+01 -0.71187606E-11 -0.15609397E-10
  0.13800000E+01 -0.68165165E-11 -0.15758587E-10
  0.13900000E+01 -0.65144589E-11 -0.15902127E-10
  0.14000000E+01 -0.62129694E-11 -0.16040065E-10
  0.14100000E+01 -0.59124278E-11 -0.16172537E-10
  0.14200000E+01 -0.56132109E-11 -0.16299669E-10
  0.14300000E+01 -0.53156917E-11 -0.16421564E-10
  0.14400000E+01 -0.50202389E-11 -0.16538421E-10
  0.14500000E+01 -0.47272154E-11 -0.16650375E-10
  0.14600000E+01 -0.44369780E-11 -0.16757610E-10
  0.14700000E+01 -0.41498758E-11 -0.16860356E-10
  0.14800000E+01 -0.38662500E-11 -0.16958777E-10
  0.14900000E+01 -0.35864323E-11 -0.17053138E-10
  0.15000000E+01 -0.33107443E-11 -0.17143677E-10
  0.15100000E+01 -0.30394965E-11 -0.17230616E-10
  0.15200000E+01 -0.27729870E-11 -0.17314279E-10
  0.15300000E+01 -0.25115011E-11 -0.17394908E-10
  0.15400000E+01 -0.22553096E-11 -0.17472807E-10
  0.15500000E+01 -0.20046684E-11 -0.17548320E-10
  0.15600000E+01 -0.17598172E-11 -0.17621716E-10
  0.15700000E+01 -0.15209784E-11 -0.17693374E-10
  0.15800000E+01 -0.12883564E-11 -0.17763634E-10
  0.15900000E+01 -0.10621364E-11 -0.17832822E-10
  0.16000000E+01 -0.84248346E-12 -0.17901363E-10
  0.16100000E+01 -0.62954153E-12 -0.17969590E-10
  0.16200000E+01 -0.42343248E-12 -0.18037900E-10
  0.16300000E+01 -0.22425510E-12 -0.18106726E-10
  0.16400000E+01 -0.32084220E-13 -0.18176416E-10
  0.16500000E+01  0.15303023E-12 -0.18247430E-10
  0.16600000E+01  0.33106413E-12 -0.18320179E-10
  0.16700000E+01  0.50202004E-12 -0.18395052E-10
  0.16800000E+01  0.66592804E-12 -0.18472537E-10
  0.16900000E+01  0.82284656E-12 -0.18553023E-10
  0.17000000E+01  0.97286317E-12 -0.18636949E-10
  0.17100000E+01  0.11160953E-11 -0.18724796E-10
  0.17200000E+01  0.12526910E-11 -0.18816938E-10
  0.17300000E+01  0.13828295E-11 -0.18913859E-10
  0.17400000E+01  0.15067221E-11 -0.19015997E-10
  0.17500000E+01  0.16246123E-11 -0.19123738E-10
  0.17600000E+01  0.17367767E-11 -0.19237578E-10
  0.17700000E+01  0.18435255E-11 -0.19357898E-10
  0.17800000E+01  0.19452024E-11 -0.19485108E-10
  0.17900000E+01  0.20421855E-11 -0.19619675E-10
  0.18000000E+01  0.21348874E-11 -0.19761929E-10
  0.18100000E+01  0.22237553E-11 -0.19912301E-10
  0.18200000E+01  0.23092712E-11 -0.20071184E-10
  0.18300000E+01  0.23919520E-11 -0.20238883E-10
  0.18400000E+01  0.24723494E-11 -0.20415814E-10
  0.18500000E+01  0.25510498E-11 -0.20602282E-10
  0.18600000E+01  0.26286741E-11 -0.20798573E-10
  0.18700000E+01  0.27058776E-11 -0.21005053E-10
  0.18800000E+01  0.27833493E-11 -0.21221931E-10
  0.18900000E+01  0.28618116E-11 -0.21449479E-10
  0.19000000E+01  0.29420196E-11 -0.21687965E-10
  0.19100000E+01  0.30247608E-11 -0.21937517E-10
  0.19200000E+01  0.31108535E-11 -0.22198373E-10
  0.19300000E+01  0.32011468E-11 -0.22470671E-10
  0.19400000E+01  0.32965188E-11 -0.22754475E-10
  0.19500000E+01  0.33978761E-11 -0.23049948E-10
  0.19600000E+01  0.35061521E-11 -0.23357088E-10
  0.19700000E+01  0.36223055E-11 -0.23675903E-10
  0.19800000E+01  0.37473194E-11 -0.24006438E-10
  0.19900000E+01  0.38821990E-11 -0.24348556E-10
  0.20000000E+01  0.40279700E-11 -0.24702199E-10
  0.20100000E+01  0.41856771E-11 -0.25067256E-10
  0.20200000E+01  0.43563812E-11 -0.25443471E-10
  0.20300000E+01  0.45411578E-11 -0.25830696E-10
  0.20400000E+01  0.47410946E-11 -0.26228642E-10
  0.20500000E+01  0.49572887E-11 -0.26636950E-10
  0.20600000E+01  0.51908442E-11 -0.27055344E-10
  0.20700000E+01  0.54428697E-11 -0.27483354E-10
  0.20800000E+01  0.57144749E-11 -0.27920523E-10
  0.20900000E+01  0.60067680E-11 -0.28366413E-10
  0.21000000E+01  0.63208524E-11 -0.28820384E-10
  0.21100000E+01  0.66578230E-11 -0.29281878E-10
  0.21200000E+01  0.70187636E-11 -0.29750263E-10
  0.21300000E+01  0.74047426E-11 -0.30224753E-10
  0.21400000E+01  0.78168095E-11 -0.30704668E-10
  0.21500000E+01  0.82559910E-11 -0.31189173E-10
  0.21600000E+01  0.87232873E-11 -0.31677357E-10
  0.21700000E+01  0.92196677E-11 -0.32168395E-10
  0.21800000E+01  0.97460666E-11 -0.32661254E-10
  0.21900000E+01  0.10303379E-10 -0.33154918E-10
  0.22000000E+01  0.10892456E-10 -0.33648389E-10
  0.22100000E+01  0.11514100E-10 -0.34140465E-10
  0.22200000E+01  0.12169063E-10 -0.34630028E-10
  0.22300000E+01  0.12858035E-10 -0.35115898E-10
  0.22400000E+01  0.13581648E-10 -0.35596737E-10
  0.22500000E+01  0.14340464E-10 -0.36071324E-10
  0.22600000E+01  0.15134974E-10 -0.36538302E-10
  0.22700000E+01  0.15965592E-10 -0.36996235E-10
  0.22800000E+01  0.16832650E-10 -0.37443794E-10
  0.22900000E+01  0.17736392E-10 -0.37879471E-10
  0.23000000E+01  0.18676971E-10 -0.38301765E-10
  0.23100000E+01  0.19654442E-10 -0.38709243E-10
  0.23200000E+01  0.20668759E-10 -0.39100282E-10
  0.23300000E+01  0.21719770E-10 -0.39473352E-10
  0.23400000E+01  0.22807208E-10 -0.39826921E-10
  0.23500000E+01  0.23930692E-10 -0.40159311E-10
  0.23600000E+01  0.25089720E-10 -0.40468986E-10
  0.23700000E+01  0.26283662E-10 -0.40754345E-10
  0.23800000E+01  0.27511760E-10 -0.41013711E-10
  0.23900000E+01  0.28773120E-10 -0.41245570E-10
  0.24000000E+01  0.30066710E-10 -0.41448297E-10
  0.24100000E+01  0.31391356E-10 -0.41620281E-10
  0.24200000E+01  0.32745736E-10 -0.41760057E-10
  0.24300000E+01  0.34128380E-10 -0.41866038E-10
  0.24400000E+01  0.35537667E-10 -0.41936743E-10
  0.24500000E+01  0.36971816E-10 -0.41970793E-10
  0.24600000E+01  0.38428893E-10 -0.41966716E-10
  0.24700000E+01  0.39906802E-10 -0.41923218E-10
  0.24800000E+01  0.41403286E-10 -0.41839061E-10
  0.24900000E+01  0.42915925E-10 -0.41712973E-10
  0.25000000E+01  0.44442137E-10 -0.41543902E-10
  0.25100000E+01  0.45979175E-10 -0.41330820E-10
  0.25200000E+01  0.47524132E-10 -0.41072741E-10
  0.25300000E+01  0.49073936E-10 -0.40768920E-10
  0.25400000E+01  0.50625357E-10 -0.40418615E-10
  0.25500000E+01  0.52175005E-10 -0.40021217E-10
  0.25600000E+01  0.53719337E-10 -0.39576349E-10
  0.25700000E+01  0.55254658E-10 -0.39083647E-10
  0.25800000E+01  0.56777126E-10 -0.38542964E-10
  0.25900000E+01  0.58282759E-10 -0.37954360E-10
  0.26000000E+01  0.59767439E-10 -0.37317949E-10
  0.26100000E+01  0.61226921E-10 -0.36634124E-10
  0.26200000E+01  0.62656838E-10 -0.35903456E-10
  0.26300000E+01  0.64052717E-10 -0.35126635E-10
  0.26400000E+01  0.65409981E-10 -0.34304668E-10
  0.26500000E+01  0.66723964E-10 -0.33438718E-10
  0.26600000E+01  0.67989925E-10 -0.32530143E-10
  0.26700000E+01  0.69203057E-10 -0.31580627E-10
  0.26800000E+01  0.70358507E-10 -0.30592010E-10
  0.26900000E+01  0.71451387E-10 -0.29566396E-10
  0.27000000E+01  0.72476794E-10 -0.28506205E-10
  0.27100000E+01  0.73429827E-10 -0.27414029E-10
  0.27200000E+01  0.74305607E-10 -0.26292784E-10
  0.27300000E+01  0.75099300E-10 -0.25145672E-10
  0.27400000E+01  0.75806133E-10 -0.23976103E-10
  0.27500000E+01  0.76421428E-10 -0.22787844E-10
  0.27600000E+01  0.76940615E-10 -0.21584914E-10
  0.27700000E+01  0.77359268E-10 -0.20371587E-10
  0.27800000E+01  0.77673129E-10 -0.19152495E-10
  0.27900000E+01  0.77878136E-10 -0.17932489E-10
  0.28000000E+01  0.77970455E-10 -0.16716724E-10
  0.28100000E+01  0.77946510E-10 -0.15510677E-10
  0.28200000E+01  0.77803019E-10 -0.14320023E-10
  0.28300000E+01  0.77537027E-10 -0.13150774E-10
  0.28400000E+01  0.77145938E-10 -0.12009200E-10
  0.28500000E+01  0.76627557E-10 -0.10901756E-10
  0.28600000E+01  0.75980124E-10 -0.98352431E-11
  0.28700000E+01  0.75202353E-10 -0.88166233E-11
  0.28800000E+01  0.74293475E-10 -0.78530511E-11
  0.28900000E+01  0.73253270E-10 -0.69519863E-11
  0.29000000E+01  0.72082118E-10 -0.61209421E-11
  0.29100000E+01  0.70781032E-10 -0.53676319E-11
  0.29200000E+01  0.69351705E-10 -0.46999850E-11
  0.29300000E+01  0.67796548E-10 -0.41258686E-11
  0.29400000E+01  0.66118734E-10 -0.36533529E-11
  0.29500000E+01  0.64322239E-10 -0.32905749E-11
  0.29600000E+01  0.62411883E-10 -0.30455017E-11
  0.29700000E+01  0.60393368E-10 -0.29262834E-11
  0.29800000E+01  0.58273322E-10 -0.29409281E-11
  0.29900000E+01  0.56059330E-10 -0.30971857E-11
  0.30000000E+01  0.53759978E-10 -0.34029255E-11
  0.30100000E+01  0.51384878E-10 -0.38656148E-11
  0.30200000E+01  0.48944707E-10 -0.44924015E-11
  0.30300000E+01  0.46451233E-10 -0.52904232E-11
  0.30400000E+01  0.43917341E-10 -0.62661218E-11
  0.30500000E+01  0.41357052E-10 -0.74255892E-11
  0.30600000E+01  0.38785546E-10 -0.87746858E-11
  0.30700000E+01  0.36219170E-10 -0.10318283E-10
  0.30800000E+01  0.33675448E-10 -0.12060888E-10
  0.30900000E+01  0.31173084E-10 -0.14006451E-10
  0.31000000E+01  0.28731955E-10 -0.16157680E-10
  0.31100000E+01  0.26373103E-10 -0.18516897E-10
  0.31200000E+01  0.24118712E-10 -0.21085436E-10
  0.31300000E+01  0.21992085E-10 -0.23863229E-10
  0.31400000E+01  0.20017607E-10 -0.26849728E-10
  0.31500000E+01  0.18220698E-10 -0.30042917E-10
  0.31600000E+01  0.16627761E-10 -0.33439326E-10
  0.31700000E+01  0.15266113E-10 -0.37034800E-10
  0.31800000E+01  0.14163910E-10 -0.40823259E-10
  0.31900000E+01  0.13350056E-10 -0.44797207E-10
  0.32000000E+01  0.12854101E-10 -0.48948120E-10
  0.32100000E+01  0.12706126E-10 -0.53265229E-10
  0.32200000E+01  0.12936612E-10 -0.57736390E-10
  0.32300000E+01  0.13576301E-10 -0.62348026E-10
  0.32400000E+01  0.14656033E-10 -0.67084173E-10
  0.32500000E+01  0.16206574E-10 -0.71927458E-10
  0.32600000E+01  0.18258424E-10 -0.76858761E-10
  0.32700000E+01  0.20841618E-10 -0.81856527E-10
  0.32800000E+01  0.23985499E-10 -0.86897759E-10
  0.32900000E+01  0.27718481E-10 -0.91957538E-10
  0.33000000E+01  0.32067799E-10 -0.97008507E-10
  0.33100000E+01  0.37059236E-10 -0.10202196E-09
  0.33200000E+01  0.42716842E-10 -0.10696719E-09
  0.33300000E+01  0.49062631E-10 -0.11181117E-09
  0.33400000E+01  0.56116270E-10 -0.11651977E-09
  0.33500000E+01  0.63894751E-10 -0.12105685E-09
  0.33600000E+01  0.72412053E-10 -0.12538435E-09
  0.33700000E+01  0.81678796E-10 -0.12946342E-09
  0.33800000E+01  0.91701879E-10 -0.13325340E-09
  0.33900000E+01  0.10248412E-09 -0.13671231E-09
  0.34000000E+01  0.11402390E-09 -0.13979789E-09
  0.34100000E+01  0.12631478E-09 -0.14246646E-09
  0.34200000E+01  0.13934513E-09 -0.14467395E-09
  0.34300000E+01  0.15309780E-09 -0.14637657E-09
  0.34400000E+01  0.16754977E-09 -0.14752992E-09
  0.34500000E+01  0.18267178E-09 -0.14809032E-09
  0.34600000E+01  0.19842808E-09 -0.14801512E-09
  0.34700000E+01  0.21477611E-09 -0.14726230E-09
  0.34800000E+01  0.23166626E-09 -0.14579170E-09
  0.34900000E+01  0.24904170E-09 -0.14356543E-09
  0.35000000E+01  0.26683818E-09 -0.14054753E-09
  0.35100000E+01  0.28498399E-09 -0.13670540E-09
  0.35200000E+01  0.30339990E-09 -0.13201010E-09
  0.35300000E+01  0.32199927E-09 -0.12643619E-09
  0.35400000E+01  0.34068815E-09 -0.11996324E-09
  0.35500000E+01  0.35936561E-09 -0.11257599E-09
  0.35600000E+01  0.37792407E-09 -0.10426439E-09
  0.35700000E+01  0.39624988E-09 -0.95025083E-10
  0.35800000E+01  0.41422397E-09 -0.84861405E-10
  0.35900000E+01  0.43172271E-09 -0.73783519E-10
  0.36000000E+01  0.44861896E-09 -0.61809753E-10
  0.36100000E+01  0.46478332E-09 -0.48966440E-10
  0.36200000E+01  0.48008562E-09 -0.35287941E-10
  0.36300000E+01  0.49439665E-09 -0.20817756E-10
  0.36400000E+01  0.50759018E-09 -0.56079918E-11
  0.36500000E+01  0.51954524E-09  0.10280842E-10
  0.36600000E+01  0.53014873E-09  0.26779192E-10
  0.36700000E+01  0.53929838E-09  0.43809566E-10
  0.36800000E+01  0.54690600E-09  0.61287218E-10
  0.36900000E+01  0.55290110E-09  0.79120268E-10
  0.37000000E+01  0.55723488E-09  0.97211667E-10
  0.37100000E+01  0.55988453E-09  0.11546071E-09
  0.37200000E+01  0.56085785E-09  0.13376426E-09
  0.37300000E+01  0.56019815E-09  0.15201998E-09
  0.37400000E+01  0.55798937E-09  0.17012903E-09
  0.37500000E+01  0.55436131E-09  0.18799886E-09
  0.37600000E+01  0.54949484E-09  0.20554804E-09
  0.37700000E+01  0.54362688E-09  0.22271057E-09
  0.37800000E+01  0.53705491E-09  0.23944058E-09
  0.37900000E+01  0.53014070E-09  0.25571893E-09
  0.38000000E+01  0.52331269E-09  0.27155936E-09
  0.38100000E+01  0.51706647E-09  0.28701493E-09
  0.38200000E+01  0.51196247E-09  0.30218611E-09
  0.38300000E+01  0.50861974E-09  0.31722797E-09
  0.38400000E+01  0.50770423E-09  0.33235708E-09
  0.38500000E+01  0.50990941E-09  0.34785914E-09
  0.38600000E+01  0.51592599E-09  0.36409406E-09
  0.38700000E+01  0.52639636E-09  0.38149909E-09
  0.38800000E+01  0.54184682E-09  0.40058967E-09
  0.38900000E+01  0.56258823E-09  0.42195397E-09
  0.39000000E+01  0.58857237E-09  0.44624032E-09
  0.39100000E+01  0.61918946E-09  0.47413527E-09
  0.39200000E+01  0.65299592E-09  0.50632592E-09
  0.39300000E+01  0.68737650E-09  0.54344272E-09
  0.39400000E+01  0.71817883E-09  0.58597643E-09
  0.39500000E+01  0.73941619E-09  0.63415867E-09
  0.39600000E+01  0.74320546E-09  0.68779772E-09
  0.39700000E+01  0.72016436E-09  0.74606101E-09
  0.39800000E+01  0.66048139E-09  0.80719811E-09
  0.39900000E+01  0.55574089E-09  0.86821931E-09
  0.40000000E+01  0.40131305E-09  0.92458479E-09
  0.40100000E+01  0.19876665E-09  0.97004420E-09
  0.40200000E+01 -0.42517817E-10  0.99691520E-09
  0.40300000E+01 -0.30537116E-09  0.99723941E-09
  0.40400000E+01 -0.56695655E-09  0.96515896E-09
  0.40500000E+01 -0.80274805E-09  0.90004951E-09
  0.40600000E+01 -0.99136765E-09  0.80844362E-09
  0.40700000E+01 -0.11188364E-08  0.70241494E-09
  0.40800000E+01 -0.11809221E-08  0.59484355E-09
  0.40900000E+01 -0.11829463E-08  0.49511585E-09
  0.41000000E+01 -0.11373330E-08  0.40784230E-09
  0.41100000E+01 -0.10599211E-08  0.33396492E-09
  0.41200000E+01 -0.96630304E-09  0.27244161E-09
  0.41300000E+01 -0.86918351E-09  0.22149075E-09
  0.41400000E+01 -0.77717320E-09  0.17926028E-09
  0.41500000E+01 -0.69486982E-09  0.14410627E-09
  0.41600000E+01 -0.62374072E-09  0.11466755E-09
  0.41700000E+01 -0.56326996E-09  0.89853825E-10
  0.41800000E+01 -0.51197843E-09  0.68805020E-10
  0.41900000E+01 -0.46813575E-09  0.50845475E-10
  0.42000000E+01 -0.43015308E-09  0.35443911E-10
  0.42100000E+01 -0.39673647E-09  0.22181145E-10
  0.42200000E+01 -0.36689956E-09  0.10723968E-10
  0.42300000E+01 -0.33991437E-09  0.80556822E-12
  0.42400000E+01 -0.31524795E-09 -0.77890642E-11
  0.42500000E+01 -0.29250666E-09 -0.15235029E-10
  0.42600000E+01 -0.27139427E-09 -0.21676105E-10
  0.42700000E+01 -0.25168288E-09 -0.27231009E-10
  0.42800000E+01 -0.23319338E-09 -0.31998971E-10
  0.42900000E+01 -0.21578230E-09 -0.36063581E-10
  0.43000000E+01 -0.19933295E-09 -0.39495498E-10
  0.43100000E+01 -0.18374912E-09 -0.42355299E-10
  0.43200000E+01 -0.16895066E-09 -0.44695273E-10
  0.43300000E+01 -0.15487013E-09 -0.46560584E-10
  0.43400000E+01 -0.14145031E-09 -0.47990888E-10
  0.43500000E+01 -0.12864231E-09 -0.49021208E-10
  0.43600000E+01 -0.11640403E-09 -0.49682376E-10
  0.43700000E+01 -0.10469901E-09 -0.50002070E-10
  0.43800000E+01 -0.93495463E-10 -0.50005244E-10
  0.43900000E+01 -0.82765525E-10 -0.49714236E-10
  0.44000000E+01 -0.72484634E-10 -0.49149495E-10
  0.44100000E+01 -0.62631020E-10 -0.48329796E-10
  0.44200000E+01 -0.53185281E-10 -0.47272180E-10
  0.44300000E+01 -0.44130042E-10 -0.45992514E-10
  0.44400000E+01 -0.35449658E-10 -0.44505590E-10
  0.44500000E+01 -0.27129973E-10 -0.42824986E-10
  0.44600000E+01 -0.19158112E-10 -0.40963518E-10
  0.44700000E+01 -0.11522306E-10 -0.38933290E-10
  0.44800000E+01 -0.42117481E-11 -0.36745504E-10
  0.44900000E+01  0.27835407E-11 -0.34410851E-10
  0.45000000E+01  0.94728140E-11 -0.31939530E-10
  0.45100000E+01  0.15864696E-10 -0.29341041E-10
  0.45200000E+01  0.21967261E-10 -0.26624522E-10
  0.45300000E+01  0.27788104E-10 -0.23798760E-10
  0.45400000E+01  0.33334398E-10 -0.20871980E-10
  0.45500000E+01  0.38612949E-10 -0.17852134E-10
  0.45600000E+01  0.43630241E-10 -0.14746919E-10
  0.45700000E+01  0.48392473E-10 -0.11563560E-10
  0.45800000E+01  0.52905594E-10 -0.83090659E-11
  0.45900000E+01  0.57175335E-10 -0.49902570E-11
  0.46000000E+01  0.61207235E-10 -0.16135422E-11
  0.46100000E+01  0.65006660E-10  0.18148450E-11
  0.46200000E+01  0.68578826E-10  0.52888189E-11
  0.46300000E+01  0.71928818E-10  0.88026557E-11
  0.46400000E+01  0.75061601E-10  0.12350785E-10
  0.46500000E+01  0.77982035E-10  0.15927752E-10
  0.46600000E+01  0.80694890E-10  0.19528429E-10
  0.46700000E+01  0.83204850E-10  0.23147824E-10
  0.46800000E+01  0.85516527E-10  0.26781042E-10
  0.46900000E+01  0.87634465E-10  0.30423483E-10
  0.47000000E+01  0.89563150E-10  0.34070674E-10
  0.47100000E+01  0.91307013E-10  0.37718224E-10
  0.47200000E+01  0.92870435E-10  0.41362009E-10
  0.47300000E+01  0.94257755E-10  0.44998031E-10
  0.47400000E+01  0.95473268E-10  0.48622359E-10
  0.47500000E+01  0.96521231E-10  0.52231308E-10
  0.47600000E+01  0.97405868E-10  0.55821316E-10
  0.47700000E+01  0.98131366E-10  0.59388877E-10
  0.47800000E+01  0.98701882E-10  0.62930715E-10
  0.47900000E+01  0.99121543E-10  0.66443674E-10
  0.48000000E+01  0.99394447E-10  0.69924644E-10
  0.48100000E+01  0.99524661E-10  0.73370732E-10
  0.48200000E+01  0.99516227E-10  0.76779159E-10
  0.48300000E+01  0.99373158E-10  0.80147192E-10
  0.48400000E+01  0.99099439E-10  0.83472294E-10
  0.48500000E+01  0.98699030E-10  0.86752045E-10
  0.48600000E+01  0.98175862E-10  0.89984061E-10
  0.48700000E+01  0.97533839E-10  0.93166144E-10
  0.48800000E+01  0.96776836E-10  0.96296211E-10
  0.48900000E+01  0.95908699E-10  0.99372210E-10
  0.49000000E+01  0.94933249E-10  0.10239226E-09
  0.49100000E+01  0.93854272E-10  0.10535460E-09
  0.49200000E+01  0.92675527E-10  0.10825749E-09
  0.49300000E+01  0.91400742E-10  0.11109935E-09
  0.49400000E+01  0.90033613E-10  0.11387871E-09
  0.49500000E+01  0.88577802E-10  0.11659413E-09
  0.49600000E+01  0.87036941E-10  0.11924433E-09
  0.49700000E+01  0.85414623E-10  0.12182811E-09
  0.49800000E+01  0.83714411E-10  0.12434431E-09
  0.49900000E+01  0.81939830E-10  0.12679191E-09
  0.50000000E+01  0.80094367E-10  0.12916999E-09
  0.50100000E+01  0.78181475E-10  0.13147764E-09
  0.50200000E+01  0.76204564E-10  0.13371410E-09
  0.50300000E+01  0.74167010E-10  0.13587871E-09
  0.50400000E+01  0.72072144E-10  0.13797079E-09
  0.50500000E+01  0.69923259E-10  0.13998982E-09
  0.50600000E+01  0.67723606E-10  0.14193537E-09
  0.50700000E+01  0.65476392E-10  0.14380701E-09
  0.50800000E+01  0.63184782E-10  0.14560443E-09
  0.50900000E+01  0.60851898E-10  0.14732741E-09
  0.51000000E+01  0.58480814E-10  0.14897574E-09
  0.51100000E+01  0.56074561E-10  0.15054932E-09
  0.51200000E+01  0.53636123E-10  0.15204814E-09
  0.51300000E+01  0.51168437E-10  0.15347217E-09
  0.51400000E+01  0.48674392E-10  0.15482153E-09
  0.51500000E+01  0.46156831E-10  0.15609638E-09
  0.51600000E+01  0.43618545E-10  0.15729688E-09
  0.51700000E+01  0.41062279E-10  0.15842331E-09
  0.51800000E+01  0.38490725E-10  0.15947603E-09
  0.51900000E+01  0.35906527E-10  0.16045536E-09
  0.52000000E+01  0.33312278E-10  0.16136175E-09
  0.52100000E+01  0.30710518E-10  0.16219570E-09
  0.52200000E+01  0.28103737E-10  0.16295770E-09
  0.52300000E+01  0.25494372E-10  0.16364834E-09
  0.52400000E+01  0.22884809E-10  0.16426829E-09
  0.52500000E+01  0.20277380E-10  0.16481815E-09
  0.52600000E+01  0.17674363E-10  0.16529866E-09
  0.52700000E+01  0.15077986E-10  0.16571061E-09
  0.52800000E+01  0.12490421E-10  0.16605475E-09
  0.52900000E+01  0.99137867E-11  0.16633191E-09
  0.53000000E+01  0.73501478E-11  0.16654304E-09
  0.53100000E+01  0.48015153E-11  0.16668896E-09
  0.53200000E+01  0.22698461E-11  0.16677064E-09
  0.53300000E+01 -0.24295720E-12  0.16678911E-09
  0.53400000E+01 -0.27350463E-11  0.16674531E-09
  0.53500000E+01 -0.52046273E-11  0.16664029E-09
  0.53600000E+01 -0.76499606E-11  0.16647519E-09
  0.53700000E+01 -0.10069361E-10  0.16625104E-09
  0.53800000E+01 -0.12461196E-10  0.16596894E-09
  0.53900000E+01 -0.14823891E-10  0.16563013E-09
  0.54000000E+01 -0.17155922E-10  0.16523572E-09
  0.54100000E+01 -0.19455819E-10  0.16478688E-09
  0.54200000E+01 -0.21722168E-10  0.16428491E-09
  0.54300000E+01 -0.23953607E-10  0.16373099E-09
  0.54400000E+01 -0.26148828E-10  0.16312633E-09
  0.54500000E+01 -0.28306576E-10  0.16247231E-09
  0.54600000E+01 -0.30425649E-10  0.16177016E-09
  0.54700000E+01 -0.32504897E-10  0.16102113E-09
  0.54800000E+01 -0.34543222E-10  0.16022663E-09
  0.54900000E+01 -0.36539580E-10  0.15938796E-09
  0.55000000E+01 -0.38492978E-10  0.15850639E-09
  0.55100000E+01 -0.40402473E-10  0.15758337E-09
  0.55200000E+01 -0.42267173E-10  0.15662022E-09
  0.55300000E+01 -0.44086239E-10  0.15561823E-09
  0.55400000E+01 -0.45858879E-10  0.15457890E-09
  0.55500000E+01 -0.47584352E-10  0.15350357E-09
  0.55600000E+01 -0.49261967E-10  0.15239352E-09
  0.55700000E+01 -0.50891081E-10  0.15125026E-09
  0.55800000E+01 -0.52471099E-10  0.15007518E-09
  0.55900000E+01 -0.54001474E-10  0.14886953E-09
  0.56000000E+01 -0.55481706E-10  0.14763485E-09
  0.56100000E+01 -0.56911342E-10  0.14637251E-09
  0.56200000E+01 -0.58289976E-10  0.14508378E-09
  0.56300000E+01 -0.59617244E-10  0.14377016E-09
  0.56400000E+01 -0.60892831E-10  0.14243307E-09
  0.56500000E+01 -0.62116465E-10  0.14107372E-09
  0.56600000E+01 -0.63287918E-10  0.13969360E-09
  0.56700000E+01 -0.64407003E-10  0.13829414E-09
  0.56800000E+01 -0.65473578E-10  0.13687653E-09
  0.56900000E+01 -0.66487541E-10  0.13544221E-09
  0.57000000E+01 -0.67448834E-10  0.13399263E-09
  0.57100000E+01 -0.68357436E-10  0.13252892E-09
  0.57200000E+01 -0.69213367E-10  0.13105250E-09
  0.57300000E+01 -0.70016688E-10  0.12956480E-09
  0.57400000E+01 -0.70767496E-10  0.12806692E-09
  0.57500000E+01 -0.71465927E-10  0.12656022E-09
  0.57600000E+01 -0.72112153E-10  0.12504612E-09
  0.57700000E+01 -0.72706383E-10  0.12352569E-09
  0.57800000E+01 -0.73248862E-10  0.12200021E-09
  0.57900000E+01 -0.73739867E-10  0.12047109E-09
  0.58000000E+01 -0.74179714E-10  0.11893936E-09
  0.58100000E+01 -0.74568747E-10  0.11740622E-09
  0.58200000E+01 -0.74907346E-10  0.11587305E-09
  0.58300000E+01 -0.75195922E-10  0.11434085E-09
  0.58400000E+01 -0.75434916E-10  0.11281074E-09
  0.58500000E+01 -0.75624800E-10  0.11128407E-09
  0.58600000E+01 -0.75766074E-10  0.10976178E-09
  0.58700000E+01 -0.75859270E-10  0.10824491E-09
  0.58800000E+01 -0.75904945E-10  0.10673477E-09
  0.58900000E+01 -0.75903683E-10  0.10523227E-09
  0.59000000E+01 -0.75856096E-10  0.10373835E-09
  0.59100000E+01 -0.75762820E-10  0.10225426E-09
  0.59200000E+01 -0.75624517E-10  0.10078089E-09
  0.59300000E+01 -0.75441871E-10  0.99319069E-10
  0.59400000E+01 -0.75215590E-10  0.97869992E-10
  0.59500000E+01 -0.74946406E-10  0.96434516E-10
  0.59600000E+01 -0.74635069E-10  0.95013365E-10
  0.59700000E+01 -0.74282354E-10  0.93607669E-10
  0.59800000E+01 -0.73889052E-10  0.92218255E-10
  0.59900000E+01 -0.73455974E-10  0.90845743E-10
  0.60000000E+01 -0.72983952E-10  0.89491184E-10
