  0.20000000E+00  0.66006593E-11 -0.19627757E-10
  0.21000000E+00  0.72204753E-11 -0.20477890E-10
  0.22000000E+00  0.78647178E-11 -0.21309536E-10
  0.23000000E+00  0.85325849E-11 -0.22121984E-10
  0.24000000E+00  0.92232436E-11 -0.22914544E-10
  0.25000000E+00  0.99358312E-11 -0.23686555E-10
  0.26000000E+00  0.10669456E-10 -0.24437374E-10
  0.27000000E+00  0.11423197E-10 -0.25166391E-10
  0.28000000E+00  0.12196107E-10 -0.25873014E-10
  0.29000000E+00  0.12987212E-10 -0.26556686E-10
  0.30000000E+00  0.13795514E-10 -0.27216873E-10
  0.31000000E+00  0.14619989E-10 -0.27853068E-10
  0.32000000E+00  0.15459590E-10 -0.28464805E-10
  0.33000000E+00  0.16313249E-10 -0.29051627E-10
  0.34000000E+00  0.17179877E-10 -0.29613132E-10
  0.35000000E+00  0.18058363E-10 -0.30148927E-10
  0.36000000E+00  0.18947582E-10 -0.30658668E-10
  0.37000000E+00  0.19846387E-10 -0.31142037E-10
  0.38000000E+00  0.20753616E-10 -0.31598739E-10
  0.39000000E+00  0.21668095E-10 -0.32028538E-10
  0.40000000E+00  0.22588633E-10 -0.32431199E-10
  0.41000000E+00  0.23514028E-10 -0.32806553E-10
  0.42000000E+00  0.24443067E-10 -0.33154444E-10
  0.43000000E+00  0.25374527E-10 -0.33474758E-10
  0.44000000E+00  0.26307178E-10 -0.33767426E-10
  0.45000000E+00  0.27239781E-10 -0.34032391E-10
  0.46000000E+00  0.28171094E-10 -0.34269664E-10
  0.47000000E+00  0.29099870E-10 -0.34479264E-10
  0.48000000E+00  0.30024857E-10 -0.34661261E-10
  0.49000000E+00  0.30944806E-10 -0.34815767E-10
  0.50000000E+00  0.31858465E-10 -0.34942908E-10
  0.51000000E+00  0.32764584E-10 -0.35042879E-10
  0.52000000E+00  0.33661919E-10 -0.35115881E-10
  0.53000000E+00  0.34549228E-10 -0.35162171E-10
  0.54000000E+00  0.35425276E-10 -0.35182047E-10
  0.55000000E+00  0.36288835E-10 -0.35175813E-10
  0.56000000E+00  0.37138688E-10 -0.35143860E-10
  0.57000000E+00  0.37973626E-10 -0.35086562E-10
  0.58000000E+00  0.38792455E-10 -0.35004370E-10
  0.59000000E+00  0.39593993E-10 -0.34897756E-10
  0.60000000E+00  0.40377074E-10 -0.34767213E-10
  0.61000000E+00  0.41140548E-10 -0.34613311E-10
  0.62000000E+00  0.41883284E-10 -0.34436600E-10
  0.63000000E+00  0.42604170E-10 -0.34237715E-10
  0.64000000E+00  0.43302117E-10 -0.34017300E-10
  0.65000000E+00  0.43976056E-10 -0.33776023E-10
  0.66000000E+00  0.44624945E-10 -0.33514628E-10
  0.67000000E+00  0.45247766E-10 -0.33233833E-10
  0.68000000E+00  0.45843528E-10 -0.32934439E-10
  0.69000000E+00  0.46411271E-10 -0.32617257E-10
  0.70000000E+00  0.46950061E-10 -0.32283112E-10
  0.71000000E+00  0.47459000E-10 -0.31932912E-10
  0.72000000E+00  0.47937219E-10 -0.31567521E-10
  0.73000000E+00  0.48383885E-10 -0.31187899E-10
  0.74000000E+00  0.48798202E-10 -0.30794999E-10
  0.75000000E+00  0.49179408E-10 -0.30389789E-10
  0.76000000E+00  0.49526782E-10 -0.29973316E-10
  0.77000000E+00  0.49839640E-10 -0.29546579E-10
  0.78000000E+00  0.50117341E-10 -0.29110666E-10
  0.79000000E+00  0.50359284E-10 -0.28666655E-10
  0.80000000E+00  0.50564914E-10 -0.28215631E-10
  0.81000000E+00  0.50733718E-10 -0.27758759E-10
  0.82000000E+00  0.50865229E-10 -0.27297143E-10
  0.83000000E+00  0.50959028E-10 -0.26831973E-10
  0.84000000E+00  0.51014741E-10 -0.26364429E-10
  0.85000000E+00  0.51032046E-10 -0.25895679E-10
  0.86000000E+00  0.51010669E-10 -0.25426980E-10
  0.87000000E+00  0.50950386E-10 -0.24959509E-10
  0.88000000E+00  0.50851026E-10 -0.24494528E-10
  0.89000000E+00  0.50712469E-10 -0.24033284E-10
  0.90000000E+00  0.50534649E-10 -0.23577001E-10
  0.91000000E+00  0.50317555E-10 -0.23126985E-10
  0.92000000E+00  0.50061228E-10 -0.22684462E-10
  0.93000000E+00  0.49765767E-10 -0.22250719E-10
  0.94000000E+00  0.49431325E-10 -0.21827046E-10
  0.95000000E+00  0.49058112E-10 -0.21414675E-10
  0.96000000E+00  0.48646397E-10 -0.21014928E-10
  0.97000000E+00  0.48196502E-10 -0.20629042E-10
  0.98000000E+00  0.47708810E-10 -0.20258290E-10
  0.99000000E+00  0.47183762E-10 -0.19903959E-10
  0.10000000E+01  0.46621856E-10 -0.19567257E-10
  0.10100000E+01  0.46023649E-10 -0.19249475E-10
  0.10200000E+01  0.45389756E-10 -0.18951823E-10
  0.10300000E+01  0.44720852E-10 -0.18675513E-10
  0.10400000E+01  0.44017669E-10 -0.18421790E-10
  0.10500000E+01  0.43280998E-10 -0.18191796E-10
  0.10600000E+01  0.42511689E-10 -0.17986741E-10
  0.10700000E+01  0.41710649E-10 -0.17807769E-10
  0.10800000E+01  0.40878844E-10 -0.17655988E-10
  0.10900000E+01  0.40017296E-10 -0.17532551E-10
  0.11000000E+01  0.39127084E-10 -0.17438495E-10
  0.11100000E+01  0.38209345E-10 -0.17374899E-10
  0.11200000E+01  0.37265270E-10 -0.17342799E-10
  0.11300000E+01  0.36296105E-10 -0.17343153E-10
  0.11400000E+01  0.35303151E-10 -0.17376971E-10
  0.11500000E+01  0.34287762E-10 -0.17445149E-10
  0.11600000E+01  0.33251344E-10 -0.17548583E-10
  0.11700000E+01  0.32195356E-10 -0.17688156E-10
  0.11800000E+01  0.31121304E-10 -0.17864636E-10
  0.11900000E+01  0.30030746E-10 -0.18078839E-10
  0.12000000E+01  0.28925286E-10 -0.18331479E-10
  0.12100000E+01  0.27806575E-10 -0.18623225E-10
  0.12200000E+01  0.26676310E-10 -0.18954756E-10
  0.12300000E+01  0.25536228E-10 -0.19326619E-10
  0.12400000E+01  0.24388110E-10 -0.19739380E-10
  0.12500000E+01  0.23233778E-10 -0.20193536E-10
  0.12600000E+01  0.22075089E-10 -0.20689489E-10
  0.12700000E+01  0.20913938E-10 -0.21227664E-10
  0.12800000E+01  0.19752254E-10 -0.21808359E-10
  0.12900000E+01  0.18591998E-10 -0.22431842E-10
  0.13000000E+01  0.17435162E-10 -0.23098352E-10
  0.13100000E+01  0.16283762E-10 -0.23807999E-10
  0.13200000E+01  0.15139844E-10 -0.24560903E-10
  0.13300000E+01  0.14005473E-10 -0.25357084E-10
  0.13400000E+01  0.12882737E-10 -0.26196485E-10
  0.13500000E+01  0.11773741E-10 -0.27079039E-10
  0.13600000E+01  0.10680603E-10 -0.28004547E-10
  0.13700000E+01  0.96054575E-11 -0.28972786E-10
  0.13800000E+01  0.85504443E-11 -0.29983470E-10
  0.13900000E+01  0.75177120E-11 -0.31036195E-10
  0.14000000E+01  0.65094120E-11 -0.32130554E-10
  0.14100000E+01  0.55276965E-11 -0.33266025E-10
  0.14200000E+01  0.45747146E-11 -0.34442018E-10
  0.14300000E+01  0.36526098E-11 -0.35657910E-10
  0.14400000E+01  0.27635163E-11 -0.36912953E-10
  0.14500000E+01  0.19095558E-11 -0.38206367E-10
  0.14600000E+01  0.10928338E-11 -0.39537297E-10
  0.14700000E+01  0.31543676E-12 -0.40904783E-10
  0.14800000E+01 -0.42057217E-12 -0.42307844E-10
  0.14900000E+01 -0.11131562E-11 -0.43745390E-10
  0.15000000E+01 -0.17603089E-11 -0.45216263E-10
  0.15100000E+01 -0.23600574E-11 -0.46719265E-10
  0.15200000E+01 -0.29104667E-11 -0.48253082E-10
  0.15300000E+01 -0.34096429E-11 -0.49816365E-10
  0.15400000E+01 -0.38557376E-11 -0.51407691E-10
  0.15500000E+01 -0.42469509E-11 -0.53025542E-10
  0.15600000E+01 -0.45815360E-11 -0.54668374E-10
  0.15700000E+01 -0.48578027E-11 -0.56334547E-10
  0.15800000E+01 -0.50741212E-11 -0.58022358E-10
  0.15900000E+01 -0.52289263E-11 -0.59730065E-10
  0.16000000E+01 -0.53207210E-11 -0.61455830E-10
  0.16100000E+01 -0.53480806E-11 -0.63197776E-10
  0.16200000E+01 -0.53096564E-11 -0.64953971E-10
  0.16300000E+01 -0.52041797E-11 -0.66722401E-10
  0.16400000E+01 -0.50304655E-11 -0.68501028E-10
  0.16500000E+01 -0.47874165E-11 -0.70287744E-10
  0.16600000E+01 -0.44740266E-11 -0.72080386E-10
  0.16700000E+01 -0.40893849E-11 -0.73876764E-10
  0.16800000E+01 -0.36326793E-11 -0.75674623E-10
  0.16900000E+01 -0.31032001E-11 -0.77471671E-10
  0.17000000E+01 -0.25003435E-11 -0.79265589E-10
  0.17100000E+01 -0.18236151E-11 -0.81054000E-10
  0.17200000E+01 -0.10726333E-11 -0.82834511E-10
  0.17300000E+01 -0.24713283E-12 -0.84604697E-10
  0.17400000E+01  0.65303241E-12 -0.86362094E-10
  0.17500000E+01  0.16278860E-11 -0.88104234E-10
  0.17600000E+01  0.26773263E-11 -0.89828619E-10
  0.17700000E+01  0.38011230E-11 -0.91532732E-10
  0.17800000E+01  0.49989152E-11 -0.93214062E-10
  0.17900000E+01  0.62702083E-11 -0.94870073E-10
  0.18000000E+01  0.76143717E-11 -0.96498236E-10
  0.18100000E+01  0.90306367E-11 -0.98096028E-10
  0.18200000E+01  0.10518094E-10 -0.99660921E-10
  0.18300000E+01  0.12075693E-10 -0.10119041E-09
  0.18400000E+01  0.13702239E-10 -0.10268200E-09
  0.18500000E+01  0.15396390E-10 -0.10413322E-09
  0.18600000E+01  0.17156661E-10 -0.10554162E-09
  0.18700000E+01  0.18981417E-10 -0.10690480E-09
  0.18800000E+01  0.20868874E-10 -0.10822036E-09
  0.18900000E+01  0.22817102E-10 -0.10948599E-09
  0.19000000E+01  0.24824019E-10 -0.11069939E-09
  0.19100000E+01  0.26887396E-10 -0.11185832E-09
  0.19200000E+01  0.29004852E-10 -0.11296063E-09
  0.19300000E+01  0.31173862E-10 -0.11400418E-09
  0.19400000E+01  0.33391749E-10 -0.11498694E-09
  0.19500000E+01  0.35655693E-10 -0.11590696E-09
  0.19600000E+01  0.37962727E-10 -0.11676234E-09
  0.19700000E+01  0.40309744E-10 -0.11755129E-09
  0.19800000E+01  0.42693492E-10 -0.11827211E-09
  0.19900000E+01  0.45110585E-10 -0.11892320E-09
  0.20000000E+01  0.47557498E-10 -0.11950307E-09
  0.20100000E+01  0.50030577E-10 -0.12001031E-09
  0.20200000E+01  0.52526037E-10 -0.12044368E-09
  0.20300000E+01  0.55039971E-10 -0.12080201E-09
  0.20400000E+01  0.57568349E-10 -0.12108429E-09
  0.20500000E+01  0.60107030E-10 -0.12128964E-09
  0.20600000E+01  0.62651760E-10 -0.12141732E-09
  0.20700000E+01  0.65198180E-10 -0.12146671E-09
  0.20800000E+01  0.67741837E-10 -0.12143737E-09
  0.20900000E+01  0.70278182E-10 -0.12132901E-09
  0.21000000E+01  0.72802584E-10 -0.12114148E-09
  0.21100000E+01  0.75310333E-10 -0.12087483E-09
  0.21200000E+01  0.77796651E-10 -0.12052924E-09
  0.21300000E+01  0.80256698E-10 -0.12010510E-09
  0.21400000E+01  0.82685582E-10 -0.11960296E-09
  0.21500000E+01  0.85078367E-10 -0.11902353E-09
  0.21600000E+01  0.87430084E-10 -0.11836777E-09
  0.21700000E+01  0.89735738E-10 -0.11763675E-09
  0.21800000E+01  0.91990324E-10 -0.11683180E-09
  0.21900000E+01  0.94188832E-10 -0.11595441E-09
  0.22000000E+01  0.96326263E-10 -0.11500627E-09
  0.22100000E+01  0.98397638E-10 -0.11398929E-09
  0.22200000E+01  0.10039801E-09 -0.11290555E-09
  0.22300000E+01  0.10232248E-09 -0.11175735E-09
  0.22400000E+01  0.10416620E-09 -0.11054721E-09
  0.22500000E+01  0.10592441E-09 -0.10927782E-09
  0.22600000E+01  0.10759241E-09 -0.10795210E-09
  0.22700000E+01  0.10916563E-09 -0.10657317E-09
  0.22800000E+01  0.11063960E-09 -0.10514433E-09
  0.22900000E+01  0.11200996E-09 -0.10366910E-09
  0.23000000E+01  0.11327253E-09 -0.10215123E-09
  0.23100000E+01  0.11442327E-09 -0.10059458E-09
  0.23200000E+01  0.11545830E-09 -0.99003283E-10
  0.23300000E+01  0.11637397E-09 -0.97381639E-10
  0.23400000E+01  0.11716680E-09 -0.95734081E-10
  0.23500000E+01  0.11783355E-09 -0.94065312E-10
  0.23600000E+01  0.11837121E-09 -0.92380130E-10
  0.23700000E+01  0.11877704E-09 -0.90683503E-10
  0.23800000E+01  0.11904857E-09 -0.88980635E-10
  0.23900000E+01  0.11918361E-09 -0.87276767E-10
  0.24000000E+01  0.11918027E-09 -0.85577344E-10
  0.24100000E+01  0.11903699E-09 -0.83887978E-10
  0.24200000E+01  0.11875256E-09 -0.82214284E-10
  0.24300000E+01  0.11832611E-09 -0.80562096E-10
  0.24400000E+01  0.11775714E-09 -0.78937328E-10
  0.24500000E+01  0.11704553E-09 -0.77345876E-10
  0.24600000E+01  0.11619158E-09 -0.75793855E-10
  0.24700000E+01  0.11519600E-09 -0.74287348E-10
  0.24800000E+01  0.11405991E-09 -0.72832423E-10
  0.24900000E+01  0.11278491E-09 -0.71435337E-10
  0.25000000E+01  0.11137302E-09 -0.70102191E-10
  0.25100000E+01  0.10982676E-09 -0.68839103E-10
  0.25200000E+01  0.10814911E-09 -0.67652292E-10
  0.25300000E+01  0.10634357E-09 -0.66547722E-10
  0.25400000E+01  0.10441412E-09 -0.65531400E-10
  0.25500000E+01  0.10236525E-09 -0.64609311E-10
  0.25600000E+01  0.10020199E-09 -0.63787107E-10
  0.25700000E+01  0.97929888E-10 -0.63070502E-10
  0.25800000E+01  0.95555024E-10 -0.62465023E-10
  0.25900000E+01  0.93084017E-10 -0.61975826E-10
  0.26000000E+01  0.90524023E-10 -0.61608114E-10
  0.26100000E+01  0.87882744E-10 -0.61366725E-10
  0.26200000E+01  0.85168419E-10 -0.61256114E-10
  0.26300000E+01  0.82389826E-10 -0.61280735E-10
  0.26400000E+01  0.79556277E-10 -0.61444486E-10
  0.26500000E+01  0.76677613E-10 -0.61750913E-10
  0.26600000E+01  0.73764193E-10 -0.62203455E-10
  0.26700000E+01  0.70826887E-10 -0.62804821E-10
  0.26800000E+01  0.67877057E-10 -0.63557423E-10
  0.26900000E+01  0.64926551E-10 -0.64463401E-10
  0.27000000E+01  0.61987675E-10 -0.65524037E-10
  0.27100000E+01  0.59073179E-10 -0.66740368E-10
  0.27200000E+01  0.56196233E-10 -0.68112951E-10
  0.27300000E+01  0.53370397E-10 -0.69641411E-10
  0.27400000E+01  0.50609594E-10 -0.71325164E-10
  0.27500000E+01  0.47928079E-10 -0.73162907E-10
  0.27600000E+01  0.45340402E-10 -0.75152398E-10
  0.27700000E+01  0.42861367E-10 -0.77291185E-10
  0.27800000E+01  0.40505993E-10 -0.79575855E-10
  0.27900000E+01  0.38289466E-10 -0.82002110E-10
  0.28000000E+01  0.36227089E-10 -0.84565400E-10
  0.28100000E+01  0.34334233E-10 -0.87259986E-10
  0.28200000E+01  0.32626274E-10 -0.90079368E-10
  0.28300000E+01  0.31118538E-10 -0.93016686E-10
  0.28400000E+01  0.29826233E-10 -0.96063725E-10
  0.28500000E+01  0.28764383E-10 -0.99211670E-10
  0.28600000E+01  0.27947756E-10 -0.10245120E-09
  0.28700000E+01  0.27390787E-10 -0.10577153E-09
  0.28800000E+01  0.27107500E-10 -0.10916150E-09
  0.28900000E+01  0.27111422E-10 -0.11260921E-09
  0.29000000E+01  0.27415502E-10 -0.11610135E-09
  0.29100000E+01  0.28032013E-10 -0.11962440E-09
  0.29200000E+01  0.28972465E-10 -0.12316393E-09
  0.29300000E+01  0.30247505E-10 -0.12670418E-09
  0.29400000E+01  0.31866815E-10 -0.13022943E-09
  0.29500000E+01  0.33839013E-10 -0.13372278E-09
  0.29600000E+01  0.36171544E-10 -0.13716634E-09
  0.29700000E+01  0.38870574E-10 -0.14054234E-09
  0.29800000E+01  0.41940879E-10 -0.14383176E-09
  0.29900000E+01  0.45385734E-10 -0.14701492E-09
  0.30000000E+01  0.49206798E-10 -0.15007239E-09
  0.30100000E+01  0.53404006E-10 -0.15298342E-09
  0.30200000E+01  0.57975448E-10 -0.15572715E-09
  0.30300000E+01  0.62917259E-10 -0.15828297E-09
  0.30400000E+01  0.68223508E-10 -0.16062906E-09
  0.30500000E+01  0.73886084E-10 -0.16274410E-09
  0.30600000E+01  0.79894587E-10 -0.16460696E-09
  0.30700000E+01  0.86236227E-10 -0.16619565E-09
  0.30800000E+01  0.92895718E-10 -0.16748928E-09
  0.30900000E+01  0.99855180E-10 -0.16846707E-09
  0.31000000E+01  0.10709406E-09 -0.16910798E-09
  0.31100000E+01  0.11458902E-09 -0.16939258E-09
  0.31200000E+01  0.12231390E-09 -0.16930157E-09
  0.31300000E+01  0.13023963E-09 -0.16881619E-09
  0.31400000E+01  0.13833417E-09 -0.16791965E-09
  0.31500000E+01  0.14656247E-09 -0.16659555E-09
  0.31600000E+01  0.15488644E-09 -0.16482888E-09
  0.31700000E+01  0.16326494E-09 -0.16260687E-09
  0.31800000E+01  0.17165377E-09 -0.15991762E-09
  0.31900000E+01  0.18000569E-09 -0.15675150E-09
  0.32000000E+01  0.18827045E-09 -0.15310127E-09
  0.32100000E+01  0.19639487E-09 -0.14896144E-09
  0.32200000E+01  0.20432289E-09 -0.14432926E-09
  0.32300000E+01  0.21199568E-09 -0.13920492E-09
  0.32400000E+01  0.21935177E-09 -0.13359108E-09
  0.32500000E+01  0.22632723E-09 -0.12749361E-09
  0.32600000E+01  0.23285582E-09 -0.12092201E-09
  0.32700000E+01  0.23886920E-09 -0.11388879E-09
  0.32800000E+01  0.24429723E-09 -0.10641021E-09
  0.32900000E+01  0.24906819E-09 -0.98506882E-10
  0.33000000E+01  0.25310913E-09 -0.90202675E-10
  0.33100000E+01  0.25634620E-09 -0.81525995E-10
  0.33200000E+01  0.25870506E-09 -0.72509996E-10
  0.33300000E+01  0.26011130E-09 -0.63191325E-10
  0.33400000E+01  0.26049089E-09 -0.53611883E-10
  0.33500000E+01  0.25977070E-09 -0.43818403E-10
  0.33600000E+01  0.25787906E-09 -0.33861352E-10
  0.33700000E+01  0.25474628E-09 -0.23796903E-10
  0.33800000E+01  0.25030538E-09 -0.13685908E-10
  0.33900000E+01  0.24449264E-09 -0.35929529E-11
  0.34000000E+01  0.23724839E-09  0.64113350E-11
  0.34100000E+01  0.22851769E-09  0.16252454E-10
  0.34200000E+01  0.21825112E-09  0.25852021E-10
  0.34300000E+01  0.20640559E-09  0.35126023E-10
  0.34400000E+01  0.19294516E-09  0.43987642E-10
  0.34500000E+01  0.17784189E-09  0.52346185E-10
  0.34600000E+01  0.16107669E-09  0.60106734E-10
  0.34700000E+01  0.14264026E-09  0.67172444E-10
  0.34800000E+01  0.12253393E-09  0.73443636E-10
  0.34900000E+01  0.10077055E-09  0.78818024E-10
  0.35000000E+01  0.77375405E-10  0.83192888E-10
  0.35100000E+01  0.52387019E-10  0.86464331E-10
  0.35200000E+01  0.25858023E-10  0.88527955E-10
  0.35300000E+01 -0.21440939E-11  0.89281075E-10
  0.35400000E+01 -0.31536256E-10  0.88622035E-10
  0.35500000E+01 -0.62219161E-10  0.86451442E-10
  0.35600000E+01 -0.94076736E-10  0.82674269E-10
  0.35700000E+01 -0.12697570E-09  0.77199382E-10
  0.35800000E+01 -0.16076527E-09  0.69941177E-10
  0.35900000E+01 -0.19527702E-09  0.60821588E-10
  0.36000000E+01 -0.23032494E-09  0.49769794E-10
  0.36100000E+01 -0.26570570E-09  0.36724155E-10
  0.36200000E+01 -0.30119914E-09  0.21634044E-10
  0.36300000E+01 -0.33656910E-09  0.44596785E-11
  0.36400000E+01 -0.37156450E-09 -0.14825832E-10
  0.36500000E+01 -0.40592078E-09 -0.36234944E-10
  0.36600000E+01 -0.43936178E-09 -0.59765901E-10
  0.36700000E+01 -0.47160200E-09 -0.85400808E-10
  0.36800000E+01 -0.50234929E-09 -0.11310462E-09
  0.36900000E+01 -0.53130818E-09 -0.14282565E-09
  0.37000000E+01 -0.55818357E-09 -0.17449417E-09
  0.37100000E+01 -0.58268511E-09 -0.20802223E-09
  0.37200000E+01 -0.60453212E-09 -0.24330488E-09
  0.37300000E+01 -0.62345908E-09 -0.28021975E-09
  0.37400000E+01 -0.63922172E-09 -0.31862819E-09
  0.37500000E+01 -0.65160366E-09 -0.35837773E-09
  0.37600000E+01 -0.66042344E-09 -0.39930321E-09
  0.37700000E+01 -0.66554200E-09 -0.44122980E-09
  0.37800000E+01 -0.66687020E-09 -0.48397731E-09
  0.37900000E+01 -0.66437625E-09 -0.52736337E-09
  0.38000000E+01 -0.65809269E-09 -0.57120882E-09
  0.38100000E+01 -0.64812216E-09 -0.61534420E-09
  0.38200000E+01 -0.63464145E-09 -0.65961511E-09
  0.38300000E+01 -0.61790256E-09 -0.70388985E-09
  0.38400000E+01 -0.59822933E-09 -0.74806730E-09
  0.38500000E+01 -0.57600750E-09 -0.79208339E-09
  0.38600000E+01 -0.55166491E-09 -0.83591854E-09
  0.38700000E+01 -0.52563743E-09 -0.87960365E-09
  0.38800000E+01 -0.49831355E-09 -0.92322233E-09
  0.38900000E+01 -0.46994793E-09 -0.96691064E-09
  0.39000000E+01 -0.44053096E-09 -0.10108505E-08
  0.39100000E+01 -0.40959964E-09 -0.10552524E-08
  0.39200000E+01 -0.37597920E-09 -0.11003275E-08
  0.39300000E+01 -0.33746090E-09 -0.11462393E-08
  0.39400000E+01 -0.29045773E-09 -0.11930308E-08
  0.39500000E+01 -0.22973885E-09 -0.12405183E-08
  0.39600000E+01 -0.14841651E-09 -0.12881411E-08
  0.39700000E+01 -0.38412801E-10 -0.13347588E-08
  0.39800000E+01  0.10838601E-09 -0.13783930E-08
  0.39900000E+01  0.29822790E-09 -0.14159281E-08
  0.40000000E+01  0.53307870E-09 -0.14428285E-08
  0.40100000E+01  0.80828841E-09 -0.14530245E-08
  0.40200000E+01  0.11112102E-08 -0.14392636E-08
  0.40300000E+01  0.14216183E-08 -0.13943776E-08
  0.40400000E+01  0.17143340E-08 -0.13138011E-08
  0.40500000E+01  0.19637005E-08 -0.11987863E-08
  0.40600000E+01  0.21487569E-08 -0.10581756E-08
  0.40700000E+01  0.22575376E-08 -0.90631010E-09
  0.40800000E+01  0.22891347E-08 -0.75770105E-09
  0.40900000E+01  0.22529484E-08 -0.62242172E-09
  0.41000000E+01  0.21655636E-08 -0.50494788E-09
  0.41100000E+01  0.20464537E-08 -0.40560486E-09
  0.41200000E+01  0.19139198E-08 -0.32256139E-09
  0.41300000E+01  0.17823125E-08 -0.25326321E-09
  0.41400000E+01  0.16609232E-08 -0.19518388E-09
  0.41500000E+01  0.15543034E-08 -0.14612265E-09
  0.41600000E+01  0.14634295E-08 -0.10427277E-09
  0.41700000E+01  0.13870960E-08 -0.68192295E-10
  0.41800000E+01  0.13231097E-08 -0.36744402E-10
  0.41900000E+01  0.12690981E-08 -0.90369456E-11
  0.42000000E+01  0.12229399E-08  0.15630895E-10
  0.42100000E+01  0.11829193E-08  0.37812077E-10
  0.42200000E+01  0.11477218E-08  0.57944531E-10
  0.42300000E+01  0.11163651E-08  0.76377201E-10
  0.42400000E+01  0.10881164E-08  0.93390216E-10
  0.42500000E+01  0.10624225E-08  0.10920923E-09
  0.42600000E+01  0.10388572E-08  0.12401718E-09
  0.42700000E+01  0.10170850E-08  0.13796358E-09
  0.42800000E+01  0.99683615E-09  0.15117065E-09
  0.42900000E+01  0.97789019E-09  0.16373888E-09
  0.43000000E+01  0.96006421E-09  0.17575163E-09
  0.43100000E+01  0.94320475E-09  0.18727770E-09
  0.43200000E+01  0.92718181E-09  0.19837423E-09
  0.43300000E+01  0.91188438E-09  0.20908911E-09
  0.43400000E+01  0.89721703E-09  0.21946202E-09
  0.43500000E+01  0.88309722E-09  0.22952604E-09
  0.43600000E+01  0.86945323E-09  0.23930912E-09
  0.43700000E+01  0.85622246E-09  0.24883429E-09
  0.43800000E+01  0.84335007E-09  0.25812070E-09
  0.43900000E+01  0.83078787E-09  0.26718462E-09
  0.44000000E+01  0.81849340E-09  0.27603921E-09
  0.44100000E+01  0.80642916E-09  0.28469530E-09
  0.44200000E+01  0.79456197E-09  0.29316208E-09
  0.44300000E+01  0.78286248E-09  0.30144670E-09
  0.44400000E+01  0.77130462E-09  0.30955489E-09
  0.44500000E+01  0.75986532E-09  0.31749146E-09
  0.44600000E+01  0.74852409E-09  0.32525988E-09
  0.44700000E+01  0.73726276E-09  0.33286268E-09
  0.44800000E+01  0.72606527E-09  0.34030196E-09
  0.44900000E+01  0.71491739E-09  0.34757887E-09
  0.45000000E+01  0.70380657E-09  0.35469397E-09
  0.45100000E+01  0.69272178E-09  0.36164769E-09
  0.45200000E+01  0.68165334E-09  0.36843975E-09
  0.45300000E+01  0.67059279E-09  0.37506951E-09
  0.45400000E+01  0.65953282E-09  0.38153638E-09
  0.45500000E+01  0.64846709E-09  0.38783925E-09
  0.45600000E+01  0.63739023E-09  0.39397677E-09
  0.45700000E+01  0.62629768E-09  0.39994779E-09
  0.45800000E+01  0.61518568E-09  0.40575072E-09
  0.45900000E+01  0.60405116E-09  0.41138385E-09
  0.46000000E+01  0.59289169E-09  0.41684576E-09
  0.46100000E+01  0.58170545E-09  0.42213467E-09
  0.46200000E+01  0.57049115E-09  0.42724874E-09
  0.46300000E+01  0.55924801E-09  0.43218645E-09
  0.46400000E+01  0.54797569E-09  0.43694602E-09
  0.46500000E+01  0.53667430E-09  0.44152562E-09
  0.46600000E+01  0.52534432E-09  0.44592381E-09
  0.46700000E+01  0.51398658E-09  0.45013890E-09
  0.46800000E+01  0.50260227E-09  0.45416919E-09
  0.46900000E+01  0.49119285E-09  0.45801339E-09
  0.47000000E+01  0.47976007E-09  0.46167002E-09
  0.47100000E+01  0.46830594E-09  0.46513757E-09
  0.47200000E+01  0.45683269E-09  0.46841498E-09
  0.47300000E+01  0.44534277E-09  0.47150100E-09
  0.47400000E+01  0.43383884E-09  0.47439439E-09
  0.47500000E+01  0.42232373E-09  0.47709435E-09
  0.47600000E+01  0.41080043E-09  0.47959991E-09
  0.47700000E+01  0.39927207E-09  0.48191012E-09
  0.47800000E+01  0.38774195E-09  0.48402446E-09
  0.47900000E+01  0.37621344E-09  0.48594230E-09
  0.48000000E+01  0.36469008E-09  0.48766296E-09
  0.48100000E+01  0.35317546E-09  0.48918624E-09
  0.48200000E+01  0.34167328E-09  0.49051183E-09
  0.48300000E+01  0.33018731E-09  0.49163938E-09
  0.48400000E+01  0.31872141E-09  0.49256899E-09
  0.48500000E+01  0.30727946E-09  0.49330068E-09
  0.48600000E+01  0.29586542E-09  0.49383442E-09
  0.48700000E+01  0.28448329E-09  0.49417062E-09
  0.48800000E+01  0.27313710E-09  0.49430964E-09
  0.48900000E+01  0.26183090E-09  0.49425176E-09
  0.49000000E+01  0.25056879E-09  0.49399769E-09
  0.49100000E+01  0.23935484E-09  0.49354813E-09
  0.49200000E+01  0.22819317E-09  0.49290366E-09
  0.49300000E+01  0.21708788E-09  0.49206530E-09
  0.49400000E+01  0.20604308E-09  0.49103406E-09
  0.49500000E+01  0.19506285E-09  0.48981082E-09
  0.49600000E+01  0.18415129E-09  0.48839688E-09
  0.49700000E+01  0.17331246E-09  0.48679357E-09
  0.49800000E+01  0.16255040E-09  0.48500205E-09
  0.49900000E+01  0.15186912E-09  0.48302390E-09
  0.50000000E+01  0.14127263E-09  0.48086074E-09
  0.50100000E+01  0.13076486E-09  0.47851400E-09
  0.50200000E+01  0.12034973E-09  0.47598554E-09
  0.50300000E+01  0.11003111E-09  0.47327723E-09
  0.50400000E+01  0.99812840E-10  0.47039078E-09
  0.50500000E+01  0.89698690E-10  0.46732827E-09
  0.50600000E+01  0.79692394E-10  0.46409185E-09
  0.50700000E+01  0.69797626E-10  0.46068348E-09
  0.50800000E+01  0.60018008E-10  0.45710545E-09
  0.50900000E+01  0.50357101E-10  0.45336016E-09
  0.51000000E+01  0.40818405E-10  0.44944978E-09
  0.51100000E+01  0.31405357E-10  0.44537683E-09
  0.51200000E+01  0.22121330E-10  0.44114393E-09
  0.51300000E+01  0.12969626E-10  0.43675346E-09
  0.51400000E+01  0.39534803E-11  0.43220812E-09
  0.51500000E+01 -0.49239428E-11  0.42751074E-09
  0.51600000E+01 -0.13659553E-10  0.42266389E-09
  0.51700000E+01 -0.22250334E-10  0.41767045E-09
  0.51800000E+01 -0.30693344E-10  0.41253342E-09
  0.51900000E+01 -0.38985722E-10  0.40725556E-09
  0.52000000E+01 -0.47124681E-10  0.40183990E-09
  0.52100000E+01 -0.55107518E-10  0.39628958E-09
  0.52200000E+01 -0.62931606E-10  0.39060756E-09
  0.52300000E+01 -0.70594405E-10  0.38479696E-09
  0.52400000E+01 -0.78093453E-10  0.37886110E-09
  0.52500000E+01 -0.85426375E-10  0.37280306E-09
  0.52600000E+01 -0.92590879E-10  0.36662609E-09
  0.52700000E+01 -0.99584758E-10  0.36033361E-09
  0.52800000E+01 -0.10640589E-09  0.35392884E-09
  0.52900000E+01 -0.11305224E-09  0.34741513E-09
  0.53000000E+01 -0.11952186E-09  0.34079599E-09
  0.53100000E+01 -0.12581289E-09  0.33407477E-09
  0.53200000E+01 -0.13192355E-09  0.32725487E-09
  0.53300000E+01 -0.13785217E-09  0.32033990E-09
  0.53400000E+01 -0.14359713E-09  0.31333330E-09
  0.53500000E+01 -0.14915694E-09  0.30623853E-09
  0.53600000E+01 -0.15453016E-09  0.29905927E-09
  0.53700000E+01 -0.15971547E-09  0.29179901E-09
  0.53800000E+01 -0.16471162E-09  0.28446129E-09
  0.53900000E+01 -0.16951746E-09  0.27704980E-09
  0.54000000E+01 -0.17413191E-09  0.26956812E-09
  0.54100000E+01 -0.17855400E-09  0.26201979E-09
  0.54200000E+01 -0.18278283E-09  0.25440854E-09
  0.54300000E+01 -0.18681760E-09  0.24673800E-09
  0.54400000E+01 -0.19065760E-09  0.23901171E-09
  0.54500000E+01 -0.19430218E-09  0.23123342E-09
  0.54600000E+01 -0.19775081E-09  0.22340677E-09
  0.54700000E+01 -0.20100303E-09  0.21553532E-09
  0.54800000E+01 -0.20405846E-09  0.20762279E-09
  0.54900000E+01 -0.20691683E-09  0.19967285E-09
  0.55000000E+01 -0.20957793E-09  0.19168903E-09
  0.55100000E+01 -0.21204163E-09  0.18367504E-09
  0.55200000E+01 -0.21430792E-09  0.17563452E-09
  0.55300000E+01 -0.21637682E-09  0.16757100E-09
  0.55400000E+01 -0.21824849E-09  0.15948814E-09
  0.55500000E+01 -0.21992313E-09  0.15138954E-09
  0.55600000E+01 -0.22140103E-09  0.14327874E-09
  0.55700000E+01 -0.22268256E-09  0.13515929E-09
  0.55800000E+01 -0.22376819E-09  0.12703478E-09
  0.55900000E+01 -0.22465843E-09  0.11890870E-09
  0.56000000E+01 -0.22535391E-09  0.11078454E-09
  0.56100000E+01 -0.22585530E-09  0.10266582E-09
  0.56200000E+01 -0.22616338E-09  0.94555983E-10
  0.56300000E+01 -0.22627896E-09  0.86458431E-10
  0.56400000E+01 -0.22620297E-09  0.78376622E-10
  0.56500000E+01 -0.22593639E-09  0.70313927E-10
  0.56600000E+01 -0.22548028E-09  0.62273663E-10
  0.56700000E+01 -0.22483575E-09  0.54259196E-10
  0.56800000E+01 -0.22400401E-09  0.46273827E-10
  0.56900000E+01 -0.22298633E-09  0.38320776E-10
  0.57000000E+01 -0.22178404E-09  0.30403299E-10
  0.57100000E+01 -0.22039853E-09  0.22524621E-10
  0.57200000E+01 -0.21883127E-09  0.14687855E-10
  0.57300000E+01 -0.21708380E-09  0.68961370E-11
  0.57400000E+01 -0.21515771E-09 -0.84739688E-12
  0.57500000E+01 -0.21305466E-09 -0.85397455E-11
  0.57600000E+01 -0.21077636E-09 -0.16177905E-10
  0.57700000E+01 -0.20832458E-09 -0.23758839E-10
  0.57800000E+01 -0.20570118E-09 -0.31279662E-10
  0.57900000E+01 -0.20290803E-09 -0.38737513E-10
  0.58000000E+01 -0.19994710E-09 -0.46129468E-10
  0.58100000E+01 -0.19682038E-09 -0.53452759E-10
  0.58200000E+01 -0.19352994E-09 -0.60704678E-10
  0.58300000E+01 -0.19007789E-09 -0.67882425E-10
  0.58400000E+01 -0.18646639E-09 -0.74983350E-10
  0.58500000E+01 -0.18269765E-09 -0.82004907E-10
  0.58600000E+01 -0.17877394E-09 -0.88944432E-10
  0.58700000E+01 -0.17469756E-09 -0.95799395E-10
  0.58800000E+01 -0.17047088E-09 -0.10256742E-09
  0.58900000E+01 -0.16609630E-09 -0.10924598E-09
  0.59000000E+01 -0.16157625E-09 -0.11583268E-09
  0.59100000E+01 -0.15691324E-09 -0.12232531E-09
  0.59200000E+01 -0.15210978E-09 -0.12872151E-09
  0.59300000E+01 -0.14716844E-09 -0.13501899E-09
  0.59400000E+01 -0.14209184E-09 -0.14121573E-09
  0.59500000E+01 -0.13688261E-09 -0.14730953E-09
  0.59600000E+01 -0.13154344E-09 -0.15329824E-09
  0.59700000E+01 -0.12607704E-09 -0.15917999E-09
  0.59800000E+01 -0.12048616E-09 -0.16495278E-09
  0.59900000E+01 -0.11477358E-09 -0.17061458E-09
  0.60000000E+01 -0.10894210E-09 -0.17616370E-09
