  0.20000000E+00  0.19211335E+03 -0.10448771E+02
  0.21000000E+00  0.19215815E+03 -0.10676356E+02
  0.22000000E+00  0.19220510E+03 -0.10913651E+02
  0.23000000E+00  0.19225426E+03 -0.11159752E+02
  0.24000000E+00  0.19230561E+03 -0.11413835E+02
  0.25000000E+00  0.19235918E+03 -0.11675249E+02
  0.26000000E+00  0.19241496E+03 -0.11943253E+02
  0.27000000E+00  0.19247296E+03 -0.12217373E+02
  0.28000000E+00  0.19253318E+03 -0.12497011E+02
  0.29000000E+00  0.19259563E+03 -0.12781740E+02
  0.30000000E+00  0.19266030E+03 -0.13071172E+02
  0.31000000E+00  0.19272721E+03 -0.13364846E+02
  0.32000000E+00  0.19279635E+03 -0.13662564E+02
  0.33000000E+00  0.19286773E+03 -0.13963872E+02
  0.34000000E+00  0.19294136E+03 -0.14268637E+02
  0.35000000E+00  0.19301724E+03 -0.14576527E+02
  0.36000000E+00  0.19309537E+03 -0.14887337E+02
  0.37000000E+00  0.19317576E+03 -0.15200931E+02
  0.38000000E+00  0.19325841E+03 -0.15516999E+02
  0.39000000E+00  0.19334333E+03 -0.15835541E+02
  0.40000000E+00  0.19343052E+03 -0.16156249E+02
  0.41000000E+00  0.19351999E+03 -0.16479101E+02
  0.42000000E+00  0.19361175E+03 -0.16803929E+02
  0.43000000E+00  0.19370579E+03 -0.17130588E+02
  0.44000000E+00  0.19380213E+03 -0.17459067E+02
  0.45000000E+00  0.19390077E+03 -0.17789148E+02
  0.46000000E+00  0.19400172E+03 -0.18120857E+02
  0.47000000E+00  0.19410497E+03 -0.18454046E+02
  0.48000000E+00  0.19421055E+03 -0.18788645E+02
  0.49000000E+00  0.19431845E+03 -0.19124644E+02
  0.50000000E+00  0.19442868E+03 -0.19461884E+02
  0.51000000E+00  0.19454125E+03 -0.19800407E+02
  0.52000000E+00  0.19465617E+03 -0.20140096E+02
  0.53000000E+00  0.19477343E+03 -0.20480901E+02
  0.54000000E+00  0.19489305E+03 -0.20822848E+02
  0.55000000E+00  0.19501504E+03 -0.21165770E+02
  0.56000000E+00  0.19513940E+03 -0.21509771E+02
  0.57000000E+00  0.19526614E+03 -0.21854696E+02
  0.58000000E+00  0.19539527E+03 -0.22200568E+02
  0.59000000E+00  0.19552679E+03 -0.22547380E+02
  0.60000000E+00  0.19566072E+03 -0.22895004E+02
  0.61000000E+00  0.19579705E+03 -0.23243555E+02
  0.62000000E+00  0.19593580E+03 -0.23592869E+02
  0.63000000E+00  0.19607698E+03 -0.23943013E+02
  0.64000000E+00  0.19622060E+03 -0.24293951E+02
  0.65000000E+00  0.19636666E+03 -0.24645600E+02
  0.66000000E+00  0.19651517E+03 -0.24998053E+02
  0.67000000E+00  0.19666614E+03 -0.25351177E+02
  0.68000000E+00  0.19681958E+03 -0.25705026E+02
  0.69000000E+00  0.19697550E+03 -0.26059589E+02
  0.70000000E+00  0.19713390E+03 -0.26414769E+02
  0.71000000E+00  0.19729481E+03 -0.26770688E+02
  0.72000000E+00  0.19745822E+03 -0.27127192E+02
  0.73000000E+00  0.19762414E+03 -0.27484366E+02
  0.74000000E+00  0.19779259E+03 -0.27842183E+02
  0.75000000E+00  0.19796358E+03 -0.28200562E+02
  0.76000000E+00  0.19813711E+03 -0.28559624E+02
  0.77000000E+00  0.19831320E+03 -0.28919219E+02
  0.78000000E+00  0.19849186E+03 -0.29279437E+02
  0.79000000E+00  0.19867309E+03 -0.29640253E+02
  0.80000000E+00  0.19885691E+03 -0.30001589E+02
  0.81000000E+00  0.19904332E+03 -0.30363567E+02
  0.82000000E+00  0.19923235E+03 -0.30726049E+02
  0.83000000E+00  0.19942399E+03 -0.31089108E+02
  0.84000000E+00  0.19961827E+03 -0.31452749E+02
  0.85000000E+00  0.19981519E+03 -0.31816866E+02
  0.86000000E+00  0.20001476E+03 -0.32181609E+02
  0.87000000E+00  0.20021700E+03 -0.32546826E+02
  0.88000000E+00  0.20042191E+03 -0.32912596E+02
  0.89000000E+00  0.20062952E+03 -0.33278928E+02
  0.90000000E+00  0.20083982E+03 -0.33645718E+02
  0.91000000E+00  0.20105285E+03 -0.34013107E+02
  0.92000000E+00  0.20126859E+03 -0.34380969E+02
  0.93000000E+00  0.20148708E+03 -0.34749347E+02
  0.94000000E+00  0.20170832E+03 -0.35118294E+02
  0.95000000E+00  0.20193232E+03 -0.35487672E+02
  0.96000000E+00  0.20215910E+03 -0.35857640E+02
  0.97000000E+00  0.20238867E+03 -0.36228079E+02
  0.98000000E+00  0.20262105E+03 -0.36599010E+02
  0.99000000E+00  0.20285624E+03 -0.36970512E+02
  0.10000000E+01  0.20309427E+03 -0.37342438E+02
  0.10100000E+01  0.20333515E+03 -0.37714932E+02
  0.10200000E+01  0.20357888E+03 -0.38087916E+02
  0.10300000E+01  0.20382549E+03 -0.38461361E+02
  0.10400000E+01  0.20407499E+03 -0.38835391E+02
  0.10500000E+01  0.20432739E+03 -0.39209839E+02
  0.10600000E+01  0.20458271E+03 -0.39584837E+02
  0.10700000E+01  0.20484096E+03 -0.39960348E+02
  0.10800000E+01  0.20510217E+03 -0.40336297E+02
  0.10900000E+01  0.20536634E+03 -0.40712835E+02
  0.11000000E+01  0.20563349E+03 -0.41089807E+02
  0.11100000E+01  0.20590363E+03 -0.41467298E+02
  0.11200000E+01  0.20617679E+03 -0.41845338E+02
  0.11300000E+01  0.20645298E+03 -0.42223794E+02
  0.11400000E+01  0.20673221E+03 -0.42602842E+02
  0.11500000E+01  0.20701450E+03 -0.42982349E+02
  0.11600000E+01  0.20729987E+03 -0.43362343E+02
  0.11700000E+01  0.20758834E+03 -0.43742917E+02
  0.11800000E+01  0.20787992E+03 -0.44123907E+02
  0.11900000E+01  0.20817463E+03 -0.44505470E+02
  0.12000000E+01  0.20847249E+03 -0.44887538E+02
  0.12100000E+01  0.20877351E+03 -0.45270058E+02
  0.12200000E+01  0.20907772E+03 -0.45653184E+02
  0.12300000E+01  0.20938513E+03 -0.46036741E+02
  0.12400000E+01  0.20969576E+03 -0.46420843E+02
  0.12500000E+01  0.21000963E+03 -0.46805500E+02
  0.12600000E+01  0.21032676E+03 -0.47190587E+02
  0.12700000E+01  0.21064717E+03 -0.47576285E+02
  0.12800000E+01  0.21097088E+03 -0.47962457E+02
  0.12900000E+01  0.21129790E+03 -0.48349130E+02
  0.13000000E+01  0.21162827E+03 -0.48736409E+02
  0.13100000E+01  0.21196199E+03 -0.49124117E+02
  0.13200000E+01  0.21229909E+03 -0.49512417E+02
  0.13300000E+01  0.21263959E+03 -0.49901253E+02
  0.13400000E+01  0.21298351E+03 -0.50290549E+02
  0.13500000E+01  0.21333087E+03 -0.50680483E+02
  0.13600000E+01  0.21368170E+03 -0.51070877E+02
  0.13700000E+01  0.21403601E+03 -0.51461820E+02
  0.13800000E+01  0.21439383E+03 -0.51853368E+02
  0.13900000E+01  0.21475518E+03 -0.52245358E+02
  0.14000000E+01  0.21512009E+03 -0.52637981E+02
  0.14100000E+01  0.21548857E+03 -0.53031131E+02
  0.14200000E+01  0.21586065E+03 -0.53424777E+02
  0.14300000E+01  0.21623635E+03 -0.53819081E+02
  0.14400000E+01  0.21661570E+03 -0.54213847E+02
  0.14500000E+01  0.21699873E+03 -0.54609205E+02
  0.14600000E+01  0.21738545E+03 -0.55005175E+02
  0.14700000E+01  0.21777589E+03 -0.55401606E+02
  0.14800000E+01  0.21817008E+03 -0.55798706E+02
  0.14900000E+01  0.21856805E+03 -0.56196337E+02
  0.15000000E+01  0.21896981E+03 -0.56594499E+02
  0.15100000E+01  0.21937539E+03 -0.56993341E+02
  0.15200000E+01  0.21978483E+03 -0.57392659E+02
  0.15300000E+01  0.22019815E+03 -0.57792606E+02
  0.15400000E+01  0.22061538E+03 -0.58193180E+02
  0.15500000E+01  0.22103654E+03 -0.58594241E+02
  0.15600000E+01  0.22146166E+03 -0.58996002E+02
  0.15700000E+01  0.22189078E+03 -0.59398312E+02
  0.15800000E+01  0.22232391E+03 -0.59801182E+02
  0.15900000E+01  0.22276110E+03 -0.60204763E+02
  0.16000000E+01  0.22320237E+03 -0.60608839E+02
  0.16100000E+01  0.22364775E+03 -0.61013577E+02
  0.16200000E+01  0.22409727E+03 -0.61418971E+02
  0.16300000E+01  0.22455096E+03 -0.61824874E+02
  0.16400000E+01  0.22500885E+03 -0.62231512E+02
  0.16500000E+01  0.22547099E+03 -0.62638728E+02
  0.16600000E+01  0.22593739E+03 -0.63046528E+02
  0.16700000E+01  0.22640810E+03 -0.63455076E+02
  0.16800000E+01  0.22688314E+03 -0.63864149E+02
  0.16900000E+01  0.22736255E+03 -0.64273906E+02
  0.17000000E+01  0.22784637E+03 -0.64684365E+02
  0.17100000E+01  0.22833463E+03 -0.65095355E+02
  0.17200000E+01  0.22882736E+03 -0.65507110E+02
  0.17300000E+01  0.22932461E+03 -0.65919491E+02
  0.17400000E+01  0.22982640E+03 -0.66332470E+02
  0.17500000E+01  0.23033279E+03 -0.66746242E+02
  0.17600000E+01  0.23084379E+03 -0.67160579E+02
  0.17700000E+01  0.23135946E+03 -0.67575614E+02
  0.17800000E+01  0.23187983E+03 -0.67991409E+02
  0.17900000E+01  0.23240495E+03 -0.68407760E+02
  0.18000000E+01  0.23293484E+03 -0.68824902E+02
  0.18100000E+01  0.23346956E+03 -0.69242734E+02
  0.18200000E+01  0.23400915E+03 -0.69661172E+02
  0.18300000E+01  0.23455364E+03 -0.70080450E+02
  0.18400000E+01  0.23510308E+03 -0.70500348E+02
  0.18500000E+01  0.23565752E+03 -0.70920948E+02
  0.18600000E+01  0.23621700E+03 -0.71342376E+02
  0.18700000E+01  0.23678156E+03 -0.71764394E+02
  0.18800000E+01  0.23735125E+03 -0.72187216E+02
  0.18900000E+01  0.23792612E+03 -0.72610809E+02
  0.19000000E+01  0.23850621E+03 -0.73035018E+02
  0.19100000E+01  0.23909157E+03 -0.73460104E+02
  0.19200000E+01  0.23968226E+03 -0.73885888E+02
  0.19300000E+01  0.24027832E+03 -0.74312365E+02
  0.19400000E+01  0.24087980E+03 -0.74739740E+02
  0.19500000E+01  0.24148675E+03 -0.75167761E+02
  0.19600000E+01  0.24209924E+03 -0.75596577E+02
  0.19700000E+01  0.24271730E+03 -0.76026260E+02
  0.19800000E+01  0.24334100E+03 -0.76456580E+02
  0.19900000E+01  0.24397038E+03 -0.76887791E+02
  0.20000000E+01  0.24460551E+03 -0.77319804E+02
  0.20100000E+01  0.24524645E+03 -0.77752498E+02
  0.20200000E+01  0.24589325E+03 -0.78186143E+02
  0.20300000E+01  0.24654597E+03 -0.78620520E+02
  0.20400000E+01  0.24720466E+03 -0.79055665E+02
  0.20500000E+01  0.24786941E+03 -0.79491770E+02
  0.20600000E+01  0.24854025E+03 -0.79928562E+02
  0.20700000E+01  0.24921727E+03 -0.80366226E+02
  0.20800000E+01  0.24990052E+03 -0.80804811E+02
  0.20900000E+01  0.25059007E+03 -0.81244083E+02
  0.21000000E+01  0.25128598E+03 -0.81684319E+02
  0.21100000E+01  0.25198833E+03 -0.82125408E+02
  0.21200000E+01  0.25269718E+03 -0.82567233E+02
  0.21300000E+01  0.25341261E+03 -0.83010079E+02
  0.21400000E+01  0.25413468E+03 -0.83453706E+02
  0.21500000E+01  0.25486348E+03 -0.83898157E+02
  0.21600000E+01  0.25559907E+03 -0.84343635E+02
  0.21700000E+01  0.25634153E+03 -0.84789849E+02
  0.21800000E+01  0.25709095E+03 -0.85236988E+02
  0.21900000E+01  0.25784739E+03 -0.85685117E+02
  0.22000000E+01  0.25861094E+03 -0.86133975E+02
  0.22100000E+01  0.25938168E+03 -0.86583851E+02
  0.22200000E+01  0.26015969E+03 -0.87034649E+02
  0.22300000E+01  0.26094506E+03 -0.87486215E+02
  0.22400000E+01  0.26173788E+03 -0.87938860E+02
  0.22500000E+01  0.26253824E+03 -0.88392351E+02
  0.22600000E+01  0.26334622E+03 -0.88846687E+02
  0.22700000E+01  0.26416191E+03 -0.89302118E+02
  0.22800000E+01  0.26498542E+03 -0.89758335E+02
  0.22900000E+01  0.26581683E+03 -0.90215492E+02
  0.23000000E+01  0.26665624E+03 -0.90673716E+02
  0.23100000E+01  0.26750375E+03 -0.91132698E+02
  0.23200000E+01  0.26835947E+03 -0.91592715E+02
  0.23300000E+01  0.26922349E+03 -0.92053734E+02
  0.23400000E+01  0.27009592E+03 -0.92515524E+02
  0.23500000E+01  0.27097687E+03 -0.92978420E+02
  0.23600000E+01  0.27186644E+03 -0.93442235E+02
  0.23700000E+01  0.27276475E+03 -0.93906872E+02
  0.23800000E+01  0.27367191E+03 -0.94372648E+02
  0.23900000E+01  0.27458804E+03 -0.94839264E+02
  0.24000000E+01  0.27551325E+03 -0.95306777E+02
  0.24100000E+01  0.27644766E+03 -0.95775420E+02
  0.24200000E+01  0.27739140E+03 -0.96244840E+02
  0.24300000E+01  0.27834458E+03 -0.96715245E+02
  0.24400000E+01  0.27930735E+03 -0.97186728E+02
  0.24500000E+01  0.28027982E+03 -0.97658955E+02
  0.24600000E+01  0.28126213E+03 -0.98132247E+02
  0.24700000E+01  0.28225441E+03 -0.98606533E+02
  0.24800000E+01  0.28325680E+03 -0.99081567E+02
  0.24900000E+01  0.28426945E+03 -0.99557718E+02
  0.25000000E+01  0.28529249E+03 -0.10003476E+03
  0.25100000E+01  0.28632607E+03 -0.10051259E+03
  0.25200000E+01  0.28737034E+03 -0.10099155E+03
  0.25300000E+01  0.28842545E+03 -0.10147131E+03
  0.25400000E+01  0.28949156E+03 -0.10195190E+03
  0.25500000E+01  0.29056882E+03 -0.10243361E+03
  0.25600000E+01  0.29165740E+03 -0.10291601E+03
  0.25700000E+01  0.29275745E+03 -0.10339932E+03
  0.25800000E+01  0.29386915E+03 -0.10388367E+03
  0.25900000E+01  0.29499267E+03 -0.10436866E+03
  0.26000000E+01  0.29612818E+03 -0.10485462E+03
  0.26100000E+01  0.29727586E+03 -0.10534151E+03
  0.26200000E+01  0.29843589E+03 -0.10582900E+03
  0.26300000E+01  0.29960846E+03 -0.10631749E+03
  0.26400000E+01  0.30079375E+03 -0.10680679E+03
  0.26500000E+01  0.30199197E+03 -0.10729669E+03
  0.26600000E+01  0.30320329E+03 -0.10778759E+03
  0.26700000E+01  0.30442794E+03 -0.10827915E+03
  0.26800000E+01  0.30566610E+03 -0.10877133E+03
  0.26900000E+01  0.30691800E+03 -0.10926447E+03
  0.27000000E+01  0.30818384E+03 -0.10975814E+03
  0.27100000E+01  0.30946384E+03 -0.11025244E+03
  0.27200000E+01  0.31075823E+03 -0.11074763E+03
  0.27300000E+01  0.31206723E+03 -0.11124322E+03
  0.27400000E+01  0.31339107E+03 -0.11173947E+03
  0.27500000E+01  0.31472999E+03 -0.11223648E+03
  0.27600000E+01  0.31608424E+03 -0.11273378E+03
  0.27700000E+01  0.31745406E+03 -0.11323175E+03
  0.27800000E+01  0.31883970E+03 -0.11373032E+03
  0.27900000E+01  0.32024142E+03 -0.11422910E+03
  0.28000000E+01  0.32165948E+03 -0.11472854E+03
  0.28100000E+01  0.32309416E+03 -0.11522839E+03
  0.28200000E+01  0.32454573E+03 -0.11572837E+03
  0.28300000E+01  0.32601446E+03 -0.11622898E+03
  0.28400000E+01  0.32750065E+03 -0.11672979E+03
  0.28500000E+01  0.32900459E+03 -0.11723069E+03
  0.28600000E+01  0.33052658E+03 -0.11773212E+03
  0.28700000E+01  0.33206693E+03 -0.11823354E+03
  0.28800000E+01  0.33362595E+03 -0.11873500E+03
  0.28900000E+01  0.33520396E+03 -0.11923687E+03
  0.29000000E+01  0.33680130E+03 -0.11973851E+03
  0.29100000E+01  0.33841829E+03 -0.12024016E+03
  0.29200000E+01  0.34005529E+03 -0.12074204E+03
  0.29300000E+01  0.34171264E+03 -0.12124348E+03
  0.29400000E+01  0.34339072E+03 -0.12174489E+03
  0.29500000E+01  0.34508988E+03 -0.12224630E+03
  0.29600000E+01  0.34681050E+03 -0.12274707E+03
  0.29700000E+01  0.34855299E+03 -0.12324776E+03
  0.29800000E+01  0.35031772E+03 -0.12374818E+03
  0.29900000E+01  0.35210513E+03 -0.12424778E+03
  0.30000000E+01  0.35391561E+03 -0.12474721E+03
  0.30100000E+01  0.35574961E+03 -0.12524608E+03
  0.30200000E+01  0.35760757E+03 -0.12574395E+03
  0.30300000E+01  0.35948994E+03 -0.12624155E+03
  0.30400000E+01  0.36139719E+03 -0.12673823E+03
  0.30500000E+01  0.36332980E+03 -0.12723378E+03
  0.30600000E+01  0.36528825E+03 -0.12772888E+03
  0.30700000E+01  0.36727307E+03 -0.12822270E+03
  0.30800000E+01  0.36928477E+03 -0.12871527E+03
  0.30900000E+01  0.37132390E+03 -0.12920718E+03
  0.31000000E+01  0.37339100E+03 -0.12969740E+03
  0.31100000E+01  0.37548665E+03 -0.13018626E+03
  0.31200000E+01  0.37761143E+03 -0.13067420E+03
  0.31300000E+01  0.37976597E+03 -0.13116001E+03
  0.31400000E+01  0.38195088E+03 -0.13164441E+03
  0.31500000E+01  0.38416681E+03 -0.13212748E+03
  0.31600000E+01  0.38641444E+03 -0.13260802E+03
  0.31700000E+01  0.38869447E+03 -0.13308710E+03
  0.31800000E+01  0.39100760E+03 -0.13356433E+03
  0.31900000E+01  0.39335460E+03 -0.13403867E+03
  0.32000000E+01  0.39573621E+03 -0.13451147E+03
  0.32100000E+01  0.39815326E+03 -0.13498175E+03
  0.32200000E+01  0.40060656E+03 -0.13544890E+03
  0.32300000E+01  0.40309698E+03 -0.13591431E+03
  0.32400000E+01  0.40562542E+03 -0.13637642E+03
  0.32500000E+01  0.40819280E+03 -0.13683531E+03
  0.32600000E+01  0.41080010E+03 -0.13729201E+03
  0.32700000E+01  0.41344832E+03 -0.13774462E+03
  0.32800000E+01  0.41613852E+03 -0.13819403E+03
  0.32900000E+01  0.41887179E+03 -0.13864043E+03
  0.33000000E+01  0.42164928E+03 -0.13908217E+03
  0.33100000E+01  0.42447217E+03 -0.13952054E+03
  0.33200000E+01  0.42734172E+03 -0.13995486E+03
  0.33300000E+01  0.43025923E+03 -0.14038420E+03
  0.33400000E+01  0.43322606E+03 -0.14080954E+03
  0.33500000E+01  0.43624365E+03 -0.14122988E+03
  0.33600000E+01  0.43931349E+03 -0.14164485E+03
  0.33700000E+01  0.44243714E+03 -0.14205483E+03
  0.33800000E+01  0.44561625E+03 -0.14245905E+03
  0.33900000E+01  0.44885256E+03 -0.14285704E+03
  0.34000000E+01  0.45214788E+03 -0.14324908E+03
  0.34100000E+01  0.45550412E+03 -0.14363436E+03
  0.34200000E+01  0.45892329E+03 -0.14401231E+03
  0.34300000E+01  0.46240750E+03 -0.14438323E+03
  0.34400000E+01  0.46595898E+03 -0.14474600E+03
  0.34500000E+01  0.46958009E+03 -0.14510023E+03
  0.34600000E+01  0.47327330E+03 -0.14544590E+03
  0.34700000E+01  0.47704123E+03 -0.14578185E+03
  0.34800000E+01  0.48088666E+03 -0.14610760E+03
  0.34900000E+01  0.48481250E+03 -0.14642292E+03
  0.35000000E+01  0.48882186E+03 -0.14672647E+03
  0.35100000E+01  0.49291801E+03 -0.14701771E+03
  0.35200000E+01  0.49710444E+03 -0.14729611E+03
  0.35300000E+01  0.50138484E+03 -0.14756014E+03
  0.35400000E+01  0.50576312E+03 -0.14780910E+03
  0.35500000E+01  0.51024345E+03 -0.14804210E+03
  0.35600000E+01  0.51483025E+03 -0.14825737E+03
  0.35700000E+01  0.51952825E+03 -0.14845393E+03
  0.35800000E+01  0.52434247E+03 -0.14863046E+03
  0.35900000E+01  0.52927827E+03 -0.14878486E+03
  0.36000000E+01  0.53434137E+03 -0.14891575E+03
  0.36100000E+01  0.53953791E+03 -0.14902126E+03
  0.36200000E+01  0.54487443E+03 -0.14909880E+03
  0.36300000E+01  0.55035797E+03 -0.14914645E+03
  0.36400000E+01  0.55599605E+03 -0.14916160E+03
  0.36500000E+01  0.56179680E+03 -0.14914099E+03
  0.36600000E+01  0.56776892E+03 -0.14908189E+03
  0.36700000E+01  0.57392185E+03 -0.14898074E+03
  0.36800000E+01  0.58026574E+03 -0.14883330E+03
  0.36900000E+01  0.58681158E+03 -0.14863571E+03
  0.37000000E+01  0.59357133E+03 -0.14838306E+03
  0.37100000E+01  0.60055795E+03 -0.14806972E+03
  0.37200000E+01  0.60778557E+03 -0.14769017E+03
  0.37300000E+01  0.61526964E+03 -0.14723760E+03
  0.37400000E+01  0.62302709E+03 -0.14670429E+03
  0.37500000E+01  0.63107652E+03 -0.14608232E+03
  0.37600000E+01  0.63943844E+03 -0.14536203E+03
  0.37700000E+01  0.64813559E+03 -0.14453256E+03
  0.37800000E+01  0.65719324E+03 -0.14358229E+03
  0.37900000E+01  0.66663962E+03 -0.14249723E+03
  0.38000000E+01  0.67650644E+03 -0.14126159E+03
  0.38100000E+01  0.68682953E+03 -0.13985785E+03
  0.38200000E+01  0.69764964E+03 -0.13826511E+03
  0.38300000E+01  0.70901348E+03 -0.13645946E+03
  0.38400000E+01  0.72097504E+03 -0.13441363E+03
  0.38500000E+01  0.73359743E+03 -0.13209503E+03
  0.38600000E+01  0.74695528E+03 -0.12946569E+03
  0.38700000E+01  0.76113828E+03 -0.12648119E+03
  0.38800000E+01  0.77625610E+03 -0.12308799E+03
  0.38900000E+01  0.79244575E+03 -0.11922231E+03
  0.39000000E+01  0.80988211E+03 -0.11480762E+03
  0.39100000E+01  0.82879258E+03 -0.10975018E+03
  0.39200000E+01  0.84947566E+03 -0.10393561E+03
  0.39300000E+01  0.87232081E+03 -0.97223094E+02
  0.39400000E+01  0.89782155E+03 -0.89436877E+02
  0.39500000E+01  0.92656699E+03 -0.80357584E+02
  0.39600000E+01  0.95918886E+03 -0.69709822E+02
  0.39700000E+01  0.99623909E+03 -0.57146388E+02
  0.39800000E+01  0.10379820E+04 -0.42232863E+02
  0.39900000E+01  0.10841138E+04 -0.24433141E+02
  0.40000000E+01  0.11334646E+04 -0.31061324E+01
  0.40100000E+01  0.11837876E+04  0.22462803E+02
  0.40200000E+01  0.12317570E+04  0.52960376E+02
  0.40300000E+01  0.12732725E+04  0.88821631E+02
  0.40400000E+01  0.13040760E+04  0.12986108E+03
  0.40500000E+01  0.13205630E+04  0.17488030E+03
  0.40600000E+01  0.13205684E+04  0.22158244E+03
  0.40700000E+01  0.13038752E+04  0.26709876E+03
  0.40800000E+01  0.12722715E+04  0.30892246E+03
  0.40900000E+01  0.12291359E+04  0.34558482E+03
  0.41000000E+01  0.11786931E+04  0.37670333E+03
  0.41100000E+01  0.11251825E+04  0.40262437E+03
  0.41200000E+01  0.10721761E+04  0.42402626E+03
  0.41300000E+01  0.10221959E+04  0.44165415E+03
  0.41400000E+01  0.97664881E+03  0.45619199E+03
  0.41500000E+01  0.93600296E+03  0.46821921E+03
  0.41600000E+01  0.90007888E+03  0.47820706E+03
  0.41700000E+01  0.86834533E+03  0.48653223E+03
  0.41800000E+01  0.84015006E+03  0.49349438E+03
  0.41900000E+01  0.81486388E+03  0.49933106E+03
  0.42000000E+01  0.79194888E+03  0.50423157E+03
  0.42100000E+01  0.77097538E+03  0.50834808E+03
  0.42200000E+01  0.75161188E+03  0.51180294E+03
  0.42300000E+01  0.73360536E+03  0.51469559E+03
  0.42400000E+01  0.71676150E+03  0.51710784E+03
  0.42500000E+01  0.70092854E+03  0.51910673E+03
  0.42600000E+01  0.68598550E+03  0.52074796E+03
  0.42700000E+01  0.67183390E+03  0.52207847E+03
  0.42800000E+01  0.65839210E+03  0.52313735E+03
  0.42900000E+01  0.64559139E+03  0.52395771E+03
  0.43000000E+01  0.63337320E+03  0.52456815E+03
  0.43100000E+01  0.62168709E+03  0.52499273E+03
  0.43200000E+01  0.61048922E+03  0.52525216E+03
  0.43300000E+01  0.59974119E+03  0.52536478E+03
  0.43400000E+01  0.58940919E+03  0.52534606E+03
  0.43500000E+01  0.57946318E+03  0.52520957E+03
  0.43600000E+01  0.56987644E+03  0.52496755E+03
  0.43700000E+01  0.56062499E+03  0.52463037E+03
  0.43800000E+01  0.55168727E+03  0.52420721E+03
  0.43900000E+01  0.54304379E+03  0.52370658E+03
  0.44000000E+01  0.53467691E+03  0.52313562E+03
  0.44100000E+01  0.52657055E+03  0.52250074E+03
  0.44200000E+01  0.51871003E+03  0.52180806E+03
  0.44300000E+01  0.51108193E+03  0.52106262E+03
  0.44400000E+01  0.50367391E+03  0.52026901E+03
  0.44500000E+01  0.49647464E+03  0.51943174E+03
  0.44600000E+01  0.48947363E+03  0.51855447E+03
  0.44700000E+01  0.48266121E+03  0.51764054E+03
  0.44800000E+01  0.47602841E+03  0.51669337E+03
  0.44900000E+01  0.46956688E+03  0.51571564E+03
  0.45000000E+01  0.46326887E+03  0.51470984E+03
  0.45100000E+01  0.45712716E+03  0.51367862E+03
  0.45200000E+01  0.45113500E+03  0.51262398E+03
  0.45300000E+01  0.44528607E+03  0.51154780E+03
  0.45400000E+01  0.43957445E+03  0.51045216E+03
  0.45500000E+01  0.43399460E+03  0.50933857E+03
  0.45600000E+01  0.42854131E+03  0.50820847E+03
  0.45700000E+01  0.42320967E+03  0.50706353E+03
  0.45800000E+01  0.41799505E+03  0.50590491E+03
  0.45900000E+01  0.41289310E+03  0.50473371E+03
  0.46000000E+01  0.40789971E+03  0.50355128E+03
  0.46100000E+01  0.40301097E+03  0.50235854E+03
  0.46200000E+01  0.39822321E+03  0.50115630E+03
  0.46300000E+01  0.39353294E+03  0.49994573E+03
  0.46400000E+01  0.38893684E+03  0.49872750E+03
  0.46500000E+01  0.38443178E+03  0.49750226E+03
  0.46600000E+01  0.38001476E+03  0.49627098E+03
  0.46700000E+01  0.37568294E+03  0.49503420E+03
  0.46800000E+01  0.37143363E+03  0.49379240E+03
  0.46900000E+01  0.36726423E+03  0.49254641E+03
  0.47000000E+01  0.36317230E+03  0.49129666E+03
  0.47100000E+01  0.35915548E+03  0.49004350E+03
  0.47200000E+01  0.35521154E+03  0.48878767E+03
  0.47300000E+01  0.35133834E+03  0.48752948E+03
  0.47400000E+01  0.34753383E+03  0.48626922E+03
  0.47500000E+01  0.34379604E+03  0.48500751E+03
  0.47600000E+01  0.34012310E+03  0.48374462E+03
  0.47700000E+01  0.33651322E+03  0.48248073E+03
  0.47800000E+01  0.33296465E+03  0.48121640E+03
  0.47900000E+01  0.32947576E+03  0.47995185E+03
  0.48000000E+01  0.32604494E+03  0.47868720E+03
  0.48100000E+01  0.32267067E+03  0.47742294E+03
  0.48200000E+01  0.31935148E+03  0.47615925E+03
  0.48300000E+01  0.31608596E+03  0.47489621E+03
  0.48400000E+01  0.31287275E+03  0.47363425E+03
  0.48500000E+01  0.30971053E+03  0.47237353E+03
  0.48600000E+01  0.30659806E+03  0.47111406E+03
  0.48700000E+01  0.30353410E+03  0.46985624E+03
  0.48800000E+01  0.30051750E+03  0.46860022E+03
  0.48900000E+01  0.29754712E+03  0.46734596E+03
  0.49000000E+01  0.29462186E+03  0.46609383E+03
  0.49100000E+01  0.29174069E+03  0.46484394E+03
  0.49200000E+01  0.28890257E+03  0.46359626E+03
  0.49300000E+01  0.28610652E+03  0.46235109E+03
  0.49400000E+01  0.28335160E+03  0.46110856E+03
  0.49500000E+01  0.28063688E+03  0.45986859E+03
  0.49600000E+01  0.27796148E+03  0.45863146E+03
  0.49700000E+01  0.27532453E+03  0.45739729E+03
  0.49800000E+01  0.27272519E+03  0.45616596E+03
  0.49900000E+01  0.27016267E+03  0.45493776E+03
  0.50000000E+01  0.26763618E+03  0.45371279E+03
  0.50100000E+01  0.26514495E+03  0.45249091E+03
  0.50200000E+01  0.26268826E+03  0.45127237E+03
  0.50300000E+01  0.26026539E+03  0.45005729E+03
  0.50400000E+01  0.25787565E+03  0.44884551E+03
  0.50500000E+01  0.25551836E+03  0.44763726E+03
  0.50600000E+01  0.25319288E+03  0.44643264E+03
  0.50700000E+01  0.25089856E+03  0.44523151E+03
  0.50800000E+01  0.24863480E+03  0.44403405E+03
  0.50900000E+01  0.24640099E+03  0.44284037E+03
  0.51000000E+01  0.24419656E+03  0.44165033E+03
  0.51100000E+01  0.24202094E+03  0.44046407E+03
  0.51200000E+01  0.23987357E+03  0.43928174E+03
  0.51300000E+01  0.23775393E+03  0.43810314E+03
  0.51400000E+01  0.23566149E+03  0.43692844E+03
  0.51500000E+01  0.23359575E+03  0.43575775E+03
  0.51600000E+01  0.23155621E+03  0.43459090E+03
  0.51700000E+01  0.22954239E+03  0.43342802E+03
  0.51800000E+01  0.22755382E+03  0.43226923E+03
  0.51900000E+01  0.22559005E+03  0.43111437E+03
  0.52000000E+01  0.22365064E+03  0.42996352E+03
  0.52100000E+01  0.22173514E+03  0.42881684E+03
  0.52200000E+01  0.21984315E+03  0.42767414E+03
  0.52300000E+01  0.21797423E+03  0.42653550E+03
  0.52400000E+01  0.21612801E+03  0.42540107E+03
  0.52500000E+01  0.21430407E+03  0.42427068E+03
  0.52600000E+01  0.21250204E+03  0.42314436E+03
  0.52700000E+01  0.21072155E+03  0.42202230E+03
  0.52800000E+01  0.20896223E+03  0.42090431E+03
  0.52900000E+01  0.20722372E+03  0.41979042E+03
  0.53000000E+01  0.20550568E+03  0.41868080E+03
  0.53100000E+01  0.20380777E+03  0.41757529E+03
  0.53200000E+01  0.20212965E+03  0.41647387E+03
  0.53300000E+01  0.20047101E+03  0.41537674E+03
  0.53400000E+01  0.19883152E+03  0.41428374E+03
  0.53500000E+01  0.19721087E+03  0.41319483E+03
  0.53600000E+01  0.19560877E+03  0.41211021E+03
  0.53700000E+01  0.19402491E+03  0.41102973E+03
  0.53800000E+01  0.19245901E+03  0.40995334E+03
  0.53900000E+01  0.19091077E+03  0.40888123E+03
  0.54000000E+01  0.18937994E+03  0.40781326E+03
  0.54100000E+01  0.18786623E+03  0.40674938E+03
  0.54200000E+01  0.18636938E+03  0.40568975E+03
  0.54300000E+01  0.18488912E+03  0.40463428E+03
  0.54400000E+01  0.18342521E+03  0.40358286E+03
  0.54500000E+01  0.18197739E+03  0.40253568E+03
  0.54600000E+01  0.18054543E+03  0.40149265E+03
  0.54700000E+01  0.17912907E+03  0.40045366E+03
  0.54800000E+01  0.17772810E+03  0.39941888E+03
  0.54900000E+01  0.17634227E+03  0.39838824E+03
  0.55000000E+01  0.17497136E+03  0.39736161E+03
  0.55100000E+01  0.17361516E+03  0.39633915E+03
  0.55200000E+01  0.17227344E+03  0.39532083E+03
  0.55300000E+01  0.17094600E+03  0.39430649E+03
  0.55400000E+01  0.16963263E+03  0.39329629E+03
  0.55500000E+01  0.16833312E+03  0.39229020E+03
  0.55600000E+01  0.16704728E+03  0.39128807E+03
  0.55700000E+01  0.16577490E+03  0.39029003E+03
  0.55800000E+01  0.16451581E+03  0.38929609E+03
  0.55900000E+01  0.16326980E+03  0.38830608E+03
  0.56000000E+01  0.16203669E+03  0.38732011E+03
  0.56100000E+01  0.16081631E+03  0.38633821E+03
  0.56200000E+01  0.15960848E+03  0.38536021E+03
  0.56300000E+01  0.15841301E+03  0.38438621E+03
  0.56400000E+01  0.15722974E+03  0.38341626E+03
  0.56500000E+01  0.15605851E+03  0.38245017E+03
  0.56600000E+01  0.15489914E+03  0.38148803E+03
  0.56700000E+01  0.15375147E+03  0.38052990E+03
  0.56800000E+01  0.15261535E+03  0.37957561E+03
  0.56900000E+01  0.15149061E+03  0.37862522E+03
  0.57000000E+01  0.15037711E+03  0.37767880E+03
  0.57100000E+01  0.14927469E+03  0.37673619E+03
  0.57200000E+01  0.14818321E+03  0.37579742E+03
  0.57300000E+01  0.14710251E+03  0.37486260E+03
  0.57400000E+01  0.14603246E+03  0.37393155E+03
  0.57500000E+01  0.14497292E+03  0.37300428E+03
  0.57600000E+01  0.14392374E+03  0.37208092E+03
  0.57700000E+01  0.14288479E+03  0.37116130E+03
  0.57800000E+01  0.14185595E+03  0.37024542E+03
  0.57900000E+01  0.14083706E+03  0.36933339E+03
  0.58000000E+01  0.13982802E+03  0.36842508E+03
  0.58100000E+01  0.13882868E+03  0.36752044E+03
  0.58200000E+01  0.13783893E+03  0.36661962E+03
  0.58300000E+01  0.13685865E+03  0.36572248E+03
  0.58400000E+01  0.13588770E+03  0.36482897E+03
  0.58500000E+01  0.13492598E+03  0.36393921E+03
  0.58600000E+01  0.13397336E+03  0.36305312E+03
  0.58700000E+01  0.13302974E+03  0.36217059E+03
  0.58800000E+01  0.13209499E+03  0.36129177E+03
  0.58900000E+01  0.13116901E+03  0.36041658E+03
  0.59000000E+01  0.13025169E+03  0.35954490E+03
  0.59100000E+01  0.12934292E+03  0.35867688E+03
  0.59200000E+01  0.12844259E+03  0.35781246E+03
  0.59300000E+01  0.12755061E+03  0.35695150E+03
  0.59400000E+01  0.12666686E+03  0.35609415E+03
  0.59500000E+01  0.12579125E+03  0.35524035E+03
  0.59600000E+01  0.12492367E+03  0.35438997E+03
  0.59700000E+01  0.12406403E+03  0.35354314E+03
  0.59800000E+01  0.12321224E+03  0.35269984E+03
  0.59900000E+01  0.12236819E+03  0.35185991E+03
  0.60000000E+01  0.12153180E+03  0.35102346E+03
