  0.20000000E+00 -0.11136514E-06  0.12834179E-05
  0.21000000E+00 -0.11143360E-06  0.12309005E-05
  0.22000000E+00 -0.11148100E-06  0.11821709E-05
  0.23000000E+00 -0.11152334E-06  0.11369068E-05
  0.24000000E+00 -0.11156550E-06  0.10947551E-05
  0.25000000E+00 -0.11160904E-06  0.10554663E-05
  0.26000000E+00 -0.11165428E-06  0.10187549E-05
  0.27000000E+00 -0.11170126E-06  0.98440681E-06
  0.28000000E+00 -0.11175017E-06  0.95221418E-06
  0.29000000E+00 -0.11180086E-06  0.92198037E-06
  0.30000000E+00 -0.11185344E-06  0.89356135E-06
  0.31000000E+00 -0.11190786E-06  0.86678301E-06
  0.32000000E+00 -0.11196404E-06  0.84153376E-06
  0.33000000E+00 -0.11202208E-06  0.81767925E-06
  0.34000000E+00 -0.11208188E-06  0.79511374E-06
  0.35000000E+00 -0.11214356E-06  0.77374622E-06
  0.36000000E+00 -0.11220697E-06  0.75347463E-06
  0.37000000E+00 -0.11227219E-06  0.73423222E-06
  0.38000000E+00 -0.11233931E-06  0.71593708E-06
  0.39000000E+00 -0.11240817E-06  0.69852275E-06
  0.40000000E+00 -0.11247895E-06  0.68193760E-06
  0.41000000E+00 -0.11255169E-06  0.66611072E-06
  0.42000000E+00 -0.11262617E-06  0.65100976E-06
  0.43000000E+00 -0.11270259E-06  0.63657219E-06
  0.44000000E+00 -0.11278087E-06  0.62276331E-06
  0.45000000E+00 -0.11286103E-06  0.60954971E-06
  0.46000000E+00 -0.11294304E-06  0.59687599E-06
  0.47000000E+00 -0.11302686E-06  0.58473656E-06
  0.48000000E+00 -0.11311267E-06  0.57307331E-06
  0.49000000E+00 -0.11320025E-06  0.56187852E-06
  0.50000000E+00 -0.11328982E-06  0.55111665E-06
  0.51000000E+00 -0.11338134E-06  0.54075977E-06
  0.52000000E+00 -0.11347473E-06  0.53080139E-06
  0.53000000E+00 -0.11357001E-06  0.52119656E-06
  0.54000000E+00 -0.11366728E-06  0.51195015E-06
  0.55000000E+00 -0.11376640E-06  0.50302724E-06
  0.56000000E+00 -0.11386750E-06  0.49441544E-06
  0.57000000E+00 -0.11397051E-06  0.48610739E-06
  0.58000000E+00 -0.11407536E-06  0.47807209E-06
  0.59000000E+00 -0.11418239E-06  0.47031193E-06
  0.60000000E+00 -0.11429121E-06  0.46280437E-06
  0.61000000E+00 -0.11440206E-06  0.45553540E-06
  0.62000000E+00 -0.11451487E-06  0.44850847E-06
  0.63000000E+00 -0.11462971E-06  0.44168942E-06
  0.64000000E+00 -0.11474637E-06  0.43509331E-06
  0.65000000E+00 -0.11486525E-06  0.42869177E-06
  0.66000000E+00 -0.11498605E-06  0.42248197E-06
  0.67000000E+00 -0.11510881E-06  0.41646498E-06
  0.68000000E+00 -0.11523388E-06  0.41061164E-06
  0.69000000E+00 -0.11536076E-06  0.40494007E-06
  0.70000000E+00 -0.11548980E-06  0.39942012E-06
  0.71000000E+00 -0.11562084E-06  0.39405965E-06
  0.72000000E+00 -0.11575396E-06  0.38885220E-06
  0.73000000E+00 -0.11588923E-06  0.38377731E-06
  0.74000000E+00 -0.11602653E-06  0.37885064E-06
  0.75000000E+00 -0.11616594E-06  0.37404896E-06
  0.76000000E+00 -0.11630734E-06  0.36937334E-06
  0.77000000E+00 -0.11645089E-06  0.36482888E-06
  0.78000000E+00 -0.11659649E-06  0.36038786E-06
  0.79000000E+00 -0.11674429E-06  0.35607338E-06
  0.80000000E+00 -0.11689414E-06  0.35185795E-06
  0.81000000E+00 -0.11704629E-06  0.34775039E-06
  0.82000000E+00 -0.11720061E-06  0.34375085E-06
  0.83000000E+00 -0.11735712E-06  0.33983613E-06
  0.84000000E+00 -0.11751585E-06  0.33602765E-06
  0.85000000E+00 -0.11767670E-06  0.33230365E-06
  0.86000000E+00 -0.11783980E-06  0.32866529E-06
  0.87000000E+00 -0.11800514E-06  0.32512109E-06
  0.88000000E+00 -0.11817264E-06  0.32164549E-06
  0.89000000E+00 -0.11834255E-06  0.31826158E-06
  0.90000000E+00 -0.11851448E-06  0.31494889E-06
  0.91000000E+00 -0.11868886E-06  0.31170623E-06
  0.92000000E+00 -0.11886553E-06  0.30854645E-06
  0.93000000E+00 -0.11904448E-06  0.30544299E-06
  0.94000000E+00 -0.11922570E-06  0.30241743E-06
  0.95000000E+00 -0.11940925E-06  0.29945327E-06
  0.96000000E+00 -0.11959527E-06  0.29654774E-06
  0.97000000E+00 -0.11978354E-06  0.29371445E-06
  0.98000000E+00 -0.11997416E-06  0.29092849E-06
  0.99000000E+00 -0.12016713E-06  0.28820800E-06
  0.10000000E+01 -0.12036268E-06  0.28554325E-06
  0.10100000E+01 -0.12056045E-06  0.28292356E-06
  0.10200000E+01 -0.12076090E-06  0.28037281E-06
  0.10300000E+01 -0.12096355E-06  0.27785856E-06
  0.10400000E+01 -0.12116858E-06  0.27540058E-06
  0.10500000E+01 -0.12137626E-06  0.27299446E-06
  0.10600000E+01 -0.12158628E-06  0.27062464E-06
  0.10700000E+01 -0.12179889E-06  0.26831329E-06
  0.10800000E+01 -0.12201403E-06  0.26603797E-06
  0.10900000E+01 -0.12223166E-06  0.26380521E-06
  0.11000000E+01 -0.12245197E-06  0.26162395E-06
  0.11100000E+01 -0.12267492E-06  0.25947005E-06
  0.11200000E+01 -0.12290037E-06  0.25736878E-06
  0.11300000E+01 -0.12312854E-06  0.25530081E-06
  0.11400000E+01 -0.12335942E-06  0.25326634E-06
  0.11500000E+01 -0.12359299E-06  0.25128063E-06
  0.11600000E+01 -0.12382909E-06  0.24931698E-06
  0.11700000E+01 -0.12406808E-06  0.24739631E-06
  0.11800000E+01 -0.12430964E-06  0.24551144E-06
  0.11900000E+01 -0.12455407E-06  0.24364992E-06
  0.12000000E+01 -0.12480096E-06  0.24183582E-06
  0.12100000E+01 -0.12505094E-06  0.24004069E-06
  0.12200000E+01 -0.12530373E-06  0.23827916E-06
  0.12300000E+01 -0.12555915E-06  0.23655641E-06
  0.12400000E+01 -0.12581738E-06  0.23484694E-06
  0.12500000E+01 -0.12607859E-06  0.23318236E-06
  0.12600000E+01 -0.12634276E-06  0.23153770E-06
  0.12700000E+01 -0.12660989E-06  0.22991835E-06
  0.12800000E+01 -0.12687987E-06  0.22833710E-06
  0.12900000E+01 -0.12715284E-06  0.22676725E-06
  0.13000000E+01 -0.12742888E-06  0.22523128E-06
  0.13100000E+01 -0.12770754E-06  0.22372391E-06
  0.13200000E+01 -0.12798959E-06  0.22222776E-06
  0.13300000E+01 -0.12827483E-06  0.22077229E-06
  0.13400000E+01 -0.12856303E-06  0.21932711E-06
  0.13500000E+01 -0.12885416E-06  0.21790696E-06
  0.13600000E+01 -0.12914864E-06  0.21651884E-06
  0.13700000E+01 -0.12944627E-06  0.21513790E-06
  0.13800000E+01 -0.12974717E-06  0.21379051E-06
  0.13900000E+01 -0.13005141E-06  0.21246179E-06
  0.14000000E+01 -0.13035878E-06  0.21114440E-06
  0.14100000E+01 -0.13066986E-06  0.20986133E-06
  0.14200000E+01 -0.13098374E-06  0.20858486E-06
  0.14300000E+01 -0.13130116E-06  0.20733282E-06
  0.14400000E+01 -0.13162203E-06  0.20610755E-06
  0.14500000E+01 -0.13194617E-06  0.20488458E-06
  0.14600000E+01 -0.13227385E-06  0.20369448E-06
  0.14700000E+01 -0.13260511E-06  0.20251672E-06
  0.14800000E+01 -0.13294005E-06  0.20134869E-06
  0.14900000E+01 -0.13327817E-06  0.20021498E-06
  0.15000000E+01 -0.13361999E-06  0.19908185E-06
  0.15100000E+01 -0.13396559E-06  0.19797151E-06
  0.15200000E+01 -0.13431467E-06  0.19688406E-06
  0.15300000E+01 -0.13466765E-06  0.19579661E-06
  0.15400000E+01 -0.13502438E-06  0.19474001E-06
  0.15500000E+01 -0.13538482E-06  0.19369192E-06
  0.15600000E+01 -0.13574906E-06  0.19265194E-06
  0.15700000E+01 -0.13611720E-06  0.19164507E-06
  0.15800000E+01 -0.13648942E-06  0.19063278E-06
  0.15900000E+01 -0.13686555E-06  0.18964414E-06
  0.16000000E+01 -0.13724544E-06  0.18867455E-06
  0.16100000E+01 -0.13762964E-06  0.18770235E-06
  0.16200000E+01 -0.13801804E-06  0.18676120E-06
  0.16300000E+01 -0.13841063E-06  0.18582397E-06
  0.16400000E+01 -0.13880684E-06  0.18489429E-06
  0.16500000E+01 -0.13920788E-06  0.18399438E-06
  0.16600000E+01 -0.13961296E-06  0.18308978E-06
  0.16700000E+01 -0.14002242E-06  0.18220363E-06
  0.16800000E+01 -0.14043605E-06  0.18133857E-06
  0.16900000E+01 -0.14085406E-06  0.18046747E-06
  0.17000000E+01 -0.14127724E-06  0.17962393E-06
  0.17100000E+01 -0.14170443E-06  0.17878526E-06
  0.17200000E+01 -0.14213668E-06  0.17795141E-06
  0.17300000E+01 -0.14257296E-06  0.17714505E-06
  0.17400000E+01 -0.14301436E-06  0.17633280E-06
  0.17500000E+01 -0.14346033E-06  0.17553706E-06
  0.17600000E+01 -0.14391121E-06  0.17476065E-06
  0.17700000E+01 -0.14436697E-06  0.17397743E-06
  0.17800000E+01 -0.14482770E-06  0.17322040E-06
  0.17900000E+01 -0.14529392E-06  0.17246943E-06
  0.18000000E+01 -0.14576446E-06  0.17171633E-06
  0.18100000E+01 -0.14624054E-06  0.17099236E-06
  0.18200000E+01 -0.14672201E-06  0.17026330E-06
  0.18300000E+01 -0.14720808E-06  0.16954494E-06
  0.18400000E+01 -0.14770021E-06  0.16884931E-06
  0.18500000E+01 -0.14819772E-06  0.16814242E-06
  0.18600000E+01 -0.14870062E-06  0.16745799E-06
  0.18700000E+01 -0.14920884E-06  0.16678586E-06
  0.18800000E+01 -0.14972307E-06  0.16610528E-06
  0.18900000E+01 -0.15024321E-06  0.16545183E-06
  0.19000000E+01 -0.15076888E-06  0.16479878E-06
  0.19100000E+01 -0.15130080E-06  0.16414845E-06
  0.19200000E+01 -0.15183876E-06  0.16352351E-06
  0.19300000E+01 -0.15238235E-06  0.16288720E-06
  0.19400000E+01 -0.15293244E-06  0.16226553E-06
  0.19500000E+01 -0.15348863E-06  0.16166339E-06
  0.19600000E+01 -0.15405148E-06  0.16104841E-06
  0.19700000E+01 -0.15462027E-06  0.16045721E-06
  0.19800000E+01 -0.15519624E-06  0.15987194E-06
  0.19900000E+01 -0.15577807E-06  0.15928064E-06
  0.20000000E+01 -0.15636734E-06  0.15871448E-06
  0.20100000E+01 -0.15696296E-06  0.15814570E-06
  0.20200000E+01 -0.15756586E-06  0.15758118E-06
  0.20300000E+01 -0.15817594E-06  0.15703851E-06
  0.20400000E+01 -0.15879316E-06  0.15648265E-06
  0.20500000E+01 -0.15941764E-06  0.15594410E-06
  0.20600000E+01 -0.16004970E-06  0.15542209E-06
  0.20700000E+01 -0.16068916E-06  0.15488238E-06
  0.20800000E+01 -0.16133633E-06  0.15437091E-06
  0.20900000E+01 -0.16199114E-06  0.15386280E-06
  0.21000000E+01 -0.16265428E-06  0.15334426E-06
  0.21100000E+01 -0.16332516E-06  0.15285596E-06
  0.21200000E+01 -0.16400402E-06  0.15235734E-06
  0.21300000E+01 -0.16469131E-06  0.15186397E-06
  0.21400000E+01 -0.16538675E-06  0.15139613E-06
  0.21500000E+01 -0.16609134E-06  0.15091049E-06
  0.21600000E+01 -0.16680473E-06  0.15043896E-06
  0.21700000E+01 -0.16752649E-06  0.14998720E-06
  0.21800000E+01 -0.16825731E-06  0.14951620E-06
  0.21900000E+01 -0.16899767E-06  0.14906942E-06
  0.22000000E+01 -0.16974706E-06  0.14862489E-06
  0.22100000E+01 -0.17050642E-06  0.14817208E-06
  0.22200000E+01 -0.17127501E-06  0.14774786E-06
  0.22300000E+01 -0.17205353E-06  0.14731407E-06
  0.22400000E+01 -0.17284186E-06  0.14687791E-06
  0.22500000E+01 -0.17364078E-06  0.14647163E-06
  0.22600000E+01 -0.17445005E-06  0.14604786E-06
  0.22700000E+01 -0.17526988E-06  0.14563626E-06
  0.22800000E+01 -0.17610015E-06  0.14524115E-06
  0.22900000E+01 -0.17694204E-06  0.14482695E-06
  0.23000000E+01 -0.17779461E-06  0.14443734E-06
  0.23100000E+01 -0.17865857E-06  0.14405221E-06
  0.23200000E+01 -0.17953377E-06  0.14365210E-06
  0.23300000E+01 -0.18042079E-06  0.14328005E-06
  0.23400000E+01 -0.18132009E-06  0.14290361E-06
  0.23500000E+01 -0.18223157E-06  0.14251576E-06
  0.23600000E+01 -0.18315507E-06  0.14215985E-06
  0.23700000E+01 -0.18409217E-06  0.14179017E-06
  0.23800000E+01 -0.18504084E-06  0.14142178E-06
  0.23900000E+01 -0.18600333E-06  0.14107849E-06
  0.24000000E+01 -0.18697930E-06  0.14071309E-06
  0.24100000E+01 -0.18796829E-06  0.14036365E-06
  0.24200000E+01 -0.18897203E-06  0.14002687E-06
  0.24300000E+01 -0.18998924E-06  0.13967231E-06
  0.24400000E+01 -0.19102114E-06  0.13933864E-06
  0.24500000E+01 -0.19206757E-06  0.13901138E-06
  0.24600000E+01 -0.19312875E-06  0.13866242E-06
  0.24700000E+01 -0.19420567E-06  0.13834393E-06
  0.24800000E+01 -0.19529721E-06  0.13801687E-06
  0.24900000E+01 -0.19640553E-06  0.13768303E-06
  0.25000000E+01 -0.19752953E-06  0.13737829E-06
  0.25100000E+01 -0.19866999E-06  0.13705637E-06
  0.25200000E+01 -0.19982718E-06  0.13673509E-06
  0.25300000E+01 -0.20100118E-06  0.13643652E-06
  0.25400000E+01 -0.20219295E-06  0.13611599E-06
  0.25500000E+01 -0.20340227E-06  0.13580919E-06
  0.25600000E+01 -0.20462970E-06  0.13551693E-06
  0.25700000E+01 -0.20587499E-06  0.13519850E-06
  0.25800000E+01 -0.20714004E-06  0.13490423E-06
  0.25900000E+01 -0.20842335E-06  0.13461174E-06
  0.26000000E+01 -0.20972666E-06  0.13430012E-06
  0.26100000E+01 -0.21104971E-06  0.13401853E-06
  0.26200000E+01 -0.21239338E-06  0.13372816E-06
  0.26300000E+01 -0.21375715E-06  0.13341979E-06
  0.26400000E+01 -0.21514212E-06  0.13314439E-06
  0.26500000E+01 -0.21654907E-06  0.13284942E-06
  0.26600000E+01 -0.21797774E-06  0.13255086E-06
  0.26700000E+01 -0.21942861E-06  0.13228298E-06
  0.26800000E+01 -0.22090298E-06  0.13198336E-06
  0.26900000E+01 -0.22239901E-06  0.13169170E-06
  0.27000000E+01 -0.22392048E-06  0.13142349E-06
  0.27100000E+01 -0.22546560E-06  0.13112229E-06
  0.27200000E+01 -0.22703558E-06  0.13083949E-06
  0.27300000E+01 -0.22862998E-06  0.13056725E-06
  0.27400000E+01 -0.23025074E-06  0.13026404E-06
  0.27500000E+01 -0.23189726E-06  0.12998594E-06
  0.27600000E+01 -0.23357050E-06  0.12970540E-06
  0.27700000E+01 -0.23527112E-06  0.12940326E-06
  0.27800000E+01 -0.23700046E-06  0.12912948E-06
  0.27900000E+01 -0.23875688E-06  0.12884240E-06
  0.28000000E+01 -0.24054469E-06  0.12853590E-06
  0.28100000E+01 -0.24235993E-06  0.12826249E-06
  0.28200000E+01 -0.24420571E-06  0.12796375E-06
  0.28300000E+01 -0.24608322E-06  0.12765639E-06
  0.28400000E+01 -0.24799275E-06  0.12738108E-06
  0.28500000E+01 -0.24993245E-06  0.12706832E-06
  0.28600000E+01 -0.25190758E-06  0.12676212E-06
  0.28700000E+01 -0.25391482E-06  0.12648080E-06
  0.28800000E+01 -0.25595715E-06  0.12615795E-06
  0.28900000E+01 -0.25803508E-06  0.12584915E-06
  0.29000000E+01 -0.26014823E-06  0.12555508E-06
  0.29100000E+01 -0.26229827E-06  0.12521815E-06
  0.29200000E+01 -0.26448612E-06  0.12490733E-06
  0.29300000E+01 -0.26671251E-06  0.12459902E-06
  0.29400000E+01 -0.26897892E-06  0.12425123E-06
  0.29500000E+01 -0.27128512E-06  0.12393671E-06
  0.29600000E+01 -0.27363235E-06  0.12360987E-06
  0.29700000E+01 -0.27602225E-06  0.12324506E-06
  0.29800000E+01 -0.27845453E-06  0.12292450E-06
  0.29900000E+01 -0.28093288E-06  0.12257628E-06
  0.30000000E+01 -0.28345545E-06  0.12220113E-06
  0.30100000E+01 -0.28602585E-06  0.12186865E-06
  0.30200000E+01 -0.28864300E-06  0.12149433E-06
  0.30300000E+01 -0.29131007E-06  0.12110936E-06
  0.30400000E+01 -0.29402654E-06  0.12076061E-06
  0.30500000E+01 -0.29679542E-06  0.12035781E-06
  0.30600000E+01 -0.29961756E-06  0.11996015E-06
  0.30700000E+01 -0.30249463E-06  0.11959391E-06
  0.30800000E+01 -0.30542752E-06  0.11915968E-06
  0.30900000E+01 -0.30841813E-06  0.11875812E-06
  0.31000000E+01 -0.31146970E-06  0.11835974E-06
  0.31100000E+01 -0.31458093E-06  0.11789777E-06
  0.31200000E+01 -0.31775665E-06  0.11748311E-06
  0.31300000E+01 -0.32099739E-06  0.11705082E-06
  0.31400000E+01 -0.32430511E-06  0.11656531E-06
  0.31500000E+01 -0.32768186E-06  0.11612815E-06
  0.31600000E+01 -0.33113063E-06  0.11565976E-06
  0.31700000E+01 -0.33465390E-06  0.11514562E-06
  0.31800000E+01 -0.33825330E-06  0.11468781E-06
  0.31900000E+01 -0.34193259E-06  0.11417814E-06
  0.32000000E+01 -0.34569421E-06  0.11363894E-06
  0.32100000E+01 -0.34954091E-06  0.11314441E-06
  0.32200000E+01 -0.35347552E-06  0.11258765E-06
  0.32300000E+01 -0.35750179E-06  0.11202831E-06
  0.32400000E+01 -0.36162180E-06  0.11148689E-06
  0.32500000E+01 -0.36584268E-06  0.11089139E-06
  0.32600000E+01 -0.37016600E-06  0.11028898E-06
  0.32700000E+01 -0.37459521E-06  0.10970329E-06
  0.32800000E+01 -0.37913537E-06  0.10906005E-06
  0.32900000E+01 -0.38379341E-06  0.10840947E-06
  0.33000000E+01 -0.38857003E-06  0.10777473E-06
  0.33100000E+01 -0.39347370E-06  0.10707723E-06
  0.33200000E+01 -0.39850977E-06  0.10637093E-06
  0.33300000E+01 -0.40368308E-06  0.10567645E-06
  0.33400000E+01 -0.40900092E-06  0.10489308E-06
  0.33500000E+01 -0.41446958E-06  0.10414291E-06
  0.33600000E+01 -0.42009527E-06  0.10336463E-06
  0.33700000E+01 -0.42588654E-06  0.10250530E-06
  0.33800000E+01 -0.43185118E-06  0.10168720E-06
  0.33900000E+01 -0.43799818E-06  0.10079559E-06
  0.34000000E+01 -0.44433647E-06  0.99858194E-07
  0.34100000E+01 -0.45087608E-06  0.98927338E-07
  0.34200000E+01 -0.45762751E-06  0.97928072E-07
  0.34300000E+01 -0.46460150E-06  0.96873069E-07
  0.34400000E+01 -0.47180940E-06  0.95816852E-07
  0.34500000E+01 -0.47926603E-06  0.94678372E-07
  0.34600000E+01 -0.48698170E-06  0.93475439E-07
  0.34700000E+01 -0.49497470E-06  0.92255649E-07
  0.34800000E+01 -0.50325673E-06  0.90936759E-07
  0.34900000E+01 -0.51184839E-06  0.89551677E-07
  0.35000000E+01 -0.52076375E-06  0.88121556E-07
  0.35100000E+01 -0.53002510E-06  0.86577332E-07
  0.35200000E+01 -0.53965106E-06  0.84945961E-07
  0.35300000E+01 -0.54966618E-06  0.83253170E-07
  0.35400000E+01 -0.56009093E-06  0.81408251E-07
  0.35500000E+01 -0.57095420E-06  0.79469986E-07
  0.35600000E+01 -0.58228291E-06  0.77419919E-07
  0.35700000E+01 -0.59410618E-06  0.75195674E-07
  0.35800000E+01 -0.60645596E-06  0.72840649E-07
  0.35900000E+01 -0.61937019E-06  0.70328363E-07
  0.36000000E+01 -0.63288458E-06  0.67599436E-07
  0.36100000E+01 -0.64704140E-06  0.64697241E-07
  0.36200000E+01 -0.66188616E-06  0.61566933E-07
  0.36300000E+01 -0.67746756E-06  0.58167667E-07
  0.36400000E+01 -0.69384100E-06  0.54524352E-07
  0.36500000E+01 -0.71106373E-06  0.50579338E-07
  0.36600000E+01 -0.72920140E-06  0.46275569E-07
  0.36700000E+01 -0.74832631E-06  0.41633790E-07
  0.36800000E+01 -0.76851943E-06  0.36582749E-07
  0.36900000E+01 -0.78986382E-06  0.31057361E-07
  0.37000000E+01 -0.81246345E-06  0.25057764E-07
  0.37100000E+01 -0.83642185E-06  0.18485834E-07
  0.37200000E+01 -0.86186696E-06  0.11274424E-07
  0.37300000E+01 -0.88893181E-06  0.33904693E-08
  0.37400000E+01 -0.91777623E-06 -0.52917167E-08
  0.37500000E+01 -0.94857951E-06 -0.14873630E-07
  0.37600000E+01 -0.98153962E-06 -0.25420496E-07
  0.37700000E+01 -0.10168955E-05 -0.37106203E-07
  0.37800000E+01 -0.10549160E-05 -0.50078493E-07
  0.37900000E+01 -0.10959209E-05 -0.64478545E-07
  0.38000000E+01 -0.11402814E-05 -0.80552484E-07
  0.38100000E+01 -0.11884466E-05 -0.98534079E-07
  0.38200000E+01 -0.12409400E-05 -0.11867836E-06
  0.38300000E+01 -0.12984244E-05 -0.14138919E-06
  0.38400000E+01 -0.13616855E-05 -0.16704517E-06
  0.38500000E+01 -0.14317379E-05 -0.19613251E-06
  0.38600000E+01 -0.15098701E-05 -0.22929986E-06
  0.38700000E+01 -0.15977788E-05 -0.26728470E-06
  0.38800000E+01 -0.16977546E-05 -0.31098074E-06
  0.38900000E+01 -0.18129405E-05 -0.36160011E-06
  0.39000000E+01 -0.19477128E-05 -0.42054981E-06
  0.39100000E+01 -0.21080965E-05 -0.48965000E-06
  0.39200000E+01 -0.23020915E-05 -0.57125499E-06
  0.39300000E+01 -0.25394927E-05 -0.66832341E-06
  0.39400000E+01 -0.28306797E-05 -0.78465035E-06
  0.39500000E+01 -0.31834544E-05 -0.92516843E-06
  0.39600000E+01 -0.35974896E-05 -0.10960879E-05
  0.39700000E+01 -0.40564187E-05 -0.13052058E-05
  0.39800000E+01 -0.45195003E-05 -0.15619821E-05
  0.39900000E+01 -0.49163538E-05 -0.18769019E-05
  0.40000000E+01 -0.51495966E-05 -0.22595603E-05
  0.40100000E+01 -0.51092481E-05 -0.27140007E-05
  0.40200000E+01 -0.46988114E-05 -0.32291061E-05
  0.40300000E+01 -0.38673221E-05 -0.37644864E-05
  0.40400000E+01 -0.26363498E-05 -0.42389054E-05
  0.40500000E+01 -0.11096137E-05 -0.45407448E-05
  0.40600000E+01  0.54198081E-06 -0.45774608E-05
  0.40700000E+01  0.21177150E-05 -0.43365986E-05
  0.40800000E+01  0.34349233E-05 -0.38951141E-05
  0.40900000E+01  0.43705041E-05 -0.33660209E-05
  0.41000000E+01  0.48822283E-05 -0.28410056E-05
  0.41100000E+01  0.50049572E-05 -0.23702798E-05
  0.41200000E+01  0.48269851E-05 -0.19709145E-05
  0.41300000E+01  0.44580590E-05 -0.16415946E-05
  0.41400000E+01  0.40008963E-05 -0.13733974E-05
  0.41500000E+01  0.35335813E-05 -0.11556712E-05
  0.41600000E+01  0.31042054E-05 -0.97857210E-06
  0.41700000E+01  0.27345830E-05 -0.83376447E-06
  0.41800000E+01  0.24282385E-05 -0.71456516E-06
  0.41900000E+01  0.21786965E-05 -0.61576620E-06
  0.42000000E+01  0.19757381E-05 -0.53321908E-06
  0.42100000E+01  0.18091404E-05 -0.46374499E-06
  0.42200000E+01  0.16703008E-05 -0.40487080E-06
  0.42300000E+01  0.15526430E-05 -0.35462318E-06
  0.42400000E+01  0.14513496E-05 -0.31144936E-06
  0.42500000E+01  0.13629407E-05 -0.27416494E-06
  0.42600000E+01  0.12849046E-05 -0.24174913E-06
  0.42700000E+01  0.12153828E-05 -0.21342234E-06
  0.42800000E+01  0.11529562E-05 -0.18856488E-06
  0.42900000E+01  0.10965391E-05 -0.16663510E-06
  0.43000000E+01  0.10452641E-05 -0.14719892E-06
  0.43100000E+01  0.99843232E-06 -0.12993158E-06
  0.43200000E+01  0.95547090E-06 -0.11450556E-06
  0.43300000E+01  0.91590243E-06 -0.10067197E-06
  0.43400000E+01  0.87933538E-06 -0.88257122E-07
  0.43500000E+01  0.84542599E-06 -0.77058170E-07
  0.43600000E+01  0.81389610E-06 -0.66922331E-07
  0.43700000E+01  0.78449080E-06 -0.57747254E-07
  0.43800000E+01  0.75700333E-06 -0.49402336E-07
  0.43900000E+01  0.73125078E-06 -0.41788975E-07
  0.44000000E+01  0.70706703E-06 -0.34854807E-07
  0.44100000E+01  0.68431206E-06 -0.28500192E-07
  0.44200000E+01  0.66286373E-06 -0.22671309E-07
  0.44300000E+01  0.64260949E-06 -0.17317729E-07
  0.44400000E+01  0.62345166E-06 -0.12398378E-07
  0.44500000E+01  0.60530222E-06 -0.78477868E-08
  0.44600000E+01  0.58808532E-06 -0.36703593E-08
  0.44700000E+01  0.57172622E-06  0.20360284E-09
  0.44800000E+01  0.55616493E-06  0.37976513E-08
  0.44900000E+01  0.54134248E-06  0.71134499E-08
  0.45000000E+01  0.52720782E-06  0.10198956E-07
  0.45100000E+01  0.51371551E-06  0.13066865E-07
  0.45200000E+01  0.50081900E-06  0.15726630E-07
  0.45300000E+01  0.48848257E-06  0.18206111E-07
  0.45400000E+01  0.47666797E-06  0.20525871E-07
  0.45500000E+01  0.46534473E-06  0.22673805E-07
  0.45600000E+01  0.45448181E-06  0.24687037E-07
  0.45700000E+01  0.44405363E-06  0.26572706E-07
  0.45800000E+01  0.43403002E-06  0.28325048E-07
  0.45900000E+01  0.42439219E-06  0.29965285E-07
  0.46000000E+01  0.41511730E-06  0.31511998E-07
  0.46100000E+01  0.40618439E-06  0.32943109E-07
  0.46200000E+01  0.39757418E-06  0.34289175E-07
  0.46300000E+01  0.38927081E-06  0.35561983E-07
  0.46400000E+01  0.38125947E-06  0.36742170E-07
  0.46500000E+01  0.37352138E-06  0.37850579E-07
  0.46600000E+01  0.36604577E-06  0.38899580E-07
  0.46700000E+01  0.35881836E-06  0.39870664E-07
  0.46800000E+01  0.35182753E-06  0.40791033E-07
  0.46900000E+01  0.34506275E-06  0.41658650E-07
  0.47000000E+01  0.33851160E-06  0.42457941E-07
  0.47100000E+01  0.33216481E-06  0.43216506E-07
  0.47200000E+01  0.32601317E-06  0.43933245E-07
  0.47300000E+01  0.32004742E-06  0.44593992E-07
  0.47400000E+01  0.31425982E-06  0.45217173E-07
  0.47500000E+01  0.30864348E-06  0.45813947E-07
  0.47600000E+01  0.30318927E-06  0.46357685E-07
  0.47700000E+01  0.29789067E-06  0.46872166E-07
  0.47800000E+01  0.29274182E-06  0.47364720E-07
  0.47900000E+01  0.28773719E-06  0.47810035E-07
  0.48000000E+01  0.28286909E-06  0.48229617E-07
  0.48100000E+01  0.27813373E-06  0.48636509E-07
  0.48200000E+01  0.27352355E-06  0.49000487E-07
  0.48300000E+01  0.26903690E-06  0.49340771E-07
  0.48400000E+01  0.26466635E-06  0.49674935E-07
  0.48500000E+01  0.26040899E-06  0.49966873E-07
  0.48600000E+01  0.25625983E-06  0.50242897E-07
  0.48700000E+01  0.25221524E-06  0.50512073E-07
  0.48800000E+01  0.24827095E-06  0.50743709E-07
  0.48900000E+01  0.24442291E-06  0.50959191E-07
  0.49000000E+01  0.24067011E-06  0.51172132E-07
  0.49100000E+01  0.23700572E-06  0.51353691E-07
  0.49200000E+01  0.23342941E-06  0.51527000E-07
  0.49300000E+01  0.22993693E-06  0.51692105E-07
  0.49400000E+01  0.22652575E-06  0.51829841E-07
  0.49500000E+01  0.22319339E-06  0.51956541E-07
  0.49600000E+01  0.21993664E-06  0.52081479E-07
  0.49700000E+01  0.21675257E-06  0.52185375E-07
  0.49800000E+01  0.21363973E-06  0.52272070E-07
  0.49900000E+01  0.21059647E-06  0.52366211E-07
  0.50000000E+01  0.20761916E-06  0.52434288E-07
  0.50100000E+01  0.20470612E-06  0.52493087E-07
  0.50200000E+01  0.20185575E-06  0.52553569E-07
  0.50300000E+01  0.19906588E-06  0.52591261E-07
  0.50400000E+01  0.19633497E-06  0.52622935E-07
  0.50500000E+01  0.19365990E-06  0.52655379E-07
  0.50600000E+01  0.19104150E-06  0.52672501E-07
  0.50700000E+01  0.18847503E-06  0.52676443E-07
  0.50800000E+01  0.18596169E-06  0.52688338E-07
  0.50900000E+01  0.18349861E-06  0.52683742E-07
  0.51000000E+01  0.18108471E-06  0.52667871E-07
  0.51100000E+01  0.17871778E-06  0.52658371E-07
  0.51200000E+01  0.17639845E-06  0.52638033E-07
  0.51300000E+01  0.17412323E-06  0.52601421E-07
  0.51400000E+01  0.17189197E-06  0.52574678E-07
  0.51500000E+01  0.16970318E-06  0.52535514E-07
  0.51600000E+01  0.16755619E-06  0.52484120E-07
  0.51700000E+01  0.16544918E-06  0.52439513E-07
  0.51800000E+01  0.16338205E-06  0.52391597E-07
  0.51900000E+01  0.16135265E-06  0.52324073E-07
  0.52000000E+01  0.15936092E-06  0.52262225E-07
  0.52100000E+01  0.15740488E-06  0.52202287E-07
  0.52200000E+01  0.15548444E-06  0.52123160E-07
  0.52300000E+01  0.15359814E-06  0.52049718E-07
  0.52400000E+01  0.15174634E-06  0.51977298E-07
  0.52500000E+01  0.14992647E-06  0.51888950E-07
  0.52600000E+01  0.14813824E-06  0.51808205E-07
  0.52700000E+01  0.14638166E-06  0.51722558E-07
  0.52800000E+01  0.14465560E-06  0.51624264E-07
  0.52900000E+01  0.14295867E-06  0.51537423E-07
  0.53000000E+01  0.14129101E-06  0.51443635E-07
  0.53100000E+01  0.13965180E-06  0.51334597E-07
  0.53200000E+01  0.13804020E-06  0.51236568E-07
  0.53300000E+01  0.13645522E-06  0.51136947E-07
  0.53400000E+01  0.13489714E-06  0.51023791E-07
  0.53500000E+01  0.13336444E-06  0.50916505E-07
  0.53600000E+01  0.13185707E-06  0.50809480E-07
  0.53700000E+01  0.13037407E-06  0.50690252E-07
  0.53800000E+01  0.12891502E-06  0.50577566E-07
  0.53900000E+01  0.12747950E-06  0.50467322E-07
  0.54000000E+01  0.12606646E-06  0.50339127E-07
  0.54100000E+01  0.12467666E-06  0.50219496E-07
  0.54200000E+01  0.12330862E-06  0.50107649E-07
  0.54300000E+01  0.12196201E-06  0.49977458E-07
  0.54400000E+01  0.12063594E-06  0.49851380E-07
  0.54500000E+01  0.11933137E-06  0.49731903E-07
  0.54600000E+01  0.11804651E-06  0.49602531E-07
  0.54700000E+01  0.11678037E-06  0.49472019E-07
  0.54800000E+01  0.11553488E-06  0.49346808E-07
  0.54900000E+01  0.11430780E-06  0.49211991E-07
  0.55000000E+01  0.11309945E-06  0.49077110E-07
  0.55100000E+01  0.11190917E-06  0.48950648E-07
  0.55200000E+01  0.11073673E-06  0.48815669E-07
  0.55300000E+01  0.10958122E-06  0.48678107E-07
  0.55400000E+01  0.10844315E-06  0.48545240E-07
  0.55500000E+01  0.10732182E-06  0.48408959E-07
  0.55600000E+01  0.10621664E-06  0.48265733E-07
  0.55700000E+01  0.10512755E-06  0.48135263E-07
  0.55800000E+01  0.10405452E-06  0.47994260E-07
  0.55900000E+01  0.10299639E-06  0.47851202E-07
  0.56000000E+01  0.10195371E-06  0.47715811E-07
  0.56100000E+01  0.10092586E-06  0.47577832E-07
  0.56200000E+01  0.99912504E-07  0.47432386E-07
  0.56300000E+01  0.98913255E-07  0.47295078E-07
  0.56400000E+01  0.97928103E-07  0.47156744E-07
  0.56500000E+01  0.96956612E-07  0.47006559E-07
  0.56600000E+01  0.95999246E-07  0.46871219E-07
  0.56700000E+01  0.95054413E-07  0.46727820E-07
  0.56800000E+01  0.94122582E-07  0.46578995E-07
  0.56900000E+01  0.93203924E-07  0.46442089E-07
  0.57000000E+01  0.92297121E-07  0.46298454E-07
  0.57100000E+01  0.91403373E-07  0.46153507E-07
  0.57200000E+01  0.90521516E-07  0.46010127E-07
  0.57300000E+01  0.89651159E-07  0.45867238E-07
  0.57400000E+01  0.88792599E-07  0.45717751E-07
  0.57500000E+01  0.87945451E-07  0.45579891E-07
  0.57600000E+01  0.87109733E-07  0.45433480E-07
  0.57700000E+01  0.86285193E-07  0.45286106E-07
  0.57800000E+01  0.85471089E-07  0.45142448E-07
  0.57900000E+01  0.84667657E-07  0.45004500E-07
  0.58000000E+01  0.83874694E-07  0.44856324E-07
  0.58100000E+01  0.83092203E-07  0.44711095E-07
  0.58200000E+01  0.82319933E-07  0.44572378E-07
  0.58300000E+01  0.81557126E-07  0.44418189E-07
  0.58400000E+01  0.80804509E-07  0.44278110E-07
  0.58500000E+01  0.80060972E-07  0.44138554E-07
  0.58600000E+01  0.79327401E-07  0.43993251E-07
  0.58700000E+01  0.78602739E-07  0.43845774E-07
  0.58800000E+01  0.77887472E-07  0.43707642E-07
  0.58900000E+01  0.77181098E-07  0.43561724E-07
  0.59000000E+01  0.76483434E-07  0.43416841E-07
  0.59100000E+01  0.75794684E-07  0.43279366E-07
  0.59200000E+01  0.75114303E-07  0.43134778E-07
  0.59300000E+01  0.74442309E-07  0.42992530E-07
  0.59400000E+01  0.73778850E-07  0.42853013E-07
  0.59500000E+01  0.73122929E-07  0.42707192E-07
  0.59600000E+01  0.72475292E-07  0.42564508E-07
  0.59700000E+01  0.71835560E-07  0.42425495E-07
  0.59800000E+01  0.71203487E-07  0.42282492E-07
  0.59900000E+01  0.70579122E-07  0.42139878E-07
  0.60000000E+01  0.69962245E-07  0.42003950E-07
