  0.20000000E+00  0.18995865E+03 -0.20458602E+02
  0.21000000E+00  0.18999526E+03 -0.21470303E+02
  0.22000000E+00  0.19090241E+03 -0.21675435E+02
  0.23000000E+00  0.19224399E+03 -0.21245306E+02
  0.24000000E+00  0.19346630E+03 -0.20605076E+02
  0.25000000E+00  0.19413341E+03 -0.19960211E+02
  0.26000000E+00  0.19407935E+03 -0.19342963E+02
  0.27000000E+00  0.19343125E+03 -0.18896182E+02
  0.28000000E+00  0.19251760E+03 -0.18884068E+02
  0.29000000E+00  0.19171688E+03 -0.19390898E+02
  0.30000000E+00  0.19131431E+03 -0.20140815E+02
  0.31000000E+00  0.19141870E+03 -0.20720762E+02
  0.32000000E+00  0.19195814E+03 -0.20929119E+02
  0.33000000E+00  0.19273776E+03 -0.20873728E+02
  0.34000000E+00  0.19352155E+03 -0.20782745E+02
  0.35000000E+00  0.19410245E+03 -0.20782729E+02
  0.36000000E+00  0.19434468E+03 -0.20844267E+02
  0.37000000E+00  0.19420298E+03 -0.20846435E+02
  0.38000000E+00  0.19373017E+03 -0.20721531E+02
  0.39000000E+00  0.19307526E+03 -0.20600695E+02
  0.40000000E+00  0.19246179E+03 -0.20748755E+02
  0.41000000E+00  0.19213492E+03 -0.21298391E+02
  0.42000000E+00  0.19228051E+03 -0.22087230E+02
  0.43000000E+00  0.19294119E+03 -0.22811065E+02
  0.44000000E+00  0.19396831E+03 -0.23283327E+02
  0.45000000E+00  0.19504339E+03 -0.23482594E+02
  0.46000000E+00  0.19577804E+03 -0.23419498E+02
  0.47000000E+00  0.19586654E+03 -0.23056209E+02
  0.48000000E+00  0.19523271E+03 -0.22445599E+02
  0.49000000E+00  0.19410153E+03 -0.21955346E+02
  0.50000000E+00  0.19294559E+03 -0.22144253E+02
  0.51000000E+00  0.19230827E+03 -0.23246038E+02
  0.52000000E+00  0.19256749E+03 -0.24859358E+02
  0.53000000E+00  0.19374497E+03 -0.26241092E+02
  0.54000000E+00  0.19545827E+03 -0.26852251E+02
  0.55000000E+00  0.19705436E+03 -0.26607098E+02
  0.56000000E+00  0.19787965E+03 -0.25760881E+02
  0.57000000E+00  0.19757316E+03 -0.24728987E+02
  0.58000000E+00  0.19625008E+03 -0.23971866E+02
  0.59000000E+00  0.19448387E+03 -0.23916596E+02
  0.60000000E+00  0.19308026E+03 -0.24850690E+02
  0.61000000E+00  0.19273099E+03 -0.26683428E+02
  0.62000000E+00  0.19369750E+03 -0.28764764E+02
  0.63000000E+00  0.19567175E+03 -0.30147848E+02
  0.64000000E+00  0.19788892E+03 -0.30208324E+02
  0.65000000E+00  0.19945225E+03 -0.29073160E+02
  0.66000000E+00  0.19972900E+03 -0.27499829E+02
  0.67000000E+00  0.19863792E+03 -0.26375495E+02
  0.68000000E+00  0.19669518E+03 -0.26246937E+02
  0.69000000E+00  0.19479475E+03 -0.27177465E+02
  0.70000000E+00  0.19381935E+03 -0.28908732E+02
  0.71000000E+00  0.19425462E+03 -0.30979062E+02
  0.72000000E+00  0.19597777E+03 -0.32692149E+02
  0.73000000E+00  0.19831443E+03 -0.33306572E+02
  0.74000000E+00  0.20033755E+03 -0.32556739E+02
  0.75000000E+00  0.20127309E+03 -0.30979666E+02
  0.76000000E+00  0.20083012E+03 -0.29590563E+02
  0.77000000E+00  0.19931011E+03 -0.29195152E+02
  0.78000000E+00  0.19745462E+03 -0.29970072E+02
  0.79000000E+00  0.19611044E+03 -0.31537351E+02
  0.80000000E+00  0.19586886E+03 -0.33302226E+02
  0.81000000E+00  0.19683678E+03 -0.34737755E+02
  0.82000000E+00  0.19862751E+03 -0.35490937E+02
  0.83000000E+00  0.20055703E+03 -0.35419723E+02
  0.84000000E+00  0.20194455E+03 -0.34671221E+02
  0.85000000E+00  0.20238191E+03 -0.33721507E+02
  0.86000000E+00  0.20186376E+03 -0.33197980E+02
  0.87000000E+00  0.20074194E+03 -0.33482750E+02
  0.88000000E+00  0.19954734E+03 -0.34443050E+02
  0.89000000E+00  0.19877170E+03 -0.35596858E+02
  0.90000000E+00  0.19870250E+03 -0.36532732E+02
  0.91000000E+00  0.19936171E+03 -0.37161525E+02
  0.92000000E+00  0.20054455E+03 -0.37613938E+02
  0.93000000E+00  0.20191685E+03 -0.37964925E+02
  0.94000000E+00  0.20312354E+03 -0.38131128E+02
  0.95000000E+00  0.20387792E+03 -0.38059220E+02
  0.96000000E+00  0.20402336E+03 -0.37894117E+02
  0.97000000E+00  0.20356931E+03 -0.37839740E+02
  0.98000000E+00  0.20270003E+03 -0.37955875E+02
  0.99000000E+00  0.20174545E+03 -0.38230129E+02
  0.10000000E+01  0.20110317E+03 -0.38751841E+02
  0.10100000E+01  0.20111522E+03 -0.39653908E+02
  0.10200000E+01  0.20193147E+03 -0.40888154E+02
  0.10300000E+01  0.20341599E+03 -0.42106574E+02
  0.10400000E+01  0.20515367E+03 -0.42792085E+02
  0.10500000E+01  0.20658055E+03 -0.42618782E+02
  0.10600000E+01  0.20720289E+03 -0.41764748E+02
  0.10700000E+01  0.20681636E+03 -0.40832116E+02
  0.10800000E+01  0.20562163E+03 -0.40434512E+02
  0.10900000E+01  0.20416972E+03 -0.40857562E+02
  0.11000000E+01  0.20314717E+03 -0.42030890E+02
  0.11100000E+01  0.20308842E+03 -0.43667189E+02
  0.11200000E+01  0.20414276E+03 -0.45320985E+02
  0.11300000E+01  0.20600338E+03 -0.46428688E+02
  0.11400000E+01  0.20803424E+03 -0.46557855E+02
  0.11500000E+01  0.20953923E+03 -0.45758846E+02
  0.11600000E+01  0.21005262E+03 -0.44629014E+02
  0.11700000E+01  0.20952153E+03 -0.43939740E+02
  0.11800000E+01  0.20830551E+03 -0.44134736E+02
  0.11900000E+01  0.20700579E+03 -0.45114393E+02
  0.12000000E+01  0.20621170E+03 -0.46437149E+02
  0.12100000E+01  0.20627926E+03 -0.47687262E+02
  0.12200000E+01  0.20722677E+03 -0.48640984E+02
  0.12300000E+01  0.20876972E+03 -0.49198196E+02
  0.12400000E+01  0.21045661E+03 -0.49331917E+02
  0.12500000E+01  0.21183629E+03 -0.49140116E+02
  0.12600000E+01  0.21259385E+03 -0.48865618E+02
  0.12700000E+01  0.21262233E+03 -0.48768499E+02
  0.12800000E+01  0.21202961E+03 -0.48927544E+02
  0.12900000E+01  0.21109748E+03 -0.49225499E+02
  0.13000000E+01  0.21020903E+03 -0.49592097E+02
  0.13100000E+01  0.20975274E+03 -0.50175563E+02
  0.13200000E+01  0.21001165E+03 -0.51156415E+02
  0.13300000E+01  0.21105968E+03 -0.52423910E+02
  0.13400000E+01  0.21270505E+03 -0.53536596E+02
  0.13500000E+01  0.21452122E+03 -0.54041400E+02
  0.13600000E+01  0.21597861E+03 -0.53815018E+02
  0.13700000E+01  0.21664195E+03 -0.53115794E+02
  0.13800000E+01  0.21635491E+03 -0.52399863E+02
  0.13900000E+01  0.21532574E+03 -0.52105387E+02
  0.14000000E+01  0.21406358E+03 -0.52505276E+02
  0.14100000E+01  0.21318289E+03 -0.53634700E+02
  0.14200000E+01  0.21315663E+03 -0.55241180E+02
  0.14300000E+01  0.21412652E+03 -0.56795481E+02
  0.14400000E+01  0.21585305E+03 -0.57723057E+02
  0.14500000E+01  0.21782293E+03 -0.57793660E+02
  0.14600000E+01  0.21946000E+03 -0.57276674E+02
  0.14700000E+01  0.22034344E+03 -0.56679559E+02
  0.14800000E+01  0.22034488E+03 -0.56388454E+02
  0.14900000E+01  0.21964280E+03 -0.56531372E+02
  0.15000000E+01  0.21863039E+03 -0.57049555E+02
  0.15100000E+01  0.21776998E+03 -0.57815332E+02
  0.15200000E+01  0.21745106E+03 -0.58704398E+02
  0.15300000E+01  0.21788842E+03 -0.59623101E+02
  0.15400000E+01  0.21907287E+03 -0.60501185E+02
  0.15500000E+01  0.22077478E+03 -0.61259090E+02
  0.15600000E+01  0.22259974E+03 -0.61773973E+02
  0.15700000E+01  0.22409393E+03 -0.61889856E+02
  0.15800000E+01  0.22488389E+03 -0.61541781E+02
  0.15900000E+01  0.22481277E+03 -0.60937789E+02
  0.16000000E+01  0.22401932E+03 -0.60539274E+02
  0.16100000E+01  0.22291372E+03 -0.60762325E+02
  0.16200000E+01  0.22204262E+03 -0.61704553E+02
  0.16300000E+01  0.22188689E+03 -0.63127291E+02
  0.16400000E+01  0.22267405E+03 -0.64613206E+02
  0.16500000E+01  0.22428699E+03 -0.65741034E+02
  0.16600000E+01  0.22631029E+03 -0.66218380E+02
  0.16700000E+01  0.22819279E+03 -0.66009376E+02
  0.16800000E+01  0.22945445E+03 -0.65407202E+02
  0.16900000E+01  0.22985168E+03 -0.64904143E+02
  0.17000000E+01  0.22944269E+03 -0.64870565E+02
  0.17100000E+01  0.22854353E+03 -0.65318511E+02
  0.17200000E+01  0.22760866E+03 -0.66013142E+02
  0.17300000E+01  0.22708632E+03 -0.66793765E+02
  0.17400000E+01  0.22729128E+03 -0.67690581E+02
  0.17500000E+01  0.22831974E+03 -0.68732558E+02
  0.17600000E+01  0.23001962E+03 -0.69754947E+02
  0.17700000E+01  0.23202508E+03 -0.70449903E+02
  0.17800000E+01  0.23385680E+03 -0.70597420E+02
  0.17900000E+01  0.23507136E+03 -0.70237541E+02
  0.18000000E+01  0.23541665E+03 -0.69645931E+02
  0.18100000E+01  0.23493403E+03 -0.69205242E+02
  0.18200000E+01  0.23395861E+03 -0.69277086E+02
  0.18300000E+01  0.23300687E+03 -0.70046635E+02
  0.18400000E+01  0.23259155E+03 -0.71371112E+02
  0.18500000E+01  0.23303715E+03 -0.72819910E+02
  0.18600000E+01  0.23436949E+03 -0.73953308E+02
  0.18700000E+01  0.23631790E+03 -0.74575045E+02
  0.18800000E+01  0.23842010E+03 -0.74734744E+02
  0.18900000E+01  0.24018209E+03 -0.74590847E+02
  0.19000000E+01  0.24123372E+03 -0.74323670E+02
  0.19100000E+01  0.24143452E+03 -0.74106352E+02
  0.19200000E+01  0.24090762E+03 -0.74074941E+02
  0.19300000E+01  0.24000078E+03 -0.74308716E+02
  0.19400000E+01  0.23918603E+03 -0.74861531E+02
  0.19500000E+01  0.23891997E+03 -0.75793533E+02
  0.19600000E+01  0.23949859E+03 -0.77083477E+02
  0.19700000E+01  0.24095160E+03 -0.78470692E+02
  0.19800000E+01  0.24301895E+03 -0.79487033E+02
  0.19900000E+01  0.24522909E+03 -0.79774936E+02
  0.20000000E+01  0.24705809E+03 -0.79394271E+02
  0.20100000E+01  0.24811152E+03 -0.78775877E+02
  0.20200000E+01  0.24825893E+03 -0.78385569E+02
  0.20300000E+01  0.24767133E+03 -0.78458030E+02
  0.20400000E+01  0.24675472E+03 -0.78984948E+02
  0.20500000E+01  0.24601209E+03 -0.79837036E+02
  0.20600000E+01  0.24588513E+03 -0.80864695E+02
  0.20700000E+01  0.24662314E+03 -0.81954024E+02
  0.20800000E+01  0.24821121E+03 -0.83024253E+02
  0.20900000E+01  0.25037318E+03 -0.83934798E+02
  0.21000000E+01  0.25265024E+03 -0.84434733E+02
  0.21100000E+01  0.25453914E+03 -0.84338260E+02
  0.21200000E+01  0.25565278E+03 -0.83782090E+02
  0.21300000E+01  0.25585136E+03 -0.83211686E+02
  0.21400000E+01  0.25529472E+03 -0.83072389E+02
  0.21500000E+01  0.25439259E+03 -0.83540851E+02
  0.21600000E+01  0.25366883E+03 -0.84512025E+02
  0.21700000E+01  0.25358915E+03 -0.85744349E+02
  0.21800000E+01  0.25441284E+03 -0.86984898E+02
  0.21900000E+01  0.25611541E+03 -0.88030717E+02
  0.22000000E+01  0.25840123E+03 -0.88760945E+02
  0.22100000E+01  0.26079686E+03 -0.89125314E+02
  0.22200000E+01  0.26279553E+03 -0.89104835E+02
  0.22300000E+01  0.26401183E+03 -0.88748215E+02
  0.22400000E+01  0.26430270E+03 -0.88272195E+02
  0.22500000E+01  0.26381695E+03 -0.88038207E+02
  0.22600000E+01  0.26295381E+03 -0.88344982E+02
  0.22700000E+01  0.26223929E+03 -0.89240090E+02
  0.22800000E+01  0.26215873E+03 -0.90525862E+02
  0.22900000E+01  0.26300103E+03 -0.91898022E+02
  0.23000000E+01  0.26476687E+03 -0.93069532E+02
  0.23100000E+01  0.26716981E+03 -0.93841614E+02
  0.23200000E+01  0.26972739E+03 -0.94152444E+02
  0.23300000E+01  0.27191126E+03 -0.94075961E+02
  0.23400000E+01  0.27330954E+03 -0.93751222E+02
  0.23500000E+01  0.27375339E+03 -0.93349305E+02
  0.23600000E+01  0.27337064E+03 -0.93117848E+02
  0.23700000E+01  0.27254964E+03 -0.93335126E+02
  0.23800000E+01  0.27182194E+03 -0.94132333E+02
  0.23900000E+01  0.27169816E+03 -0.95390482E+02
  0.24000000E+01  0.27250794E+03 -0.96818266E+02
  0.24100000E+01  0.27429519E+03 -0.98098535E+02
  0.24200000E+01  0.27680294E+03 -0.98989357E+02
  0.24300000E+01  0.27955216E+03 -0.99381238E+02
  0.24400000E+01  0.28198947E+03 -0.99322478E+02
  0.24500000E+01  0.28365730E+03 -0.98974128E+02
  0.24600000E+01  0.28433470E+03 -0.98537675E+02
  0.24700000E+01  0.28410657E+03 -0.98258770E+02
  0.24800000E+01  0.28334007E+03 -0.98410483E+02
  0.24900000E+01  0.28257472E+03 -0.99142917E+02
  0.25000000E+01  0.28235833E+03 -0.10036484E+03
  0.25100000E+01  0.28307870E+03 -0.10180620E+03
  0.25200000E+01  0.28484274E+03 -0.10316408E+03
  0.25300000E+01  0.28744099E+03 -0.10419472E+03
  0.25400000E+01  0.29040895E+03 -0.10474805E+03
  0.25500000E+01  0.29316715E+03 -0.10479468E+03
  0.25600000E+01  0.29519767E+03 -0.10443760E+03
  0.25700000E+01  0.29620333E+03 -0.10389942E+03
  0.25800000E+01  0.29620085E+03 -0.10350377E+03
  0.25900000E+01  0.29551879E+03 -0.10357395E+03
  0.26000000E+01  0.29470032E+03 -0.10424809E+03
  0.26100000E+01  0.29434007E+03 -0.10541552E+03
  0.26200000E+01  0.29490426E+03 -0.10683496E+03
  0.26300000E+01  0.29658797E+03 -0.10826246E+03
  0.26400000E+01  0.29925246E+03 -0.10947682E+03
  0.26500000E+01  0.30246214E+03 -0.11026474E+03
  0.26600000E+01  0.30561226E+03 -0.11046762E+03
  0.26700000E+01  0.30811052E+03 -0.11009887E+03
  0.26800000E+01  0.30955825E+03 -0.10943092E+03
  0.26900000E+01  0.30987493E+03 -0.10890626E+03
  0.27000000E+01  0.30932685E+03 -0.10887654E+03
  0.27100000E+01  0.30845040E+03 -0.10943019E+03
  0.27200000E+01  0.30789365E+03 -0.11046749E+03
  0.27300000E+01  0.30822330E+03 -0.11184427E+03
  0.27400000E+01  0.30975347E+03 -0.11339429E+03
  0.27500000E+01  0.31244646E+03 -0.11486635E+03
  0.27600000E+01  0.31591618E+03 -0.11591972E+03
  0.27700000E+01  0.31953672E+03 -0.11626856E+03
  0.27800000E+01  0.32262705E+03 -0.11591012E+03
  0.27900000E+01  0.32465735E+03 -0.11518558E+03
  0.28000000E+01  0.32541349E+03 -0.11454513E+03
  0.28100000E+01  0.32506787E+03 -0.11429466E+03
  0.28200000E+01  0.32413445E+03 -0.11457749E+03
  0.28300000E+01  0.32332082E+03 -0.11544712E+03
  0.28400000E+01  0.32332069E+03 -0.11685351E+03
  0.28500000E+01  0.32460614E+03 -0.11858855E+03
  0.28600000E+01  0.32727984E+03 -0.12029540E+03
  0.28700000E+01  0.33103262E+03 -0.12157855E+03
  0.28800000E+01  0.33522348E+03 -0.12216109E+03
  0.28900000E+01  0.33906353E+03 -0.12198655E+03
  0.29000000E+01  0.34185194E+03 -0.12123930E+03
  0.29100000E+01  0.34319267E+03 -0.12030913E+03
  0.29200000E+01  0.34312432E+03 -0.11966525E+03
  0.29300000E+01  0.34212119E+03 -0.11966119E+03
  0.29400000E+01  0.34096313E+03 -0.12041303E+03
  0.29500000E+01  0.34051029E+03 -0.12181962E+03
  0.29600000E+01  0.34144669E+03 -0.12365532E+03
  0.29700000E+01  0.34406636E+03 -0.12562233E+03
  0.29800000E+01  0.34816700E+03 -0.12732481E+03
  0.29900000E+01  0.35308889E+03 -0.12830727E+03
  0.30000000E+01  0.35789646E+03 -0.12828632E+03
  0.30100000E+01  0.36165524E+03 -0.12738788E+03
  0.30200000E+01  0.36372243E+03 -0.12610565E+03
  0.30300000E+01  0.36396025E+03 -0.12502956E+03
  0.30400000E+01  0.36280144E+03 -0.12461315E+03
  0.30500000E+01  0.36114088E+03 -0.12509875E+03
  0.30600000E+01  0.36008021E+03 -0.12650713E+03
  0.30700000E+01  0.36059637E+03 -0.12862250E+03
  0.30800000E+01  0.36323027E+03 -0.13103199E+03
  0.30900000E+01  0.36789171E+03 -0.13321388E+03
  0.31000000E+01  0.37384939E+03 -0.13460863E+03
  0.31100000E+01  0.37992470E+03 -0.13476763E+03
  0.31200000E+01  0.38484372E+03 -0.13364243E+03
  0.31300000E+01  0.38764481E+03 -0.13175426E+03
  0.31400000E+01  0.38801069E+03 -0.12996793E+03
  0.31500000E+01  0.38640995E+03 -0.12904155E+03
  0.31600000E+01  0.38398943E+03 -0.12936753E+03
  0.31700000E+01  0.38223819E+03 -0.13098040E+03
  0.31800000E+01  0.38251856E+03 -0.13360938E+03
  0.31900000E+01  0.38560791E+03 -0.13670689E+03
  0.32000000E+01  0.39140208E+03 -0.13952180E+03
  0.32100000E+01  0.39889279E+03 -0.14123523E+03
  0.32200000E+01  0.40645159E+03 -0.14120740E+03
  0.32300000E+01  0.41234968E+03 -0.13936746E+03
  0.32400000E+01  0.41535124E+03 -0.13647935E+03
  0.32500000E+01  0.41517371E+03 -0.13385086E+03
  0.32600000E+01  0.41263935E+03 -0.13262524E+03
  0.32700000E+01  0.40944248E+03 -0.13331468E+03
  0.32800000E+01  0.40759282E+03 -0.13579503E+03
  0.32900000E+01  0.40871658E+03 -0.13946550E+03
  0.33000000E+01  0.41345940E+03 -0.14338149E+03
  0.33100000E+01  0.42121396E+03 -0.14640792E+03
  0.33200000E+01  0.43029228E+03 -0.14748943E+03
  0.33300000E+01  0.43850590E+03 -0.14610522E+03
  0.33400000E+01  0.44395898E+03 -0.14276142E+03
  0.33500000E+01  0.44576095E+03 -0.13898433E+03
  0.33600000E+01  0.44437692E+03 -0.13654077E+03
  0.33700000E+01  0.44146359E+03 -0.13650574E+03
  0.33800000E+01  0.43924133E+03 -0.13890586E+03
  0.33900000E+01  0.43964518E+03 -0.14290561E+03
  0.34000000E+01  0.44359403E+03 -0.14716236E+03
  0.34100000E+01  0.45067190E+03 -0.15022670E+03
  0.34200000E+01  0.45934495E+03 -0.15103448E+03
  0.34300000E+01  0.46761334E+03 -0.14942801E+03
  0.34400000E+01  0.47381533E+03 -0.14634996E+03
  0.34500000E+01  0.47724320E+03 -0.14337914E+03
  0.34600000E+01  0.47832319E+03 -0.14189981E+03
  0.34700000E+01  0.47831501E+03 -0.14250313E+03
  0.34800000E+01  0.47870381E+03 -0.14481449E+03
  0.34900000E+01  0.48058482E+03 -0.14769553E+03
  0.35000000E+01  0.48431590E+03 -0.14981657E+03
  0.35100000E+01  0.48955362E+03 -0.15041242E+03
  0.35200000E+01  0.49558424E+03 -0.14973304E+03
  0.35300000E+01  0.50172570E+03 -0.14876862E+03
  0.35400000E+01  0.50757937E+03 -0.14844976E+03
  0.35500000E+01  0.51303919E+03 -0.14901737E+03
  0.35600000E+01  0.51813003E+03 -0.14996537E+03
  0.35700000E+01  0.52284201E+03 -0.15045340E+03
  0.35800000E+01  0.52709786E+03 -0.14994081E+03
  0.35900000E+01  0.53086767E+03 -0.14867659E+03
  0.36000000E+01  0.53432301E+03 -0.14759219E+03
  0.36100000E+01  0.53788690E+03 -0.14759612E+03
  0.36200000E+01  0.54211027E+03 -0.14888070E+03
  0.36300000E+01  0.54743158E+03 -0.15078223E+03
  0.36400000E+01  0.55396124E+03 -0.15222653E+03
  0.36500000E+01  0.56141984E+03 -0.15245632E+03
  0.36600000E+01  0.56926105E+03 -0.15155235E+03
  0.36700000E+01  0.57690212E+03 -0.15027548E+03
  0.36800000E+01  0.58393743E+03 -0.14935276E+03
  0.36900000E+01  0.59024573E+03 -0.14892321E+03
  0.37000000E+01  0.59597822E+03 -0.14860972E+03
  0.37100000E+01  0.60147371E+03 -0.14805253E+03
  0.37200000E+01  0.60715552E+03 -0.14736254E+03
  0.37300000E+01  0.61343740E+03 -0.14700600E+03
  0.37400000E+01  0.62064044E+03 -0.14722442E+03
  0.37500000E+01  0.62892226E+03 -0.14766828E+03
  0.37600000E+01  0.63823484E+03 -0.14767904E+03
  0.37700000E+01  0.64833466E+03 -0.14690725E+03
  0.37800000E+01  0.65885398E+03 -0.14555981E+03
  0.37900000E+01  0.66941474E+03 -0.14400592E+03
  0.38000000E+01  0.67974693E+03 -0.14231230E+03
  0.38100000E+01  0.68977281E+03 -0.14033001E+03
  0.38200000E+01  0.69963374E+03 -0.13812280E+03
  0.38300000E+01  0.70965653E+03 -0.13602998E+03
  0.38400000E+01  0.72027260E+03 -0.13423608E+03
  0.38500000E+01  0.73191434E+03 -0.13251144E+03
  0.38600000E+01  0.74491760E+03 -0.13049529E+03
  0.38700000E+01  0.75945745E+03 -0.12802553E+03
  0.38800000E+01  0.77553477E+03 -0.12503837E+03
  0.38900000E+01  0.79301774E+03 -0.12135651E+03
  0.39000000E+01  0.81172830E+03 -0.11678869E+03
  0.39100000E+01  0.83155357E+03 -0.11129026E+03
  0.39200000E+01  0.85255673E+03 -0.10488391E+03
  0.39300000E+01  0.87506007E+03 -0.97572436E+02
  0.39400000E+01  0.89967486E+03 -0.89364814E+02
  0.39500000E+01  0.92725794E+03 -0.80192222E+02
  0.39600000E+01  0.95878213E+03 -0.69780834E+02
  0.39700000E+01  0.99511777E+03 -0.57673926E+02
  0.39800000E+01  0.10367377E+04 -0.43292336E+02
  0.39900000E+01  0.10833816E+04 -0.25957821E+02
  0.40000000E+01  0.11337496E+04 -0.49197822E+01
  0.40100000E+01  0.11853276E+04  0.20607681E+02
  0.40200000E+01  0.12344591E+04  0.51340482E+02
  0.40300000E+01  0.12767378E+04  0.87685190E+02
  0.40400000E+01  0.13077066E+04  0.12935481E+03
  0.40500000E+01  0.13237229E+04  0.17498124E+03
  0.40600000E+01  0.13227535E+04  0.22208382E+03
  0.40700000E+01  0.13048446E+04  0.26768350E+03
  0.40800000E+01  0.12721056E+04  0.30928472E+03
  0.40900000E+01  0.12282047E+04  0.34552386E+03
  0.41000000E+01  0.11775482E+04  0.37615635E+03
  0.41100000E+01  0.11244036E+04  0.40165347E+03
  0.41200000E+01  0.10722160E+04  0.42278729E+03
  0.41300000E+01  0.10232632E+04  0.44036318E+03
  0.41400000E+01  0.97865896E+03  0.45508662E+03
  0.41500000E+01  0.93860764E+03  0.46750721E+03
  0.41600000E+01  0.90276618E+03  0.47800265E+03
  0.41700000E+01  0.87058258E+03  0.48680024E+03
  0.41800000E+01  0.84153039E+03  0.49404528E+03
  0.41900000E+01  0.81521591E+03  0.49989070E+03
  0.42000000E+01  0.79137964E+03  0.50454516E+03
  0.42100000E+01  0.76983616E+03  0.50825640E+03
  0.42200000E+01  0.75039875E+03  0.51126624E+03
  0.42300000E+01  0.73282346E+03  0.51378114E+03
  0.42400000E+01  0.71679009E+03  0.51596364E+03
  0.42500000E+01  0.70192204E+03  0.51793138E+03
  0.42600000E+01  0.68783543E+03  0.51975745E+03
  0.42700000E+01  0.67420096E+03  0.52145789E+03
  0.42800000E+01  0.66079988E+03  0.52298121E+03
  0.42900000E+01  0.64755648E+03  0.52422465E+03
  0.43000000E+01  0.63453630E+03  0.52507701E+03
  0.43100000E+01  0.62190867E+03  0.52549035E+03
  0.43200000E+01  0.60988375E+03  0.52551325E+03
  0.43300000E+01  0.59864173E+03  0.52525024E+03
  0.43400000E+01  0.58827400E+03  0.52482343E+03
  0.43500000E+01  0.57875140E+03  0.52434802E+03
  0.43600000E+01  0.56992617E+03  0.52390525E+03
  0.43700000E+01  0.56156562E+03  0.52354568E+03
  0.43800000E+01  0.55340771E+03  0.52329991E+03
  0.43900000E+01  0.54522455E+03  0.52314829E+03
  0.44000000E+01  0.53687750E+03  0.52300281E+03
  0.44100000E+01  0.52834910E+03  0.52274760E+03
  0.44200000E+01  0.51974246E+03  0.52227490E+03
  0.44300000E+01  0.51124780E+03  0.52151423E+03
  0.44400000E+01  0.50308574E+03  0.52048929E+03
  0.44500000E+01  0.49544361E+03  0.51930568E+03
  0.44600000E+01  0.48842306E+03  0.51806387E+03
  0.44700000E+01  0.48201232E+03  0.51683617E+03
  0.44800000E+01  0.47608919E+03  0.51569695E+03
  0.44900000E+01  0.47045251E+03  0.51470902E+03
  0.45000000E+01  0.46487347E+03  0.51387935E+03
  0.45100000E+01  0.45915390E+03  0.51315966E+03
  0.45200000E+01  0.45317671E+03  0.51248887E+03
  0.45300000E+01  0.44693514E+03  0.51177791E+03
  0.45400000E+01  0.44053229E+03  0.51089099E+03
  0.45500000E+01  0.43415042E+03  0.50974770E+03
  0.45600000E+01  0.42799901E+03  0.50840024E+03
  0.45700000E+01  0.42225648E+03  0.50694958E+03
  0.45800000E+01  0.41702210E+03  0.50545955E+03
  0.45900000E+01  0.41229042E+03  0.50398720E+03
  0.46000000E+01  0.40795383E+03  0.50261789E+03
  0.46100000E+01  0.40383118E+03  0.50142007E+03
  0.46200000E+01  0.39971468E+03  0.50038908E+03
  0.46300000E+01  0.39542342E+03  0.49946324E+03
  0.46400000E+01  0.39085015E+03  0.49858439E+03
  0.46500000E+01  0.38598876E+03  0.49769506E+03
  0.46600000E+01  0.38093470E+03  0.49668363E+03
  0.46700000E+01  0.37585743E+03  0.49543753E+03
  0.46800000E+01  0.37095299E+03  0.49397619E+03
  0.46900000E+01  0.36639028E+03  0.49242973E+03
  0.47000000E+01  0.36226616E+03  0.49089176E+03
  0.47100000E+01  0.35858122E+03  0.48938506E+03
  0.47200000E+01  0.35524090E+03  0.48794097E+03
  0.47300000E+01  0.35208102E+03  0.48663250E+03
  0.47400000E+01  0.34891034E+03  0.48551695E+03
  0.47500000E+01  0.34556010E+03  0.48456006E+03
  0.47600000E+01  0.34192768E+03  0.48363986E+03
  0.47700000E+01  0.33800328E+03  0.48264620E+03
  0.47800000E+01  0.33387161E+03  0.48154508E+03
  0.47900000E+01  0.32968798E+03  0.48032216E+03
  0.48000000E+01  0.32563537E+03  0.47893168E+03
  0.48100000E+01  0.32187462E+03  0.47737332E+03
  0.48200000E+01  0.31850192E+03  0.47576427E+03
  0.48300000E+01  0.31552474E+03  0.47424746E+03
  0.48400000E+01  0.31286154E+03  0.47286972E+03
  0.48500000E+01  0.31036404E+03  0.47160151E+03
  0.48600000E+01  0.30785564E+03  0.47042479E+03
  0.48700000E+01  0.30517672E+03  0.46936131E+03
  0.48800000E+01  0.30222596E+03  0.46842062E+03
  0.48900000E+01  0.29898699E+03  0.46751831E+03
  0.49000000E+01  0.29553243E+03  0.46648369E+03
  0.49100000E+01  0.29200349E+03  0.46520964E+03
  0.49200000E+01  0.28857067E+03  0.46376270E+03
  0.49300000E+01  0.28538754E+03  0.46228519E+03
  0.49400000E+01  0.28255076E+03  0.46083153E+03
  0.49500000E+01  0.28007634E+03  0.45937131E+03
  0.49600000E+01  0.27789687E+03  0.45792355E+03
  0.49700000E+01  0.27587942E+03  0.45659270E+03
  0.49800000E+01  0.27385984E+03  0.45546089E+03
  0.49900000E+01  0.27168540E+03  0.45450381E+03
  0.50000000E+01  0.26925477E+03  0.45360665E+03
  0.50100000E+01  0.26654443E+03  0.45263852E+03
  0.50200000E+01  0.26361391E+03  0.45154040E+03
  0.50300000E+01  0.26058879E+03  0.45034427E+03
  0.50400000E+01  0.25762670E+03  0.44908191E+03
  0.50500000E+01  0.25487561E+03  0.44771667E+03
  0.50600000E+01  0.25243519E+03  0.44622620E+03
  0.50700000E+01  0.25033116E+03  0.44470718E+03
  0.50800000E+01  0.24850922E+03  0.44331669E+03
  0.50900000E+01  0.24685036E+03  0.44212400E+03
  0.51000000E+01  0.24520280E+03  0.44107101E+03
  0.51100000E+01  0.24342149E+03  0.44007061E+03
  0.51200000E+01  0.24140479E+03  0.43908964E+03
  0.51300000E+01  0.23911971E+03  0.43812695E+03
  0.51400000E+01  0.23661009E+03  0.43716023E+03
  0.51500000E+01  0.23398560E+03  0.43612188E+03
  0.51600000E+01  0.23139303E+03  0.43491821E+03
  0.51700000E+01  0.22897668E+03  0.43351665E+03
  0.51800000E+01  0.22683906E+03  0.43202342E+03
  0.51900000E+01  0.22501392E+03  0.43061391E+03
  0.52000000E+01  0.22345960E+03  0.42937088E+03
  0.52100000E+01  0.22207257E+03  0.42823641E+03
  0.52200000E+01  0.22071527E+03  0.42713158E+03
  0.52300000E+01  0.21925015E+03  0.42606943E+03
  0.52400000E+01  0.21757286E+03  0.42511466E+03
  0.52500000E+01  0.21563871E+03  0.42426606E+03
  0.52600000E+01  0.21347597E+03  0.42341761E+03
  0.52700000E+01  0.21118011E+03  0.42242799E+03
  0.52800000E+01  0.20888806E+03  0.42122038E+03
  0.52900000E+01  0.20673940E+03  0.41984516E+03
  0.53000000E+01  0.20483756E+03  0.41845445E+03
  0.53100000E+01  0.20322398E+03  0.41717796E+03
  0.53200000E+01  0.20187114E+03  0.41601171E+03
  0.53300000E+01  0.20069287E+03  0.41486642E+03
  0.53400000E+01  0.19956617E+03  0.41372164E+03
  0.53500000E+01  0.19835967E+03  0.41266775E+03
  0.53600000E+01  0.19696509E+03  0.41178564E+03
  0.53700000E+01  0.19532629E+03  0.41102833E+03
  0.53800000E+01  0.19345703E+03  0.41023810E+03
  0.53900000E+01  0.19143908E+03  0.40927092E+03
  0.54000000E+01  0.18939857E+03  0.40809754E+03
  0.54100000E+01  0.18746884E+03  0.40680448E+03
  0.54200000E+01  0.18575348E+03  0.40552352E+03
  0.54300000E+01  0.18430195E+03  0.40433522E+03
  0.54400000E+01  0.18310169E+03  0.40320958E+03
  0.54500000E+01  0.18208419E+03  0.40207018E+03
  0.54600000E+01  0.18114092E+03  0.40092822E+03
  0.54700000E+01  0.18014689E+03  0.39989884E+03
  0.54800000E+01  0.17899070E+03  0.39906577E+03
  0.54900000E+01  0.17760549E+03  0.39836564E+03
  0.55000000E+01  0.17599054E+03  0.39762517E+03
  0.55100000E+01  0.17421304E+03  0.39670387E+03
  0.55200000E+01  0.17238747E+03  0.39559185E+03
  0.55300000E+01  0.17064055E+03  0.39438322E+03
  0.55400000E+01  0.16907602E+03  0.39318719E+03
  0.55500000E+01  0.16775086E+03  0.39205950E+03
  0.55600000E+01  0.16666641E+03  0.39097604E+03
  0.55700000E+01  0.16577113E+03  0.38987664E+03
  0.55800000E+01  0.16497163E+03  0.38876580E+03
  0.55900000E+01  0.16415144E+03  0.38774760E+03
  0.56000000E+01  0.16319813E+03  0.38692256E+03
  0.56100000E+01  0.16203468E+03  0.38625632E+03
  0.56200000E+01  0.16064464E+03  0.38558140E+03
  0.56300000E+01  0.15907901E+03  0.38473848E+03
  0.56400000E+01  0.15744007E+03  0.38369961E+03
  0.56500000E+01  0.15584868E+03  0.38255629E+03
  0.56600000E+01  0.15440927E+03  0.38141849E+03
  0.56700000E+01  0.15318533E+03  0.38033931E+03
  0.56800000E+01  0.15218960E+03  0.37930501E+03
  0.56900000E+01  0.15138550E+03  0.37826861E+03
  0.57000000E+01  0.15069541E+03  0.37721450E+03
  0.57100000E+01  0.15001463E+03  0.37620751E+03
  0.57200000E+01  0.14923347E+03  0.37535387E+03
  0.57300000E+01  0.14826640E+03  0.37468256E+03
  0.57400000E+01  0.14707971E+03  0.37407405E+03
  0.57500000E+01  0.14570521E+03  0.37334463E+03
  0.57600000E+01  0.14423121E+03  0.37240550E+03
  0.57700000E+01  0.14277339E+03  0.37131767E+03
  0.57800000E+01  0.14143881E+03  0.37020752E+03
  0.57900000E+01  0.14029791E+03  0.36915751E+03
  0.58000000E+01  0.13937242E+03  0.36817100E+03
  0.58100000E+01  0.13863699E+03  0.36720647E+03
  0.58200000E+01  0.13802779E+03  0.36623123E+03
  0.58300000E+01  0.13745415E+03  0.36526420E+03
  0.58400000E+01  0.13681467E+03  0.36438082E+03
  0.58500000E+01  0.13602026E+03  0.36365487E+03
  0.58600000E+01  0.13502087E+03  0.36306140E+03
  0.58700000E+01  0.13382536E+03  0.36245013E+03
  0.58800000E+01  0.13250288E+03  0.36166110E+03
  0.58900000E+01  0.13116151E+03  0.36066564E+03
  0.59000000E+01  0.12991281E+03  0.35957164E+03
  0.59100000E+01  0.12883797E+03  0.35851140E+03
  0.59200000E+01  0.12796916E+03  0.35754297E+03
  0.59300000E+01  0.12728903E+03  0.35664186E+03
  0.59400000E+01  0.12674199E+03  0.35575724E+03
  0.59500000E+01  0.12624852E+03  0.35486758E+03
  0.59600000E+01  0.12571891E+03  0.35400108E+03
  0.59700000E+01  0.12506880E+03  0.35321901E+03
  0.59800000E+01  0.12423905E+03  0.35256427E+03
  0.59900000E+01  0.12321614E+03  0.35199154E+03
  0.60000000E+01  0.12204317E+03  0.35135867E+03
