  0.20000000E+00  0.18993199E+03 -0.20467329E+02
  0.21000000E+00  0.18996911E+03 -0.21480424E+02
  0.22000000E+00  0.19087698E+03 -0.21686604E+02
  0.23000000E+00  0.19221923E+03 -0.21256726E+02
  0.24000000E+00  0.19344190E+03 -0.20616229E+02
  0.25000000E+00  0.19410894E+03 -0.19971203E+02
  0.26000000E+00  0.19405446E+03 -0.19354226E+02
  0.27000000E+00  0.19340589E+03 -0.18908087E+02
  0.28000000E+00  0.19249210E+03 -0.18896877E+02
  0.29000000E+00  0.19169185E+03 -0.19404891E+02
  0.30000000E+00  0.19129036E+03 -0.20156148E+02
  0.31000000E+00  0.19139612E+03 -0.20737144E+02
  0.32000000E+00  0.19193673E+03 -0.20945757E+02
  0.33000000E+00  0.19271685E+03 -0.20889747E+02
  0.34000000E+00  0.19350028E+03 -0.20797811E+02
  0.35000000E+00  0.19408023E+03 -0.20797355E+02
  0.36000000E+00  0.19432150E+03 -0.20859560E+02
  0.37000000E+00  0.19417951E+03 -0.20863503E+02
  0.38000000E+00  0.19370749E+03 -0.20740835E+02
  0.39000000E+00  0.19305434E+03 -0.20621699E+02
  0.40000000E+00  0.19244304E+03 -0.20770226E+02
  0.41000000E+00  0.19211792E+03 -0.21319209E+02
  0.42000000E+00  0.19226413E+03 -0.22106916E+02
  0.43000000E+00  0.19292413E+03 -0.22829692E+02
  0.44000000E+00  0.19394972E+03 -0.23301414E+02
  0.45000000E+00  0.19502333E+03 -0.23501210E+02
  0.46000000E+00  0.19575754E+03 -0.23440058E+02
  0.47000000E+00  0.19584714E+03 -0.23079683E+02
  0.48000000E+00  0.19521578E+03 -0.22471584E+02
  0.49000000E+00  0.19408753E+03 -0.21981931E+02
  0.50000000E+00  0.19293385E+03 -0.22169236E+02
  0.51000000E+00  0.19229723E+03 -0.23268507E+02
  0.52000000E+00  0.19255544E+03 -0.24880089E+02
  0.53000000E+00  0.19373091E+03 -0.26261687E+02
  0.54000000E+00  0.19544241E+03 -0.26874241E+02
  0.55000000E+00  0.19703808E+03 -0.26631600E+02
  0.56000000E+00  0.19786487E+03 -0.25788262E+02
  0.57000000E+00  0.19756142E+03 -0.24758458E+02
  0.58000000E+00  0.19624176E+03 -0.24001639E+02
  0.59000000E+00  0.19447800E+03 -0.23944663E+02
  0.60000000E+00  0.19307495E+03 -0.24875812E+02
  0.61000000E+00  0.19272438E+03 -0.26706022E+02
  0.62000000E+00  0.19368868E+03 -0.28786951E+02
  0.63000000E+00  0.19566123E+03 -0.30172243E+02
  0.64000000E+00  0.19787839E+03 -0.30236414E+02
  0.65000000E+00  0.19944375E+03 -0.29104430E+02
  0.66000000E+00  0.19972389E+03 -0.27532154E+02
  0.67000000E+00  0.19863622E+03 -0.26406532E+02
  0.68000000E+00  0.19669555E+03 -0.26275435E+02
  0.69000000E+00  0.19479520E+03 -0.27203462E+02
  0.70000000E+00  0.19381825E+03 -0.28933123E+02
  0.71000000E+00  0.19425153E+03 -0.31003522E+02
  0.72000000E+00  0.19597367E+03 -0.32718883E+02
  0.73000000E+00  0.19831120E+03 -0.33337006E+02
  0.74000000E+00  0.20033698E+03 -0.32590110E+02
  0.75000000E+00  0.20127594E+03 -0.31013246E+02
  0.76000000E+00  0.20083577E+03 -0.29621556E+02
  0.77000000E+00  0.19931689E+03 -0.29222533E+02
  0.78000000E+00  0.19746073E+03 -0.29994998E+02
  0.79000000E+00  0.19611491E+03 -0.31562142E+02
  0.80000000E+00  0.19587205E+03 -0.33328968E+02
  0.81000000E+00  0.19684017E+03 -0.34767420E+02
  0.82000000E+00  0.19863288E+03 -0.35523058E+02
  0.83000000E+00  0.20056548E+03 -0.35452601E+02
  0.84000000E+00  0.20195596E+03 -0.34702770E+02
  0.85000000E+00  0.20239499E+03 -0.33750204E+02
  0.86000000E+00  0.20187680E+03 -0.33223529E+02
  0.87000000E+00  0.20075376E+03 -0.33506538E+02
  0.88000000E+00  0.19955791E+03 -0.34467732E+02
  0.89000000E+00  0.19878214E+03 -0.35624668E+02
  0.90000000E+00  0.19871444E+03 -0.36563730E+02
  0.91000000E+00  0.19937635E+03 -0.37193486E+02
  0.92000000E+00  0.20056202E+03 -0.37644065E+02
  0.93000000E+00  0.20193617E+03 -0.37991774E+02
  0.94000000E+00  0.20314322E+03 -0.38155177E+02
  0.95000000E+00  0.20389678E+03 -0.38082030E+02
  0.96000000E+00  0.20404124E+03 -0.37917401E+02
  0.97000000E+00  0.20358708E+03 -0.37864927E+02
  0.98000000E+00  0.20271904E+03 -0.37983452E+02
  0.99000000E+00  0.20176677E+03 -0.38258922E+02
  0.10000000E+01  0.20112691E+03 -0.38779486E+02
  0.10100000E+01  0.20114051E+03 -0.39678401E+02
  0.10200000E+01  0.20195702E+03 -0.40909162E+02
  0.10300000E+01  0.20344087E+03 -0.42125725E+02
  0.10400000E+01  0.20517786E+03 -0.42812016E+02
  0.10500000E+01  0.20660498E+03 -0.42641318E+02
  0.10600000E+01  0.20722882E+03 -0.41789575E+02
  0.10700000E+01  0.20684464E+03 -0.40857107E+02
  0.10800000E+01  0.20565211E+03 -0.40457320E+02
  0.10900000E+01  0.20420132E+03 -0.40877046E+02
  0.11000000E+01  0.20317849E+03 -0.42047422E+02
  0.11100000E+01  0.20311858E+03 -0.43682162E+02
  0.11200000E+01  0.20417193E+03 -0.45336341E+02
  0.11300000E+01  0.20603273E+03 -0.46446202E+02
  0.11400000E+01  0.20806526E+03 -0.46577826E+02
  0.11500000E+01  0.20957289E+03 -0.45779420E+02
  0.11600000E+01  0.21008880E+03 -0.44647341E+02
  0.11700000E+01  0.20955905E+03 -0.43954001E+02
  0.11800000E+01  0.20834281E+03 -0.44145272E+02
  0.11900000E+01  0.20704170E+03 -0.45123320E+02
  0.12000000E+01  0.20624612E+03 -0.46446883E+02
  0.12100000E+01  0.20631310E+03 -0.47699030E+02
  0.12200000E+01  0.20726141E+03 -0.48654294E+02
  0.12300000E+01  0.20880626E+03 -0.49211382E+02
  0.12400000E+01  0.21049532E+03 -0.49343210E+02
  0.12500000E+01  0.21187657E+03 -0.49148495E+02
  0.12600000E+01  0.21263465E+03 -0.48871132E+02
  0.12700000E+01  0.21266276E+03 -0.48772283E+02
  0.12800000E+01  0.21206931E+03 -0.48931350E+02
  0.12900000E+01  0.21113667E+03 -0.49230459E+02
  0.13000000E+01  0.21024817E+03 -0.49597674E+02
  0.13100000E+01  0.20979220E+03 -0.50180023E+02
  0.13200000E+01  0.21005144E+03 -0.51158397E+02
  0.13300000E+01  0.21109966E+03 -0.52423453E+02
  0.13400000E+01  0.21274513E+03 -0.53534919E+02
  0.13500000E+01  0.21456158E+03 -0.54039869E+02
  0.13600000E+01  0.21601966E+03 -0.53814155E+02
  0.13700000E+01  0.21668395E+03 -0.53115013E+02
  0.13800000E+01  0.21639774E+03 -0.52397878E+02
  0.13900000E+01  0.21536871E+03 -0.52100960E+02
  0.14000000E+01  0.21410574E+03 -0.52497937E+02
  0.14100000E+01  0.21322346E+03 -0.53625047E+02
  0.14200000E+01  0.21319550E+03 -0.55230686E+02
  0.14300000E+01  0.21416433E+03 -0.56785764E+02
  0.14400000E+01  0.21589093E+03 -0.57714797E+02
  0.14500000E+01  0.21786198E+03 -0.57785992E+02
  0.14600000E+01  0.21950068E+03 -0.57267779E+02
  0.14700000E+01  0.22038540E+03 -0.56667947E+02
  0.14800000E+01  0.22038709E+03 -0.56373837E+02
  0.14900000E+01  0.21968406E+03 -0.56514591E+02
  0.15000000E+01  0.21866983E+03 -0.57031839E+02
  0.15100000E+01  0.21780733E+03 -0.57797586E+02
  0.15200000E+01  0.21748667E+03 -0.58686837E+02
  0.15300000E+01  0.21792301E+03 -0.59605309E+02
  0.15400000E+01  0.21910720E+03 -0.60482579E+02
  0.15500000E+01  0.22080945E+03 -0.61239394E+02
  0.15600000E+01  0.22263503E+03 -0.61753279E+02
  0.15700000E+01  0.22412979E+03 -0.61868365E+02
  0.15800000E+01  0.22491994E+03 -0.61519532E+02
  0.15900000E+01  0.22484841E+03 -0.60914507E+02
  0.16000000E+01  0.22405379E+03 -0.60514480E+02
  0.16100000E+01  0.22294630E+03 -0.60735756E+02
  0.16200000E+01  0.22207286E+03 -0.61676502E+02
  0.16300000E+01  0.22191486E+03 -0.63098521E+02
  0.16400000E+01  0.22270030E+03 -0.64584561E+02
  0.16500000E+01  0.22431245E+03 -0.65713026E+02
  0.16600000E+01  0.22633591E+03 -0.66190883E+02
  0.16700000E+01  0.22821913E+03 -0.65981604E+02
  0.16800000E+01  0.22948147E+03 -0.65378151E+02
  0.16900000E+01  0.22987870E+03 -0.64873214E+02
  0.17000000E+01  0.22946864E+03 -0.64837784E+02
  0.17100000E+01  0.22856735E+03 -0.65284346E+02
  0.17200000E+01  0.22762965E+03 -0.65978260E+02
  0.17300000E+01  0.22710439E+03 -0.66758769E+02
  0.17400000E+01  0.22730693E+03 -0.67655828E+02
  0.17500000E+01  0.22833388E+03 -0.68698179E+02
  0.17600000E+01  0.23003323E+03 -0.69720911E+02
  0.17700000E+01  0.23203887E+03 -0.70415980E+02
  0.17800000E+01  0.23387101E+03 -0.70563162E+02
  0.17900000E+01  0.23508568E+03 -0.70202409E+02
  0.18000000E+01  0.23543028E+03 -0.69609543E+02
  0.18100000E+01  0.23494603E+03 -0.69167600E+02
  0.18200000E+01  0.23396809E+03 -0.69238626E+02
  0.18300000E+01  0.23301336E+03 -0.70007948E+02
  0.18400000E+01  0.23259507E+03 -0.71332606E+02
  0.18500000E+01  0.23303826E+03 -0.72781810E+02
  0.18600000E+01  0.23436907E+03 -0.73915841E+02
  0.18700000E+01  0.23631687E+03 -0.74538383E+02
  0.18800000E+01  0.23841914E+03 -0.74698745E+02
  0.18900000E+01  0.24018138E+03 -0.74554965E+02
  0.19000000E+01  0.24123288E+03 -0.74287222E+02
  0.19100000E+01  0.24143272E+03 -0.74068932E+02
  0.19200000E+01  0.24090386E+03 -0.74036609E+02
  0.19300000E+01  0.23999425E+03 -0.74269907E+02
  0.19400000E+01  0.23917639E+03 -0.74822912E+02
  0.19500000E+01  0.23890747E+03 -0.75755842E+02
  0.19600000E+01  0.23948395E+03 -0.77047198E+02
  0.19700000E+01  0.24093576E+03 -0.78435748E+02
  0.19800000E+01  0.24300272E+03 -0.79452931E+02
  0.19900000E+01  0.24521292E+03 -0.79741191E+02
  0.20000000E+01  0.24704193E+03 -0.79360617E+02
  0.20100000E+01  0.24809490E+03 -0.78742212E+02
  0.20200000E+01  0.24824110E+03 -0.78351870E+02
  0.20300000E+01  0.24765151E+03 -0.78424378E+02
  0.20400000E+01  0.24673238E+03 -0.78951572E+02
  0.20500000E+01  0.24598710E+03 -0.79804273E+02
  0.20600000E+01  0.24585778E+03 -0.80832929E+02
  0.20700000E+01  0.24659411E+03 -0.81923673E+02
  0.20800000E+01  0.24818131E+03 -0.82995635E+02
  0.20900000E+01  0.25034306E+03 -0.83907806E+02
  0.21000000E+01  0.25262024E+03 -0.84408725E+02
  0.21100000E+01  0.25450911E+03 -0.84312498E+02
  0.21200000E+01  0.25562221E+03 -0.83756306E+02
  0.21300000E+01  0.25581960E+03 -0.83186173E+02
  0.21400000E+01  0.25526121E+03 -0.83047647E+02
  0.21500000E+01  0.25435708E+03 -0.83517273E+02
  0.21600000E+01  0.25363143E+03 -0.84489845E+02
  0.21700000E+01  0.25355029E+03 -0.85723680E+02
  0.21800000E+01  0.25437311E+03 -0.86965751E+02
  0.21900000E+01  0.25607537E+03 -0.88013039E+02
  0.22000000E+01  0.25836123E+03 -0.88744675E+02
  0.22100000E+01  0.26075698E+03 -0.89110288E+02
  0.22200000E+01  0.26275555E+03 -0.89090725E+02
  0.22300000E+01  0.26397136E+03 -0.88734751E+02
  0.22400000E+01  0.26426133E+03 -0.88259453E+02
  0.22500000E+01  0.26377445E+03 -0.88026566E+02
  0.22600000E+01  0.26291021E+03 -0.88334848E+02
  0.22700000E+01  0.26219492E+03 -0.89231717E+02
  0.22800000E+01  0.26211404E+03 -0.90519336E+02
  0.22900000E+01  0.26295647E+03 -0.91893244E+02
  0.23000000E+01  0.26472272E+03 -0.93066202E+02
  0.23100000E+01  0.26712605E+03 -0.93839349E+02
  0.23200000E+01  0.26968380E+03 -0.94151036E+02
  0.23300000E+01  0.27186751E+03 -0.94075495E+02
  0.23400000E+01  0.27326535E+03 -0.93751971E+02
  0.23500000E+01  0.27370870E+03 -0.93351548E+02
  0.23600000E+01  0.27332567E+03 -0.93121745E+02
  0.23700000E+01  0.27250481E+03 -0.93340704E+02
  0.23800000E+01  0.27177778E+03 -0.94139580E+02
  0.23900000E+01  0.27165511E+03 -0.95399405E+02
  0.24000000E+01  0.27246617E+03 -0.96828773E+02
  0.24100000E+01  0.27425457E+03 -0.98110277E+02
  0.24200000E+01  0.27676301E+03 -0.99001791E+02
  0.24300000E+01  0.27951236E+03 -0.99394031E+02
  0.24400000E+01  0.28194937E+03 -0.99335898E+02
  0.24500000E+01  0.28361680E+03 -0.98988936E+02
  0.24600000E+01  0.28429416E+03 -0.98554549E+02
  0.24700000E+01  0.28406670E+03 -0.98277810E+02
  0.24800000E+01  0.28330177E+03 -0.98431293E+02
  0.24900000E+01  0.28253875E+03 -0.99165089E+02
  0.25000000E+01  0.28232506E+03 -0.10038820E+03
  0.25100000E+01  0.28304794E+03 -0.10183060E+03
  0.25200000E+01  0.28481379E+03 -0.10318904E+03
  0.25300000E+01  0.28741285E+03 -0.10421959E+03
  0.25400000E+01  0.29038067E+03 -0.10477256E+03
  0.25500000E+01  0.29313820E+03 -0.10481945E+03
  0.25600000E+01  0.29516820E+03 -0.10446387E+03
  0.25700000E+01  0.29617421E+03 -0.10392810E+03
  0.25800000E+01  0.29617342E+03 -0.10353477E+03
  0.25900000E+01  0.29549446E+03 -0.10360651E+03
  0.26000000E+01  0.29468007E+03 -0.10428160E+03
  0.26100000E+01  0.29432411E+03 -0.10544962E+03
  0.26200000E+01  0.29489192E+03 -0.10686916E+03
  0.26300000E+01  0.29657785E+03 -0.10829596E+03
  0.26400000E+01  0.29924287E+03 -0.10950893E+03
  0.26500000E+01  0.30245172E+03 -0.11029562E+03
  0.26600000E+01  0.30560043E+03 -0.11049854E+03
  0.26700000E+01  0.30809782E+03 -0.11013145E+03
  0.26800000E+01  0.30954621E+03 -0.10946593E+03
  0.26900000E+01  0.30986562E+03 -0.10894334E+03
  0.27000000E+01  0.30932221E+03 -0.10891493E+03
  0.27100000E+01  0.30845156E+03 -0.10946915E+03
  0.27200000E+01  0.30790051E+03 -0.11050611E+03
  0.27300000E+01  0.30823446E+03 -0.11188133E+03
  0.27400000E+01  0.30976665E+03 -0.11342878E+03
  0.27500000E+01  0.31245923E+03 -0.11489814E+03
  0.27600000E+01  0.31592679E+03 -0.11594980E+03
  0.27700000E+01  0.31954478E+03 -0.11629858E+03
  0.27800000E+01  0.32263373E+03 -0.11594156E+03
  0.27900000E+01  0.32466507E+03 -0.11521924E+03
  0.28000000E+01  0.32542514E+03 -0.11458098E+03
  0.28100000E+01  0.32508584E+03 -0.11433183E+03
  0.28200000E+01  0.32415972E+03 -0.11461424E+03
  0.28300000E+01  0.32335257E+03 -0.11548148E+03
  0.28400000E+01  0.32335647E+03 -0.11688408E+03
  0.28500000E+01  0.32464261E+03 -0.11861502E+03
  0.28600000E+01  0.32731392E+03 -0.12031847E+03
  0.28700000E+01  0.33106259E+03 -0.12159951E+03
  0.28800000E+01  0.33524960E+03 -0.12218167E+03
  0.28900000E+01  0.33908809E+03 -0.12200873E+03
  0.29000000E+01  0.34187849E+03 -0.12126440E+03
  0.29100000E+01  0.34322481E+03 -0.12033668E+03
  0.29200000E+01  0.34316435E+03 -0.11969294E+03
  0.29300000E+01  0.34216923E+03 -0.11968617E+03
  0.29400000E+01  0.34101694E+03 -0.12043319E+03
  0.29500000E+01  0.34056598E+03 -0.12183416E+03
  0.29600000E+01  0.34150004E+03 -0.12366467E+03
  0.29700000E+01  0.34411433E+03 -0.12562785E+03
  0.29800000E+01  0.34820885E+03 -0.12732865E+03
  0.29900000E+01  0.35312651E+03 -0.12831196E+03
  0.30000000E+01  0.35793376E+03 -0.12829387E+03
  0.30100000E+01  0.36169666E+03 -0.12739862E+03
  0.30200000E+01  0.36377131E+03 -0.12611753E+03
  0.30300000E+01  0.36401747E+03 -0.12503898E+03
  0.30400000E+01  0.36286496E+03 -0.12461684E+03
  0.30500000E+01  0.36120647E+03 -0.12509519E+03
  0.30600000E+01  0.36014294E+03 -0.12649683E+03
  0.30700000E+01  0.36065246E+03 -0.12860748E+03
  0.30800000E+01  0.36327856E+03 -0.13101510E+03
  0.30900000E+01  0.36793404E+03 -0.13319800E+03
  0.31000000E+01  0.37388988E+03 -0.13459572E+03
  0.31100000E+01  0.37996808E+03 -0.13475790E+03
  0.31200000E+01  0.38489342E+03 -0.13363387E+03
  0.31300000E+01  0.38770151E+03 -0.13174302E+03
  0.31400000E+01  0.38807204E+03 -0.12995009E+03
  0.31500000E+01  0.38647147E+03 -0.12901530E+03
  0.31600000E+01  0.38404634E+03 -0.12933422E+03
  0.31700000E+01  0.38228731E+03 -0.13094343E+03
  0.31800000E+01  0.38255950E+03 -0.13357226E+03
  0.31900000E+01  0.38564308E+03 -0.13667198E+03
  0.32000000E+01  0.39143546E+03 -0.13948997E+03
  0.32100000E+01  0.39892814E+03 -0.14120556E+03
  0.32200000E+01  0.40649077E+03 -0.14117699E+03
  0.32300000E+01  0.41239192E+03 -0.13933245E+03
  0.32400000E+01  0.41539362E+03 -0.13643714E+03
  0.32500000E+01  0.41521255E+03 -0.13380192E+03
  0.32600000E+01  0.41267187E+03 -0.13257268E+03
  0.32700000E+01  0.40946789E+03 -0.13326239E+03
  0.32800000E+01  0.40761236E+03 -0.13574554E+03
  0.32900000E+01  0.40873253E+03 -0.13941883E+03
  0.33000000E+01  0.41347372E+03 -0.14333558E+03
  0.33100000E+01  0.42122726E+03 -0.14636001E+03
  0.33200000E+01  0.43030362E+03 -0.14743734E+03
  0.33300000E+01  0.43851352E+03 -0.14604848E+03
  0.33400000E+01  0.44396145E+03 -0.14270203E+03
  0.33500000E+01  0.44575801E+03 -0.13892571E+03
  0.33600000E+01  0.44436953E+03 -0.13648547E+03
  0.33700000E+01  0.44145317E+03 -0.13645393E+03
  0.33800000E+01  0.43922864E+03 -0.13885555E+03
  0.33900000E+01  0.43962956E+03 -0.14285379E+03
  0.34000000E+01  0.44357350E+03 -0.14710659E+03
  0.34100000E+01  0.45064409E+03 -0.15016683E+03
  0.34200000E+01  0.45930845E+03 -0.15097339E+03
  0.34300000E+01  0.46756853E+03 -0.14937050E+03
  0.34400000E+01  0.47376437E+03 -0.14629960E+03
  0.34500000E+01  0.47718905E+03 -0.14333544E+03
  0.34600000E+01  0.47826825E+03 -0.14185904E+03
  0.34700000E+01  0.47826005E+03 -0.14246178E+03
  0.34800000E+01  0.47864760E+03 -0.14477152E+03
  0.34900000E+01  0.48052470E+03 -0.14765214E+03
  0.35000000E+01  0.48424878E+03 -0.14977480E+03
  0.35100000E+01  0.48947703E+03 -0.15037370E+03
  0.35200000E+01  0.49549728E+03 -0.14969780E+03
  0.35300000E+01  0.50162945E+03 -0.14873719E+03
  0.35400000E+01  0.50747682E+03 -0.14842319E+03
  0.35500000E+01  0.51293453E+03 -0.14899750E+03
  0.35600000E+01  0.51802738E+03 -0.14995405E+03
  0.35700000E+01  0.52274388E+03 -0.15045100E+03
  0.35800000E+01  0.52700385E+03 -0.14994453E+03
  0.35900000E+01  0.53077440E+03 -0.14868081E+03
  0.36000000E+01  0.53422536E+03 -0.14759216E+03
  0.36100000E+01  0.53778039E+03 -0.14759244E+03
  0.36200000E+01  0.54199349E+03 -0.14887998E+03
  0.36300000E+01  0.54730725E+03 -0.15079338E+03
  0.36400000E+01  0.55383546E+03 -0.15225524E+03
  0.36500000E+01  0.56129958E+03 -0.15250111E+03
  0.36600000E+01  0.56915133E+03 -0.15160524E+03
  0.36700000E+01  0.57680423E+03 -0.15032762E+03
  0.36800000E+01  0.58384909E+03 -0.14940034E+03
  0.36900000E+01  0.59016286E+03 -0.14896892E+03
  0.37000000E+01  0.59589731E+03 -0.14865961E+03
  0.37100000E+01  0.60139356E+03 -0.14811117E+03
  0.37200000E+01  0.60707764E+03 -0.14743016E+03
  0.37300000E+01  0.61336518E+03 -0.14707965E+03
  0.37400000E+01  0.62057794E+03 -0.14730116E+03
  0.37500000E+01  0.62887308E+03 -0.14774713E+03
  0.37600000E+01  0.63820152E+03 -0.14776030E+03
  0.37700000E+01  0.64831861E+03 -0.14699073E+03
  0.37800000E+01  0.65885561E+03 -0.14564383E+03
  0.37900000E+01  0.66943371E+03 -0.14408796E+03
  0.38000000E+01  0.67978242E+03 -0.14239033E+03
  0.38100000E+01  0.68982386E+03 -0.14040306E+03
  0.38200000E+01  0.69969956E+03 -0.13819056E+03
  0.38300000E+01  0.70973675E+03 -0.13609216E+03
  0.38400000E+01  0.72036728E+03 -0.13429206E+03
  0.38500000E+01  0.73202376E+03 -0.13256013E+03
  0.38600000E+01  0.74504183E+03 -0.13053504E+03
  0.38700000E+01  0.75959582E+03 -0.12805452E+03
  0.38800000E+01  0.77568538E+03 -0.12505499E+03
  0.38900000E+01  0.79317714E+03 -0.12135944E+03
  0.39000000E+01  0.81189122E+03 -0.11677668E+03
  0.39100000E+01  0.83171284E+03 -0.11126235E+03
  0.39200000E+01  0.85270320E+03 -0.10483991E+03
  0.39300000E+01  0.87518255E+03 -0.97513254E+02
  0.39400000E+01  0.89976018E+03 -0.89292417E+02
  0.39500000E+01  0.92729123E+03 -0.80109473E+02
  0.39600000E+01  0.95874757E+03 -0.69691698E+02
  0.39700000E+01  0.99500037E+03 -0.57583791E+02
  0.39800000E+01  0.10365260E+04 -0.43208296E+02
  0.39900000E+01  0.10830715E+04 -0.25889092E+02
  0.40000000E+01  0.11333479E+04 -0.48778338E+01
  0.40100000E+01  0.11848553E+04  0.20609641E+02
  0.40200000E+01  0.12339510E+04  0.51289094E+02
  0.40300000E+01  0.12762395E+04  0.87570264E+02
  0.40400000E+01  0.13072672E+04  0.12917429E+03
  0.40500000E+01  0.13233863E+04  0.17474554E+03
  0.40600000E+01  0.13225498E+04  0.22181533E+03
  0.40700000E+01  0.13047850E+04  0.26740925E+03
  0.40800000E+01  0.12721812E+04  0.30902698E+03
  0.40900000E+01  0.12283913E+04  0.34529531E+03
  0.41000000E+01  0.11778127E+04  0.37596103E+03
  0.41100000E+01  0.11247118E+04  0.40149012E+03
  0.41200000E+01  0.10725388E+04  0.42265239E+03
  0.41300000E+01  0.10235795E+04  0.44025272E+03
  0.41400000E+01  0.97895625E+03  0.45499690E+03
  0.41500000E+01  0.93888071E+03  0.46743513E+03
  0.41600000E+01  0.90301461E+03  0.47794564E+03
  0.41700000E+01  0.87080859E+03  0.48675617E+03
  0.41800000E+01  0.84173716E+03  0.49401237E+03
  0.41900000E+01  0.81540663E+03  0.49986747E+03
  0.42000000E+01  0.79155704E+03  0.50453042E+03
  0.42100000E+01  0.77000240E+03  0.50824921E+03
  0.42200000E+01  0.75055553E+03  0.51126578E+03
  0.42300000E+01  0.73297210E+03  0.51378674E+03
  0.42400000E+01  0.71693160E+03  0.51597470E+03
  0.42500000E+01  0.70205725E+03  0.51794741E+03
  0.42600000E+01  0.68796493E+03  0.51977807E+03
  0.42700000E+01  0.67432519E+03  0.52148281E+03
  0.42800000E+01  0.66091907E+03  0.52301024E+03
  0.42900000E+01  0.64767072E+03  0.52425758E+03
  0.43000000E+01  0.63464551E+03  0.52511360E+03
  0.43100000E+01  0.62201274E+03  0.52553034E+03
  0.43200000E+01  0.60998256E+03  0.52555636E+03
  0.43300000E+01  0.59873524E+03  0.52529612E+03
  0.43400000E+01  0.58836229E+03  0.52487178E+03
  0.43500000E+01  0.57883467E+03  0.52439856E+03
  0.43600000E+01  0.57000478E+03  0.52395762E+03
  0.43700000E+01  0.56163996E+03  0.52359966E+03
  0.43800000E+01  0.55347819E+03  0.52335541E+03
  0.43900000E+01  0.54529148E+03  0.52320519E+03
  0.44000000E+01  0.53694103E+03  0.52306110E+03
  0.44100000E+01  0.52840918E+03  0.52280742E+03
  0.44200000E+01  0.51979887E+03  0.52233624E+03
  0.44300000E+01  0.51130024E+03  0.52157686E+03
  0.44400000E+01  0.50313390E+03  0.52055306E+03
  0.44500000E+01  0.49548729E+03  0.51937045E+03
  0.44600000E+01  0.48846224E+03  0.51812926E+03
  0.44700000E+01  0.48204719E+03  0.51690177E+03
  0.44800000E+01  0.47612012E+03  0.51576268E+03
  0.44900000E+01  0.47048000E+03  0.51477479E+03
  0.45000000E+01  0.46489802E+03  0.51394486E+03
  0.45100000E+01  0.45917588E+03  0.51322490E+03
  0.45200000E+01  0.45319630E+03  0.51255418E+03
  0.45300000E+01  0.44695230E+03  0.51184346E+03
  0.45400000E+01  0.44054675E+03  0.51095667E+03
  0.45500000E+01  0.43416181E+03  0.50981339E+03
  0.45600000E+01  0.42800697E+03  0.50846600E+03
  0.45700000E+01  0.42226078E+03  0.50701524E+03
  0.45800000E+01  0.41702270E+03  0.50552458E+03
  0.45900000E+01  0.41228754E+03  0.50405126E+03
  0.46000000E+01  0.40794790E+03  0.50268104E+03
  0.46100000E+01  0.40382274E+03  0.50148231E+03
  0.46200000E+01  0.39970425E+03  0.50045011E+03
  0.46300000E+01  0.39541141E+03  0.49952298E+03
  0.46400000E+01  0.39083672E+03  0.49864328E+03
  0.46500000E+01  0.38597384E+03  0.49775350E+03
  0.46600000E+01  0.38091799E+03  0.49674156E+03
  0.46700000E+01  0.37583855E+03  0.49549465E+03
  0.46800000E+01  0.37093158E+03  0.49403246E+03
  0.46900000E+01  0.36636610E+03  0.49248521E+03
  0.47000000E+01  0.36223924E+03  0.49094619E+03
  0.47100000E+01  0.35855179E+03  0.48943793E+03
  0.47200000E+01  0.35520942E+03  0.48799205E+03
  0.47300000E+01  0.35204802E+03  0.48668196E+03
  0.47400000E+01  0.34887632E+03  0.48556501E+03
  0.47500000E+01  0.34552539E+03  0.48460668E+03
  0.47600000E+01  0.34189242E+03  0.48368501E+03
  0.47700000E+01  0.33796733E+03  0.48269014E+03
  0.47800000E+01  0.33383467E+03  0.48158820E+03
  0.47900000E+01  0.32964968E+03  0.48036449E+03
  0.48000000E+01  0.32559539E+03  0.47897281E+03
  0.48100000E+01  0.32183279E+03  0.47741290E+03
  0.48200000E+01  0.31845831E+03  0.47580227E+03
  0.48300000E+01  0.31547964E+03  0.47428390E+03
  0.48400000E+01  0.31281539E+03  0.47290445E+03
  0.48500000E+01  0.31031732E+03  0.47163437E+03
  0.48600000E+01  0.30780876E+03  0.47045579E+03
  0.48700000E+01  0.30512993E+03  0.46939068E+03
  0.48800000E+01  0.30217927E+03  0.46844877E+03
  0.48900000E+01  0.29894022E+03  0.46754544E+03
  0.49000000E+01  0.29548528E+03  0.46650968E+03
  0.49100000E+01  0.29195562E+03  0.46523432E+03
  0.49200000E+01  0.28852185E+03  0.46378605E+03
  0.49300000E+01  0.28533771E+03  0.46230720E+03
  0.49400000E+01  0.28250007E+03  0.46085199E+03
  0.49500000E+01  0.28002512E+03  0.45938999E+03
  0.49600000E+01  0.27784553E+03  0.45794042E+03
  0.49700000E+01  0.27582835E+03  0.45660782E+03
  0.49800000E+01  0.27380934E+03  0.45547443E+03
  0.49900000E+01  0.27163556E+03  0.45451605E+03
  0.50000000E+01  0.26920549E+03  0.45361781E+03
  0.50100000E+01  0.26649546E+03  0.45264862E+03
  0.50200000E+01  0.26356493E+03  0.45154934E+03
  0.50300000E+01  0.26053954E+03  0.45035205E+03
  0.50400000E+01  0.25757706E+03  0.44908850E+03
  0.50500000E+01  0.25482565E+03  0.44772190E+03
  0.50600000E+01  0.25238517E+03  0.44622989E+03
  0.50700000E+01  0.25028145E+03  0.44470926E+03
  0.50800000E+01  0.24846021E+03  0.44331718E+03
  0.50900000E+01  0.24680236E+03  0.44212300E+03
  0.51000000E+01  0.24515594E+03  0.44106883E+03
  0.51100000E+01  0.24337569E+03  0.44006757E+03
  0.51200000E+01  0.24135980E+03  0.43908582E+03
  0.51300000E+01  0.23907518E+03  0.43812224E+03
  0.51400000E+01  0.23656571E+03  0.43715453E+03
  0.51500000E+01  0.23394117E+03  0.43611524E+03
  0.51600000E+01  0.23134856E+03  0.43491056E+03
  0.51700000E+01  0.22893240E+03  0.43350778E+03
  0.51800000E+01  0.22679534E+03  0.43201314E+03
  0.51900000E+01  0.22497121E+03  0.43060217E+03
  0.52000000E+01  0.22341829E+03  0.42935783E+03
  0.52100000E+01  0.22203286E+03  0.42822238E+03
  0.52200000E+01  0.22067714E+03  0.42711695E+03
  0.52300000E+01  0.21921332E+03  0.42605434E+03
  0.52400000E+01  0.21753692E+03  0.42509907E+03
  0.52500000E+01  0.21560321E+03  0.42424987E+03
  0.52600000E+01  0.21344057E+03  0.42340083E+03
  0.52700000E+01  0.21114466E+03  0.42241061E+03
  0.52800000E+01  0.20885269E+03  0.42120219E+03
  0.52900000E+01  0.20670450E+03  0.41982583E+03
  0.53000000E+01  0.20480368E+03  0.41843379E+03
  0.53100000E+01  0.20319165E+03  0.41715609E+03
  0.53200000E+01  0.20184075E+03  0.41598899E+03
  0.53300000E+01  0.20066456E+03  0.41484329E+03
  0.53400000E+01  0.19953976E+03  0.41369835E+03
  0.53500000E+01  0.19833471E+03  0.41264435E+03
  0.53600000E+01  0.19694099E+03  0.41176209E+03
  0.53700000E+01  0.19530246E+03  0.41100467E+03
  0.53800000E+01  0.19343307E+03  0.41021433E+03
  0.53900000E+01  0.19141488E+03  0.40924685E+03
  0.54000000E+01  0.18937437E+03  0.40807278E+03
  0.54100000E+01  0.18744518E+03  0.40677867E+03
  0.54200000E+01  0.18573107E+03  0.40549653E+03
  0.54300000E+01  0.18428146E+03  0.40430731E+03
  0.54400000E+01  0.18308355E+03  0.40318125E+03
  0.54500000E+01  0.18206850E+03  0.40204187E+03
  0.54600000E+01  0.18112737E+03  0.40090014E+03
  0.54700000E+01  0.18013487E+03  0.39987102E+03
  0.54800000E+01  0.17897945E+03  0.39903822E+03
  0.54900000E+01  0.17759427E+03  0.39833848E+03
  0.55000000E+01  0.17597884E+03  0.39759836E+03
  0.55100000E+01  0.17420075E+03  0.39667702E+03
  0.55200000E+01  0.17237491E+03  0.39556444E+03
  0.55300000E+01  0.17062840E+03  0.39435487E+03
  0.55400000E+01  0.16906515E+03  0.39315785E+03
  0.55500000E+01  0.16774209E+03  0.39202946E+03
  0.55600000E+01  0.16666026E+03  0.39094583E+03
  0.55700000E+01  0.16576769E+03  0.38984677E+03
  0.55800000E+01  0.16497053E+03  0.38873654E+03
  0.55900000E+01  0.16415193E+03  0.38771899E+03
  0.56000000E+01  0.16319928E+03  0.38689465E+03
  0.56100000E+01  0.16203559E+03  0.38622919E+03
  0.56200000E+01  0.16064469E+03  0.38555498E+03
  0.56300000E+01  0.15907802E+03  0.38471231E+03
  0.56400000E+01  0.15743840E+03  0.38367305E+03
  0.56500000E+01  0.15584710E+03  0.38252891E+03
  0.56600000E+01  0.15440880E+03  0.38139026E+03
  0.56700000E+01  0.15318694E+03  0.38031055E+03
  0.56800000E+01  0.15219394E+03  0.37927619E+03
  0.56900000E+01  0.15139274E+03  0.37824025E+03
  0.57000000E+01  0.15070515E+03  0.37718704E+03
  0.57100000E+01  0.15002603E+03  0.37618114E+03
  0.57200000E+01  0.14924546E+03  0.37532860E+03
  0.57300000E+01  0.14827791E+03  0.37465835E+03
  0.57400000E+01  0.14708998E+03  0.37405076E+03
  0.57500000E+01  0.14571398E+03  0.37332187E+03
  0.57600000E+01  0.14423879E+03  0.37238262E+03
  0.57700000E+01  0.14278061E+03  0.37129411E+03
  0.57800000E+01  0.14144679E+03  0.37018317E+03
  0.57900000E+01  0.14030776E+03  0.36913267E+03
  0.58000000E+01  0.13938496E+03  0.36814615E+03
  0.58100000E+01  0.13865250E+03  0.36718211E+03
  0.58200000E+01  0.13804594E+03  0.36620785E+03
  0.58300000E+01  0.13747406E+03  0.36524219E+03
  0.58400000E+01  0.13683516E+03  0.36436034E+03
  0.58500000E+01  0.13604013E+03  0.36363576E+03
  0.58600000E+01  0.13503918E+03  0.36304334E+03
  0.58700000E+01  0.13384174E+03  0.36243269E+03
  0.58800000E+01  0.13251754E+03  0.36164377E+03
  0.58900000E+01  0.13117527E+03  0.36064787E+03
  0.59000000E+01  0.12992684E+03  0.35955315E+03
  0.59100000E+01  0.12885351E+03  0.35849236E+03
  0.59200000E+01  0.12798719E+03  0.35752386E+03
  0.59300000E+01  0.12730999E+03  0.35662323E+03
  0.59400000E+01  0.12676567E+03  0.35573955E+03
  0.59500000E+01  0.12627410E+03  0.35485127E+03
  0.59600000E+01  0.12574515E+03  0.35398652E+03
  0.59700000E+01  0.12509438E+03  0.35320620E+03
  0.59800000E+01  0.12426288E+03  0.35255279E+03
  0.59900000E+01  0.12323767E+03  0.35198071E+03
  0.60000000E+01  0.12206251E+03  0.35134793E+03
