  0.20000000E+00 -0.17968184E-11  0.39639613E-11
  0.21000000E+00 -0.19822258E-11  0.41362648E-11
  0.22000000E+00 -0.21810561E-11  0.42945174E-11
  0.23000000E+00 -0.23862303E-11  0.44406333E-11
  0.24000000E+00 -0.25905233E-11  0.45781308E-11
  0.25000000E+00 -0.27892301E-11  0.47083282E-11
  0.26000000E+00 -0.29819362E-11  0.48321710E-11
  0.27000000E+00 -0.31727231E-11  0.49535767E-11
  0.28000000E+00 -0.33687129E-11  0.50780616E-11
  0.29000000E+00 -0.35774715E-11  0.52068839E-11
  0.30000000E+00 -0.38042287E-11  0.53339799E-11
  0.31000000E+00 -0.40499433E-11  0.54503066E-11
  0.32000000E+00 -0.43108800E-11  0.55505970E-11
  0.33000000E+00 -0.45797474E-11  0.56356311E-11
  0.34000000E+00 -0.48478973E-11  0.57091511E-11
  0.35000000E+00 -0.51078532E-11  0.57741521E-11
  0.36000000E+00 -0.53555191E-11  0.58318467E-11
  0.37000000E+00 -0.55916082E-11  0.58821498E-11
  0.38000000E+00 -0.58219278E-11  0.59262048E-11
  0.39000000E+00 -0.60562191E-11  0.59692048E-11
  0.40000000E+00 -0.63054673E-11  0.60174194E-11
  0.41000000E+00 -0.65781265E-11  0.60703708E-11
  0.42000000E+00 -0.68763585E-11  0.61175768E-11
  0.43000000E+00 -0.71937993E-11  0.61456313E-11
  0.44000000E+00 -0.75161812E-11  0.61481145E-11
  0.45000000E+00 -0.78252799E-11  0.61275890E-11
  0.46000000E+00 -0.81053750E-11  0.60899222E-11
  0.47000000E+00 -0.83501229E-11  0.60390217E-11
  0.48000000E+00 -0.85669919E-11  0.59802871E-11
  0.49000000E+00 -0.87766901E-11  0.59288755E-11
  0.50000000E+00 -0.90066126E-11  0.59043414E-11
  0.51000000E+00 -0.92799273E-11  0.59092342E-11
  0.52000000E+00 -0.96044514E-11  0.59176928E-11
  0.53000000E+00 -0.99665079E-11  0.58914755E-11
  0.54000000E+00 -0.10333545E-10  0.58072382E-11
  0.55000000E+00 -0.10665717E-10  0.56685489E-11
  0.56000000E+00 -0.10932394E-10  0.54979741E-11
  0.57000000E+00 -0.11126742E-10  0.53238310E-11
  0.58000000E+00 -0.11271522E-10  0.51714240E-11
  0.59000000E+00 -0.11412422E-10  0.50596309E-11
  0.60000000E+00 -0.11600380E-10  0.49973936E-11
  0.61000000E+00 -0.11869541E-10  0.49714889E-11
  0.62000000E+00 -0.12220311E-10  0.49371502E-11
  0.63000000E+00 -0.12615785E-10  0.48357417E-11
  0.64000000E+00 -0.12994571E-10  0.46341441E-11
  0.65000000E+00 -0.13295687E-10  0.43504699E-11
  0.66000000E+00 -0.13485220E-10  0.40424572E-11
  0.67000000E+00 -0.13572824E-10  0.37717566E-11
  0.68000000E+00 -0.13610060E-10  0.35731683E-11
  0.69000000E+00 -0.13670320E-10  0.34466891E-11
  0.70000000E+00 -0.13818274E-10  0.33690909E-11
  0.71000000E+00 -0.14081687E-10  0.33022507E-11
  0.72000000E+00 -0.14437945E-10  0.31918046E-11
  0.73000000E+00 -0.14821702E-10  0.29821051E-11
  0.74000000E+00 -0.15151092E-10  0.26554957E-11
  0.75000000E+00 -0.15361707E-10  0.22571608E-11
  0.76000000E+00 -0.15433842E-10  0.18701751E-11
  0.77000000E+00 -0.15401175E-10  0.15620580E-11
  0.78000000E+00 -0.15337113E-10  0.13517455E-11
  0.79000000E+00 -0.15324682E-10  0.12134190E-11
  0.80000000E+00 -0.15422775E-10  0.10993512E-11
  0.81000000E+00 -0.15642701E-10  0.96021780E-12
  0.82000000E+00 -0.15944270E-10  0.75452615E-12
  0.83000000E+00 -0.16252399E-10  0.45612698E-12
  0.84000000E+00 -0.16486946E-10  0.69194466E-13
  0.85000000E+00 -0.16593612E-10 -0.36132833E-12
  0.86000000E+00 -0.16563843E-10 -0.76633935E-12
  0.87000000E+00 -0.16436630E-10 -0.10934953E-11
  0.88000000E+00 -0.16282478E-10 -0.13363209E-11
  0.89000000E+00 -0.16176583E-10 -0.15261560E-11
  0.90000000E+00 -0.16171644E-10 -0.17037871E-11
  0.91000000E+00 -0.16279918E-10 -0.19005840E-11
  0.92000000E+00 -0.16469989E-10 -0.21384547E-11
  0.93000000E+00 -0.16678449E-10 -0.24364626E-11
  0.94000000E+00 -0.16831947E-10 -0.28048019E-11
  0.95000000E+00 -0.16872221E-10 -0.32259289E-11
  0.96000000E+00 -0.16776072E-10 -0.36516151E-11
  0.97000000E+00 -0.16563871E-10 -0.40310973E-11
  0.98000000E+00 -0.16293641E-10 -0.43405761E-11
  0.99000000E+00 -0.16042201E-10 -0.45839506E-11
  0.10000000E+01 -0.15879054E-10 -0.47777017E-11
  0.10100000E+01 -0.15841424E-10 -0.49468226E-11
  0.10200000E+01 -0.15919168E-10 -0.51297163E-11
  0.10300000E+01 -0.16055715E-10 -0.53734993E-11
  0.10400000E+01 -0.16166128E-10 -0.57130443E-11
  0.10500000E+01 -0.16167081E-10 -0.61435148E-11
  0.10600000E+01 -0.16008375E-10 -0.66116490E-11
  0.10700000E+01 -0.15693879E-10 -0.70420878E-11
  0.10800000E+01 -0.15282908E-10 -0.73782732E-11
  0.10900000E+01 -0.14870214E-10 -0.76050645E-11
  0.11000000E+01 -0.14551273E-10 -0.77449936E-11
  0.11100000E+01 -0.14385824E-10 -0.78441523E-11
  0.11200000E+01 -0.14373883E-10 -0.79625359E-11
  0.11300000E+01 -0.14454084E-10 -0.81621531E-11
  0.11400000E+01 -0.14525662E-10 -0.84809263E-11
  0.11500000E+01 -0.14486055E-10 -0.89044765E-11
  0.11600000E+01 -0.14269780E-10 -0.93650310E-11
  0.11700000E+01 -0.13873533E-10 -0.97770120E-11
  0.11800000E+01 -0.13357868E-10 -0.10081531E-10
  0.11900000E+01 -0.12824963E-10 -0.10267123E-10
  0.12000000E+01 -0.12381129E-10 -0.10362184E-10
  0.12100000E+01 -0.12098171E-10 -0.10415941E-10
  0.12200000E+01 -0.11987677E-10 -0.10484178E-10
  0.12300000E+01 -0.11997184E-10 -0.10620218E-10
  0.12400000E+01 -0.12029176E-10 -0.10859924E-10
  0.12500000E+01 -0.11975858E-10 -0.11200704E-10
  0.12600000E+01 -0.11757352E-10 -0.11593748E-10
  0.12700000E+01 -0.11349975E-10 -0.11965277E-10
  0.12800000E+01 -0.10794874E-10 -0.12253379E-10
  0.12900000E+01 -0.10184158E-10 -0.12431076E-10
  0.13000000E+01 -0.96293197E-11 -0.12506130E-10
  0.13100000E+01 -0.92226824E-11 -0.12510940E-10
  0.13200000E+01 -0.90049657E-11 -0.12494498E-10
  0.13300000E+01 -0.89501684E-11 -0.12515550E-10
  0.13400000E+01 -0.89734283E-11 -0.12629069E-10
  0.13500000E+01 -0.89598301E-11 -0.12861708E-10
  0.13600000E+01 -0.88046893E-11 -0.13188880E-10
  0.13700000E+01 -0.84512767E-11 -0.13538625E-10
  0.13800000E+01 -0.79122685E-11 -0.13827056E-10
  0.13900000E+01 -0.72666888E-11 -0.13997656E-10
  0.14000000E+01 -0.66329211E-11 -0.14038997E-10
  0.14100000E+01 -0.61271610E-11 -0.13980489E-10
  0.14200000E+01 -0.58221101E-11 -0.13877831E-10
  0.14300000E+01 -0.57207486E-11 -0.13797452E-10
  0.14400000E+01 -0.57547131E-11 -0.13802165E-10
  0.14500000E+01 -0.58080484E-11 -0.13932441E-10
  0.14600000E+01 -0.57579910E-11 -0.14181867E-10
  0.14700000E+01 -0.55182825E-11 -0.14487584E-10
  0.14800000E+01 -0.50696173E-11 -0.14758683E-10
  0.14900000E+01 -0.44665715E-11 -0.14924697E-10
  0.15000000E+01 -0.38188724E-11 -0.14963022E-10
  0.15100000E+01 -0.32538299E-11 -0.14893602E-10
  0.15200000E+01 -0.28729426E-11 -0.14759859E-10
  0.15300000E+01 -0.27172570E-11 -0.14615027E-10
  0.15400000E+01 -0.27529398E-11 -0.14517880E-10
  0.15500000E+01 -0.28819577E-11 -0.14525325E-10
  0.15600000E+01 -0.29746868E-11 -0.14667658E-10
  0.15700000E+01 -0.29139599E-11 -0.14918886E-10
  0.15800000E+01 -0.26358193E-11 -0.15199401E-10
  0.15900000E+01 -0.21527866E-11 -0.15419201E-10
  0.16000000E+01 -0.15510387E-11 -0.15520367E-10
  0.16100000E+01 -0.96181295E-12 -0.15489150E-10
  0.16200000E+01 -0.51649733E-12 -0.15350075E-10
  0.16300000E+01 -0.30086919E-12 -0.15157699E-10
  0.16400000E+01 -0.32458660E-12 -0.14986469E-10
  0.16500000E+01 -0.51696734E-12 -0.14913773E-10
  0.16600000E+01 -0.75093357E-12 -0.14991691E-10
  0.16700000E+01 -0.88691052E-12 -0.15215434E-10
  0.16800000E+01 -0.82117049E-12 -0.15515894E-10
  0.16900000E+01 -0.52150611E-12 -0.15794389E-10
  0.17000000E+01 -0.37897585E-13 -0.15973304E-10
  0.17100000E+01  0.51497806E-12 -0.16022594E-10
  0.17200000E+01  0.99671268E-12 -0.15957801E-10
  0.17300000E+01  0.12880928E-11 -0.15824354E-10
  0.17400000E+01  0.13305891E-11 -0.15679856E-10
  0.17500000E+01  0.11459613E-11 -0.15584730E-10
  0.17600000E+01  0.82985761E-12 -0.15596934E-10
  0.17700000E+01  0.52117333E-12 -0.15754944E-10
  0.17800000E+01  0.35648756E-12 -0.16050903E-10
  0.17900000E+01  0.42412474E-12 -0.16419715E-10
  0.18000000E+01  0.73333633E-12 -0.16763903E-10
  0.18100000E+01  0.12097660E-11 -0.16999218E-10
  0.18200000E+01  0.17196438E-11 -0.17089950E-10
  0.18300000E+01  0.21149897E-11 -0.17056813E-10
  0.18400000E+01  0.22843679E-11 -0.16960755E-10
  0.18500000E+01  0.21914947E-11 -0.16881225E-10
  0.18600000E+01  0.18881699E-11 -0.16897166E-10
  0.18700000E+01  0.14970241E-11 -0.17064899E-10
  0.18800000E+01  0.11701480E-11 -0.17395762E-10
  0.18900000E+01  0.10379926E-11 -0.17844212E-10
  0.19000000E+01  0.11660467E-11 -0.18319939E-10
  0.19100000E+01  0.15337344E-11 -0.18728997E-10
  0.19200000E+01  0.20420554E-11 -0.19017358E-10
  0.19300000E+01  0.25467969E-11 -0.19183405E-10
  0.19400000E+01  0.29060861E-11 -0.19260847E-10
  0.19500000E+01  0.30269717E-11 -0.19300630E-10
  0.19600000E+01  0.28963570E-11 -0.19365595E-10
  0.19700000E+01  0.25863837E-11 -0.19525425E-10
  0.19800000E+01  0.22320329E-11 -0.19839210E-10
  0.19900000E+01  0.19874575E-11 -0.20324235E-10
  0.20000000E+01  0.19749555E-11 -0.20929535E-10
  0.20100000E+01  0.22437783E-11 -0.21549882E-10
  0.20200000E+01  0.27532783E-11 -0.22081446E-10
  0.20300000E+01  0.33866295E-11 -0.22470969E-10
  0.20400000E+01  0.39904912E-11 -0.22725055E-10
  0.20500000E+01  0.44268267E-11 -0.22893047E-10
  0.20600000E+01  0.46191421E-11 -0.23046092E-10
  0.20700000E+01  0.45777894E-11 -0.23257933E-10
  0.20800000E+01  0.43963649E-11 -0.23589042E-10
  0.20900000E+01  0.42208321E-11 -0.24073725E-10
  0.21000000E+01  0.42017388E-11 -0.24704471E-10
  0.21100000E+01  0.44452179E-11 -0.25420159E-10
  0.21200000E+01  0.49787520E-11 -0.26121732E-10
  0.21300000E+01  0.57428026E-11 -0.26719700E-10
  0.21400000E+01  0.66108889E-11 -0.27176177E-10
  0.21500000E+01  0.74314317E-11 -0.27508060E-10
  0.21600000E+01  0.80777246E-11 -0.27763372E-10
  0.21700000E+01  0.84898878E-11 -0.28001445E-10
  0.21800000E+01  0.86951573E-11 -0.28288109E-10
  0.21900000E+01  0.87995733E-11 -0.28690080E-10
  0.22000000E+01  0.89532775E-11 -0.29250474E-10
  0.22100000E+01  0.93006065E-11 -0.29955080E-10
  0.22200000E+01  0.99318870E-11 -0.30720697E-10
  0.22300000E+01  0.10853713E-10 -0.31428211E-10
  0.22400000E+01  0.11987972E-10 -0.31987379E-10
  0.22500000E+01  0.13199394E-10 -0.32382440E-10
  0.22600000E+01  0.14341345E-10 -0.32661496E-10
  0.22700000E+01  0.15304000E-10 -0.32891236E-10
  0.22800000E+01  0.16049422E-10 -0.33124308E-10
  0.22900000E+01  0.16623144E-10 -0.33398699E-10
  0.23000000E+01  0.17139153E-10 -0.33752942E-10
  0.23100000E+01  0.17742805E-10 -0.34225135E-10
  0.23200000E+01  0.18562869E-10 -0.34817912E-10
  0.23300000E+01  0.19668136E-10 -0.35460487E-10
  0.23400000E+01  0.21043749E-10 -0.36024796E-10
  0.23500000E+01  0.22596341E-10 -0.36401947E-10
  0.23600000E+01  0.24186565E-10 -0.36575059E-10
  0.23700000E+01  0.25677110E-10 -0.36619627E-10
  0.23800000E+01  0.26978734E-10 -0.36635192E-10
  0.23900000E+01  0.28078577E-10 -0.36682018E-10
  0.24000000E+01  0.29042343E-10 -0.36775402E-10
  0.24100000E+01  0.29990968E-10 -0.36919361E-10
  0.24200000E+01  0.31059892E-10 -0.37128970E-10
  0.24300000E+01  0.32353626E-10 -0.37409028E-10
  0.24400000E+01  0.33909935E-10 -0.37706784E-10
  0.24500000E+01  0.35685901E-10 -0.37904136E-10
  0.24600000E+01  0.37571715E-10 -0.37887929E-10
  0.24700000E+01  0.39428322E-10 -0.37643175E-10
  0.24800000E+01  0.41135593E-10 -0.37267606E-10
  0.24900000E+01  0.42633331E-10 -0.36885312E-10
  0.25000000E+01  0.43940412E-10 -0.36557338E-10
  0.25100000E+01  0.45146085E-10 -0.36277310E-10
  0.25200000E+01  0.46377500E-10 -0.36025907E-10
  0.25300000E+01  0.47754912E-10 -0.35804442E-10
  0.25400000E+01  0.49349229E-10 -0.35610271E-10
  0.25500000E+01  0.51155783E-10 -0.35385792E-10
  0.25600000E+01  0.53093647E-10 -0.35013699E-10
  0.25700000E+01  0.55031903E-10 -0.34398335E-10
  0.25800000E+01  0.56834592E-10 -0.33563958E-10
  0.25900000E+01  0.58408417E-10 -0.32643722E-10
  0.26000000E+01  0.59735508E-10 -0.31761038E-10
  0.26100000E+01  0.60879050E-10 -0.30949436E-10
  0.26200000E+01  0.61959848E-10 -0.30185001E-10
  0.26300000E+01  0.63112265E-10 -0.29451691E-10
  0.26400000E+01  0.64434787E-10 -0.28748612E-10
  0.26500000E+01  0.65952061E-10 -0.28042733E-10
  0.26600000E+01  0.67601853E-10 -0.27236067E-10
  0.26700000E+01  0.69252619E-10 -0.26210730E-10
  0.26800000E+01  0.70747006E-10 -0.24937399E-10
  0.26900000E+01  0.71956698E-10 -0.23522541E-10
  0.27000000E+01  0.72828855E-10 -0.22115445E-10
  0.27100000E+01  0.73406649E-10 -0.20795632E-10
  0.27200000E+01  0.73815545E-10 -0.19572888E-10
  0.27300000E+01  0.74219316E-10 -0.18446545E-10
  0.27400000E+01  0.74760536E-10 -0.17414619E-10
  0.27500000E+01  0.75506053E-10 -0.16431359E-10
  0.27600000E+01  0.76417008E-10 -0.15384577E-10
  0.27700000E+01  0.77355440E-10 -0.14143775E-10
  0.27800000E+01  0.78127297E-10 -0.12659485E-10
  0.27900000E+01  0.78548356E-10 -0.11011022E-10
  0.28000000E+01  0.78510241E-10 -0.93390341E-11
  0.28100000E+01  0.78022404E-10 -0.77588839E-11
  0.28200000E+01  0.77213639E-10 -0.63497087E-11
  0.28300000E+01  0.76290758E-10 -0.51657493E-11
  0.28400000E+01  0.75467310E-10 -0.42095364E-11
  0.28500000E+01  0.74886341E-10 -0.34028086E-11
  0.28600000E+01  0.74564442E-10 -0.26045759E-11
  0.28700000E+01  0.74378246E-10 -0.16770402E-11
  0.28800000E+01  0.74100684E-10 -0.55303665E-12
  0.28900000E+01  0.73476789E-10  0.74652784E-12
  0.29000000E+01  0.72313771E-10  0.21275925E-11
  0.29100000E+01  0.70553285E-10  0.34312308E-11
  0.29200000E+01  0.68298695E-10  0.44712326E-11
  0.29300000E+01  0.65785479E-10  0.51210991E-11
  0.29400000E+01  0.63303310E-10  0.53775367E-11
  0.29500000E+01  0.61096257E-10  0.53468000E-11
  0.29600000E+01  0.59276166E-10  0.51804223E-11
  0.29700000E+01  0.57780612E-10  0.50167759E-11
  0.29800000E+01  0.56391917E-10  0.49597717E-11
  0.29900000E+01  0.54812531E-10  0.50638335E-11
  0.30000000E+01  0.52771580E-10  0.52860187E-11
  0.30100000E+01  0.50124880E-10  0.54524680E-11
  0.30200000E+01  0.46911590E-10  0.53166124E-11
  0.30300000E+01  0.43345643E-10  0.46866213E-11
  0.30400000E+01  0.39744338E-10  0.35186537E-11
  0.30500000E+01  0.36420313E-10  0.19117991E-11
  0.30600000E+01  0.33576922E-10  0.35569217E-13
  0.30700000E+01  0.31245114E-10 -0.19430048E-11
  0.30800000E+01  0.29283600E-10 -0.39034685E-11
  0.30900000E+01  0.27440293E-10 -0.57933271E-11
  0.31000000E+01  0.25450832E-10 -0.76381011E-11
  0.31100000E+01  0.23137274E-10 -0.95482365E-11
  0.31200000E+01  0.20471213E-10 -0.11707644E-10
  0.31300000E+01  0.17580142E-10 -0.14305165E-10
  0.31400000E+01  0.14698523E-10 -0.17424936E-10
  0.31500000E+01  0.12086504E-10 -0.20995246E-10
  0.31600000E+01  0.99502405E-11 -0.24850067E-10
  0.31700000E+01  0.83934792E-11 -0.28836661E-10
  0.31800000E+01  0.74130793E-11 -0.32881621E-10
  0.31900000E+01  0.69308087E-11 -0.36989256E-10
  0.32000000E+01  0.68402449E-11 -0.41199308E-10
  0.32100000E+01  0.70467892E-11 -0.45545626E-10
  0.32200000E+01  0.74889104E-11 -0.50040322E-10
  0.32300000E+01  0.81424247E-11 -0.54678960E-10
  0.32400000E+01  0.90186171E-11 -0.59445566E-10
  0.32500000E+01  0.10166621E-10 -0.64316417E-10
  0.32600000E+01  0.11681819E-10 -0.69281460E-10
  0.32700000E+01  0.13711112E-10 -0.74368246E-10
  0.32800000E+01  0.16440468E-10 -0.79628326E-10
  0.32900000E+01  0.20055568E-10 -0.85085820E-10
  0.33000000E+01  0.24681803E-10 -0.90688295E-10
  0.33100000E+01  0.30327607E-10 -0.96289050E-10
  0.33200000E+01  0.36863599E-10 -0.10166758E-09
  0.33300000E+01  0.44060367E-10 -0.10660456E-09
  0.33400000E+01  0.51680825E-10 -0.11101111E-09
  0.33500000E+01  0.59591360E-10 -0.11502176E-09
  0.33600000E+01  0.67838098E-10 -0.11892740E-09
  0.33700000E+01  0.76644381E-10 -0.12297559E-09
  0.33800000E+01  0.86322032E-10 -0.12720528E-09
  0.33900000E+01  0.97134350E-10 -0.13141170E-09
  0.34000000E+01  0.10917769E-09 -0.13522843E-09
  0.34100000E+01  0.12234250E-09 -0.13828341E-09
  0.34200000E+01  0.13637465E-09 -0.14036812E-09
  0.34300000E+01  0.15100472E-09 -0.14154872E-09
  0.34400000E+01  0.16607568E-09 -0.14211856E-09
  0.34500000E+01  0.18160039E-09 -0.14236639E-09
  0.34600000E+01  0.19771876E-09 -0.14236374E-09
  0.34700000E+01  0.21458030E-09 -0.14195384E-09
  0.34800000E+01  0.23221963E-09 -0.14084354E-09
  0.34900000E+01  0.25049703E-09 -0.13869657E-09
  0.35000000E+01  0.26914022E-09 -0.13527764E-09
  0.35100000E+01  0.28786673E-09 -0.13060753E-09
  0.35200000E+01  0.30651961E-09 -0.12497925E-09
  0.35300000E+01  0.32513871E-09 -0.11876929E-09
  0.35400000E+01  0.34392176E-09 -0.11216724E-09
  0.35500000E+01  0.36308813E-09 -0.10505693E-09
  0.35600000E+01  0.38271083E-09 -0.97111593E-10
  0.35700000E+01  0.40260312E-09 -0.87957860E-10
  0.35800000E+01  0.42232166E-09 -0.77322265E-10
  0.35900000E+01  0.44129227E-09 -0.65146182E-10
  0.36000000E+01  0.45900404E-09 -0.51630020E-10
  0.36100000E+01  0.47518269E-09 -0.37184225E-10
  0.36200000E+01  0.48986257E-09 -0.22271220E-10
  0.36300000E+01  0.50332369E-09 -0.71918732E-11
  0.36400000E+01  0.51592307E-09  0.80580393E-11
  0.36500000E+01  0.52789799E-09  0.23772872E-10
  0.36600000E+01  0.53922828E-09  0.40336341E-10
  0.36700000E+01  0.54961418E-09  0.57954258E-10
  0.36800000E+01  0.55857191E-09  0.76536583E-10
  0.36900000E+01  0.56559847E-09  0.95798967E-10
  0.37000000E+01  0.57033391E-09  0.11543428E-09
  0.37100000E+01  0.57265924E-09  0.13517197E-09
  0.37200000E+01  0.57270373E-09  0.15473871E-09
  0.37300000E+01  0.57077590E-09  0.17388485E-09
  0.37400000E+01  0.56726104E-09  0.19252978E-09
  0.37500000E+01  0.56253253E-09  0.21083363E-09
  0.37600000E+01  0.55690615E-09  0.22900746E-09
  0.37700000E+01  0.55063944E-09  0.24700773E-09
  0.37800000E+01  0.54395842E-09  0.26452475E-09
  0.37900000E+01  0.53709159E-09  0.28137503E-09
  0.38000000E+01  0.53030292E-09  0.29779527E-09
  0.38100000E+01  0.52392608E-09  0.31419340E-09
  0.38200000E+01  0.51840228E-09  0.33066845E-09
  0.38300000E+01  0.51431308E-09  0.34698565E-09
  0.38400000E+01  0.51239093E-09  0.36306286E-09
  0.38500000E+01  0.51349157E-09  0.37927153E-09
  0.38600000E+01  0.51852501E-09  0.39619042E-09
  0.38700000E+01  0.52835318E-09  0.41429178E-09
  0.38800000E+01  0.54366608E-09  0.43402448E-09
  0.38900000E+01  0.56484106E-09  0.45604038E-09
  0.39000000E+01  0.59177954E-09  0.48115945E-09
  0.39100000E+01  0.62370699E-09  0.51019168E-09
  0.39200000E+01  0.65892124E-09  0.54387584E-09
  0.39300000E+01  0.69448534E-09  0.58285227E-09
  0.39400000E+01  0.72589366E-09  0.62755655E-09
  0.39500000E+01  0.74679802E-09  0.67811718E-09
  0.39600000E+01  0.74895911E-09  0.73423837E-09
  0.39700000E+01  0.72265466E-09  0.79498584E-09
  0.39800000E+01  0.65777272E-09  0.85850436E-09
  0.39900000E+01  0.54568590E-09  0.92166903E-09
  0.40000000E+01  0.38171814E-09  0.97973988E-09
  0.40100000E+01  0.16764464E-09  0.10262045E-08
  0.40200000E+01 -0.86632004E-10  0.10530702E-08
  0.40300000E+01 -0.36310497E-09  0.10520629E-08
  0.40400000E+01 -0.63787235E-09  0.10170988E-08
  0.40500000E+01 -0.88528559E-09  0.94754546E-09
  0.40600000E+01 -0.10829967E-08  0.85023961E-09
  0.40700000E+01 -0.12163962E-08  0.73782347E-09
  0.40800000E+01 -0.12810651E-08  0.62380420E-09
  0.40900000E+01 -0.12825722E-08  0.51803915E-09
  0.41000000E+01 -0.12339151E-08  0.42537606E-09
  0.41100000E+01 -0.11516689E-08  0.34681107E-09
  0.41200000E+01 -0.10521679E-08  0.28126340E-09
  0.41300000E+01 -0.94875465E-09  0.22689224E-09
  0.41400000E+01 -0.85052680E-09  0.18180173E-09
  0.41500000E+01 -0.76242087E-09  0.14432144E-09
  0.41600000E+01 -0.68612138E-09  0.11305846E-09
  0.41700000E+01 -0.62123417E-09  0.86855456E-10
  0.41800000E+01 -0.56632134E-09  0.64742394E-10
  0.41900000E+01 -0.51961843E-09  0.45917619E-10
  0.42000000E+01 -0.47943208E-09  0.29745447E-10
  0.42100000E+01 -0.44430601E-09  0.15737374E-10
  0.42200000E+01 -0.41305773E-09  0.35243135E-11
  0.42300000E+01 -0.38476231E-09 -0.71711508E-11
  0.42400000E+01 -0.35872416E-09 -0.16554584E-10
  0.42500000E+01 -0.33445078E-09 -0.24763669E-10
  0.42600000E+01 -0.31162703E-09 -0.31888951E-10
  0.42700000E+01 -0.29008419E-09 -0.37987472E-10
  0.42800000E+01 -0.26975980E-09 -0.43109387E-10
  0.42900000E+01 -0.25064990E-09 -0.47344158E-10
  0.43000000E+01 -0.23276029E-09 -0.50811787E-10
  0.43100000E+01 -0.21606613E-09 -0.53644162E-10
  0.43200000E+01 -0.20048811E-09 -0.55972775E-10
  0.43300000E+01 -0.18588896E-09 -0.57887331E-10
  0.43400000E+01 -0.17208912E-09 -0.59443799E-10
  0.43500000E+01 -0.15889572E-09 -0.60691016E-10
  0.43600000E+01 -0.14613672E-09 -0.61644202E-10
  0.43700000E+01 -0.13369152E-09 -0.62281850E-10
  0.43800000E+01 -0.12151031E-09 -0.62579514E-10
  0.43900000E+01 -0.10961701E-09 -0.62503966E-10
  0.44000000E+01 -0.98094332E-10 -0.62011814E-10
  0.44100000E+01 -0.87054510E-10 -0.61109396E-10
  0.44200000E+01 -0.76603183E-10 -0.59864183E-10
  0.44300000E+01 -0.66806341E-10 -0.58348483E-10
  0.44400000E+01 -0.57669076E-10 -0.56628654E-10
  0.44500000E+01 -0.49131217E-10 -0.54773622E-10
  0.44600000E+01 -0.41080092E-10 -0.52830224E-10
  0.44700000E+01 -0.33376328E-10 -0.50811853E-10
  0.44800000E+01 -0.25885923E-10 -0.48713013E-10
  0.44900000E+01 -0.18510760E-10 -0.46517907E-10
  0.45000000E+01 -0.11210259E-10 -0.44193278E-10
  0.45100000E+01 -0.40086974E-11 -0.41685361E-10
  0.45200000E+01  0.30139438E-11 -0.38943196E-10
  0.45300000E+01  0.97455073E-11 -0.35958270E-10
  0.45400000E+01  0.16073317E-10 -0.32772513E-10
  0.45500000E+01  0.21915331E-10 -0.29445878E-10
  0.45600000E+01  0.27242430E-10 -0.26030224E-10
  0.45700000E+01  0.32086310E-10 -0.22571282E-10
  0.45800000E+01  0.36531644E-10 -0.19120481E-10
  0.45900000E+01  0.40695243E-10 -0.15713969E-10
  0.46000000E+01  0.44697793E-10 -0.12336516E-10
  0.46100000E+01  0.48635102E-10 -0.89455970E-11
  0.46200000E+01  0.52555750E-10 -0.55208667E-11
  0.46300000E+01  0.56450656E-10 -0.20475195E-11
  0.46400000E+01  0.60257407E-10  0.15295233E-11
  0.46500000E+01  0.63878408E-10  0.52746235E-11
  0.46600000E+01  0.67208026E-10  0.91692654E-11
  0.46700000E+01  0.70161270E-10  0.13113069E-10
  0.46800000E+01  0.72696267E-10  0.17043476E-10
  0.46900000E+01  0.74824930E-10  0.20971063E-10
  0.47000000E+01  0.76609673E-10  0.24883699E-10
  0.47100000E+01  0.78147628E-10  0.28709809E-10
  0.47200000E+01  0.79546675E-10  0.32399735E-10
  0.47300000E+01  0.80899335E-10  0.35997417E-10
  0.47400000E+01  0.82260991E-10  0.39600042E-10
  0.47500000E+01  0.83637749E-10  0.43249448E-10
  0.47600000E+01  0.84986899E-10  0.46908429E-10
  0.47700000E+01  0.86229838E-10  0.50566003E-10
  0.47800000E+01  0.87274128E-10  0.54294114E-10
  0.47900000E+01  0.88038819E-10  0.58133642E-10
  0.48000000E+01  0.88476102E-10  0.61983513E-10
  0.48100000E+01  0.88583430E-10  0.65703362E-10
  0.48200000E+01  0.88403394E-10  0.69281310E-10
  0.48300000E+01  0.88012334E-10  0.72794415E-10
  0.48400000E+01  0.87501360E-10  0.76260504E-10
  0.48500000E+01  0.86954532E-10  0.79621003E-10
  0.48600000E+01  0.86429075E-10  0.82832328E-10
  0.48700000E+01  0.85942351E-10  0.85940937E-10
  0.48800000E+01  0.85469278E-10  0.89073565E-10
  0.48900000E+01  0.84951265E-10  0.92310704E-10
  0.49000000E+01  0.84313920E-10  0.95577844E-10
  0.49100000E+01  0.83487907E-10  0.98747234E-10
  0.49200000E+01  0.82426959E-10  0.10181661E-09
  0.49300000E+01  0.81119015E-10  0.10487633E-09
  0.49400000E+01  0.79588716E-10  0.10792674E-09
  0.49500000E+01  0.77891107E-10  0.11085171E-09
  0.49600000E+01  0.76097763E-10  0.11357508E-09
  0.49700000E+01  0.74278576E-10  0.11613654E-09
  0.49800000E+01  0.72484428E-10  0.11861895E-09
  0.49900000E+01  0.70736068E-10  0.12108446E-09
  0.50000000E+01  0.69022066E-10  0.12354568E-09
  0.50100000E+01  0.67305112E-10  0.12594921E-09
  0.50200000E+01  0.65533672E-10  0.12824888E-09
  0.50300000E+01  0.63655843E-10  0.13049800E-09
  0.50400000E+01  0.61632834E-10  0.13277610E-09
  0.50500000E+01  0.59449399E-10  0.13504339E-09
  0.50600000E+01  0.57118105E-10  0.13717746E-09
  0.50700000E+01  0.54675363E-10  0.13913068E-09
  0.50800000E+01  0.52170240E-10  0.14095228E-09
  0.50900000E+01  0.49650490E-10  0.14268794E-09
  0.51000000E+01  0.47151203E-10  0.14435323E-09
  0.51100000E+01  0.44689172E-10  0.14596702E-09
  0.51200000E+01  0.42262605E-10  0.14752189E-09
  0.51300000E+01  0.39854151E-10  0.14896783E-09
  0.51400000E+01  0.37436073E-10  0.15030223E-09
  0.51500000E+01  0.34977757E-10  0.15161361E-09
  0.51600000E+01  0.32455110E-10  0.15295695E-09
  0.51700000E+01  0.29858884E-10  0.15425826E-09
  0.51800000E+01  0.27197571E-10  0.15541288E-09
  0.51900000E+01  0.24492637E-10  0.15640395E-09
  0.52000000E+01  0.21768770E-10  0.15727957E-09
  0.52100000E+01  0.19045209E-10  0.15809425E-09
  0.52200000E+01  0.16332827E-10  0.15889912E-09
  0.52300000E+01  0.13636453E-10  0.15970002E-09
  0.52400000E+01  0.10957889E-10  0.16040309E-09
  0.52500000E+01  0.82961351E-11  0.16090167E-09
  0.52600000E+01  0.56461419E-11  0.16124773E-09
  0.52700000E+01  0.30004363E-11  0.16162680E-09
  0.52800000E+01  0.35523042E-12  0.16211505E-09
  0.52900000E+01 -0.22834515E-11  0.16256543E-09
  0.53000000E+01 -0.49006421E-11  0.16279168E-09
  0.53100000E+01 -0.74822225E-11  0.16278138E-09
  0.53200000E+01 -0.10026793E-10  0.16268969E-09
  0.53300000E+01 -0.12549189E-10  0.16268431E-09
  0.53400000E+01 -0.15071555E-10  0.16280688E-09
  0.53500000E+01 -0.17608949E-10  0.16292873E-09
  0.53600000E+01 -0.20161386E-10  0.16283269E-09
  0.53700000E+01 -0.22717633E-10  0.16242263E-09
  0.53800000E+01 -0.25264204E-10  0.16188237E-09
  0.53900000E+01 -0.27788289E-10  0.16150870E-09
  0.54000000E+01 -0.30271427E-10  0.16134390E-09
  0.54100000E+01 -0.32683456E-10  0.16109609E-09
  0.54200000E+01 -0.34989475E-10  0.16047201E-09
  0.54300000E+01 -0.37170811E-10  0.15951415E-09
  0.54400000E+01 -0.39244735E-10  0.15856487E-09
  0.54500000E+01 -0.41264040E-10  0.15792133E-09
  0.54600000E+01 -0.43292540E-10  0.15755717E-09
  0.54700000E+01 -0.45373348E-10  0.15716143E-09
  0.54800000E+01 -0.47513390E-10  0.15640943E-09
  0.54900000E+01 -0.49692568E-10  0.15525003E-09
  0.55000000E+01 -0.51883327E-10  0.15399557E-09
  0.55100000E+01 -0.54058642E-10  0.15304132E-09
  0.55200000E+01 -0.56181947E-10  0.15241570E-09
  0.55300000E+01 -0.58195948E-10  0.15169927E-09
  0.55400000E+01 -0.60033521E-10  0.15045921E-09
  0.55500000E+01 -0.61653974E-10  0.14873199E-09
  0.55600000E+01 -0.63079493E-10  0.14702903E-09
  0.55700000E+01 -0.64398507E-10  0.14583952E-09
  0.55800000E+01 -0.65726128E-10  0.14515695E-09
  0.55900000E+01 -0.67147652E-10  0.14451057E-09
  0.56000000E+01 -0.68685907E-10  0.14340382E-09
  0.56100000E+01 -0.70312113E-10  0.14173962E-09
  0.56200000E+01 -0.71981457E-10  0.13991063E-09
  0.56300000E+01 -0.73655251E-10  0.13845112E-09
  0.56400000E+01 -0.75290148E-10  0.13750095E-09
  0.56500000E+01 -0.76813697E-10  0.13661550E-09
  0.56600000E+01 -0.78125646E-10  0.13517022E-09
  0.56700000E+01 -0.79143234E-10  0.13300054E-09
  0.56800000E+01 -0.79863721E-10  0.13063851E-09
  0.56900000E+01 -0.80391393E-10  0.12884401E-09
  0.57000000E+01 -0.80897465E-10  0.12787630E-09
  0.57100000E+01 -0.81534686E-10  0.12726667E-09
  0.57200000E+01 -0.82366997E-10  0.12626752E-09
  0.57300000E+01 -0.83362388E-10  0.12450029E-09
  0.57400000E+01 -0.84443464E-10  0.12226579E-09
  0.57500000E+01 -0.85543078E-10  0.12026769E-09
  0.57600000E+01 -0.86614885E-10  0.11895585E-09
  0.57700000E+01 -0.87598469E-10  0.11808620E-09
  0.57800000E+01 -0.88388771E-10  0.11691506E-09
  0.57900000E+01 -0.88860900E-10  0.11487367E-09
  0.58000000E+01 -0.88949395E-10  0.11216222E-09
  0.58100000E+01 -0.88721999E-10  0.10966459E-09
  0.58200000E+01 -0.88378506E-10  0.10815468E-09
  0.58300000E+01 -0.88159302E-10  0.10757579E-09
  0.58400000E+01 -0.88222004E-10  0.10711096E-09
  0.58500000E+01 -0.88573474E-10  0.10589886E-09
  0.58600000E+01 -0.89100988E-10  0.10374300E-09
  0.58700000E+01 -0.89666438E-10  0.10126124E-09
  0.58800000E+01 -0.90180325E-10  0.99324075E-10
  0.58900000E+01 -0.90599144E-10  0.98255687E-10
  0.59000000E+01 -0.90866148E-10  0.97547179E-10
  0.59100000E+01 -0.90871870E-10  0.96302714E-10
  0.59200000E+01 -0.90494374E-10  0.94029616E-10
  0.59300000E+01 -0.89702135E-10  0.91163367E-10
  0.59400000E+01 -0.88633342E-10  0.88785529E-10
  0.59500000E+01 -0.87569305E-10  0.87665147E-10
  0.59600000E+01 -0.86799403E-10  0.87558853E-10
  0.59700000E+01 -0.86465455E-10  0.87431144E-10
  0.59800000E+01 -0.86496447E-10  0.86307025E-10
  0.59900000E+01 -0.86677274E-10  0.84046524E-10
  0.60000000E+01 -0.86791680E-10  0.81454385E-10
