  0.20000000E+00  0.23700751E-22 -0.91067377E+00
  0.21000000E+00  0.26345549E-22 -0.95622778E+00
  0.22000000E+00  0.29213244E-22 -0.10017848E+01
  0.23000000E+00  0.32209515E-22 -0.10473449E+01
  0.24000000E+00  0.35236387E-22 -0.10929082E+01
  0.25000000E+00  0.38230161E-22 -0.11384750E+01
  0.26000000E+00  0.41188108E-22 -0.11840453E+01
  0.27000000E+00  0.44173435E-22 -0.12296193E+01
  0.28000000E+00  0.47295763E-22 -0.12751971E+01
  0.29000000E+00  0.50673439E-22 -0.13207789E+01
  0.30000000E+00  0.54391260E-22 -0.13663648E+01
  0.31000000E+00  0.58469276E-22 -0.14119549E+01
  0.32000000E+00  0.62853880E-22 -0.14575495E+01
  0.33000000E+00  0.67433573E-22 -0.15031485E+01
  0.34000000E+00  0.72073187E-22 -0.15487523E+01
  0.35000000E+00  0.76655665E-22 -0.15943609E+01
  0.36000000E+00  0.81120355E-22 -0.16399744E+01
  0.37000000E+00  0.85488445E-22 -0.16855931E+01
  0.38000000E+00  0.89867713E-22 -0.17312170E+01
  0.39000000E+00  0.94430802E-22 -0.17768463E+01
  0.40000000E+00  0.99366620E-22 -0.18224812E+01
  0.41000000E+00  0.10481419E-21 -0.18681217E+01
  0.42000000E+00  0.11079920E-21 -0.19137680E+01
  0.43000000E+00  0.11719938E-21 -0.19594203E+01
  0.44000000E+00  0.12376043E-21 -0.20050787E+01
  0.45000000E+00  0.13016896E-21 -0.20507434E+01
  0.46000000E+00  0.13616684E-21 -0.20964144E+01
  0.47000000E+00  0.14166963E-21 -0.21420920E+01
  0.48000000E+00  0.14683899E-21 -0.21877763E+01
  0.49000000E+00  0.15206490E-21 -0.22334673E+01
  0.50000000E+00  0.15784213E-21 -0.22791654E+01
  0.51000000E+00  0.16457155E-21 -0.23248706E+01
  0.52000000E+00  0.17236219E-21 -0.23705830E+01
  0.53000000E+00  0.18092740E-21 -0.24163028E+01
  0.54000000E+00  0.18964286E-21 -0.24620301E+01
  0.55000000E+00  0.19776841E-21 -0.25077652E+01
  0.56000000E+00  0.20475827E-21 -0.25535080E+01
  0.57000000E+00  0.21053119E-21 -0.25992589E+01
  0.58000000E+00  0.21557136E-21 -0.26450178E+01
  0.59000000E+00  0.22078965E-21 -0.26907850E+01
  0.60000000E+00  0.22717315E-21 -0.27365607E+01
  0.61000000E+00  0.23535264E-21 -0.27823448E+01
  0.62000000E+00  0.24527482E-21 -0.28281377E+01
  0.63000000E+00  0.25614432E-21 -0.28739394E+01
  0.64000000E+00  0.26669565E-21 -0.29197500E+01
  0.65000000E+00  0.27570713E-21 -0.29655698E+01
  0.66000000E+00  0.28254501E-21 -0.30113989E+01
  0.67000000E+00  0.28749193E-21 -0.30572374E+01
  0.68000000E+00  0.29169362E-21 -0.31030854E+01
  0.69000000E+00  0.29671940E-21 -0.31489432E+01
  0.70000000E+00  0.30390572E-21 -0.31948108E+01
  0.71000000E+00  0.31375961E-21 -0.32406884E+01
  0.72000000E+00  0.32568881E-21 -0.32865761E+01
  0.73000000E+00  0.33819692E-21 -0.33324741E+01
  0.74000000E+00  0.34948238E-21 -0.33783826E+01
  0.75000000E+00  0.35819579E-21 -0.34243016E+01
  0.76000000E+00  0.36402798E-21 -0.34702314E+01
  0.77000000E+00  0.36786578E-21 -0.35161720E+01
  0.78000000E+00  0.37144010E-21 -0.35621237E+01
  0.79000000E+00  0.37661451E-21 -0.36080865E+01
  0.80000000E+00  0.38461825E-21 -0.36540606E+01
  0.81000000E+00  0.39554655E-21 -0.37000462E+01
  0.82000000E+00  0.40833049E-21 -0.37460434E+01
  0.83000000E+00  0.42117729E-21 -0.37920523E+01
  0.84000000E+00  0.43228886E-21 -0.38380731E+01
  0.85000000E+00  0.44055998E-21 -0.38841060E+01
  0.86000000E+00  0.44598002E-21 -0.39301510E+01
  0.87000000E+00  0.44959681E-21 -0.39762084E+01
  0.88000000E+00  0.45308544E-21 -0.40222783E+01
  0.89000000E+00  0.45811533E-21 -0.40683608E+01
  0.90000000E+00  0.46576356E-21 -0.41144561E+01
  0.91000000E+00  0.47617374E-21 -0.41605643E+01
  0.92000000E+00  0.48854697E-21 -0.42066855E+01
  0.93000000E+00  0.50143290E-21 -0.42528200E+01
  0.94000000E+00  0.51320745E-21 -0.42989679E+01
  0.95000000E+00  0.52258963E-21 -0.43451293E+01
  0.96000000E+00  0.52905437E-21 -0.43913044E+01
  0.97000000E+00  0.53302887E-21 -0.44374933E+01
  0.98000000E+00  0.53580871E-21 -0.44836961E+01
  0.99000000E+00  0.53919488E-21 -0.45299131E+01
  0.10000000E+01  0.54492860E-21 -0.45761443E+01
  0.10100000E+01  0.55407621E-21 -0.46223899E+01
  0.10200000E+01  0.56656819E-21 -0.46686501E+01
  0.10300000E+01  0.58109044E-21 -0.47149250E+01
  0.10400000E+01  0.59543674E-21 -0.47612148E+01
  0.10500000E+01  0.60726418E-21 -0.48075195E+01
  0.10600000E+01  0.61500623E-21 -0.48538395E+01
  0.10700000E+01  0.61858184E-21 -0.49001747E+01
  0.10800000E+01  0.61957132E-21 -0.49465254E+01
  0.10900000E+01  0.62072137E-21 -0.49928917E+01
  0.11000000E+01  0.62492297E-21 -0.50392738E+01
  0.11100000E+01  0.63405091E-21 -0.50856718E+01
  0.11200000E+01  0.64814717E-21 -0.51320859E+01
  0.11300000E+01  0.66531547E-21 -0.51785162E+01
  0.11400000E+01  0.68240882E-21 -0.52249628E+01
  0.11500000E+01  0.69625293E-21 -0.52714260E+01
  0.11600000E+01  0.70490777E-21 -0.53179058E+01
  0.11700000E+01  0.70844396E-21 -0.53644025E+01
  0.11800000E+01  0.70891669E-21 -0.54109161E+01
  0.11900000E+01  0.70956318E-21 -0.54574469E+01
  0.12000000E+01  0.71356761E-21 -0.55039949E+01
  0.12100000E+01  0.72289055E-21 -0.55505604E+01
  0.12200000E+01  0.73759742E-21 -0.55971434E+01
  0.12300000E+01  0.75589533E-21 -0.56437442E+01
  0.12400000E+01  0.77481225E-21 -0.56903629E+01
  0.12500000E+01  0.79123842E-21 -0.57369997E+01
  0.12600000E+01  0.80296181E-21 -0.57836546E+01
  0.12700000E+01  0.80937356E-21 -0.58303279E+01
  0.12800000E+01  0.81165317E-21 -0.58770197E+01
  0.12900000E+01  0.81240568E-21 -0.59237301E+01
  0.13000000E+01  0.81486500E-21 -0.59704594E+01
  0.13100000E+01  0.82187803E-21 -0.60172077E+01
  0.13200000E+01  0.83494677E-21 -0.60639750E+01
  0.13300000E+01  0.85362347E-21 -0.61107617E+01
  0.13400000E+01  0.87550301E-21 -0.61575678E+01
  0.13500000E+01  0.89690461E-21 -0.62043935E+01
  0.13600000E+01  0.91409623E-21 -0.62512389E+01
  0.13700000E+01  0.92466947E-21 -0.62981042E+01
  0.13800000E+01  0.92854339E-21 -0.63449896E+01
  0.13900000E+01  0.92815668E-21 -0.63918952E+01
  0.14000000E+01  0.92769646E-21 -0.64388212E+01
  0.14100000E+01  0.93160085E-21 -0.64857677E+01
  0.14200000E+01  0.94289056E-21 -0.65327350E+01
  0.14300000E+01  0.96198557E-21 -0.65797230E+01
  0.14400000E+01  0.98648854E-21 -0.66267321E+01
  0.14500000E+01  0.10120339E-20 -0.66737623E+01
  0.14600000E+01  0.10338739E-20 -0.67208138E+01
  0.14700000E+01  0.10485860E-20 -0.67678868E+01
  0.14800000E+01  0.10552654E-20 -0.68149815E+01
  0.14900000E+01  0.10557969E-20 -0.68620979E+01
  0.15000000E+01  0.10541672E-20 -0.69092363E+01
  0.15100000E+01  0.10551091E-20 -0.69563969E+01
  0.15200000E+01  0.10625533E-20 -0.70035796E+01
  0.15300000E+01  0.10783645E-20 -0.70507849E+01
  0.15400000E+01  0.11017223E-20 -0.70980127E+01
  0.15500000E+01  0.11293194E-20 -0.71452633E+01
  0.15600000E+01  0.11563410E-20 -0.71925367E+01
  0.15700000E+01  0.11779761E-20 -0.72398333E+01
  0.15800000E+01  0.11910269E-20 -0.72871531E+01
  0.15900000E+01  0.11950945E-20 -0.73344963E+01
  0.16000000E+01  0.11928868E-20 -0.73818631E+01
  0.16100000E+01  0.11894545E-20 -0.74292535E+01
  0.16200000E+01  0.11905344E-20 -0.74766679E+01
  0.16300000E+01  0.12005425E-20 -0.75241063E+01
  0.16400000E+01  0.12209421E-20 -0.75715689E+01
  0.16500000E+01  0.12496198E-20 -0.76190559E+01
  0.16600000E+01  0.12815442E-20 -0.76665674E+01
  0.16700000E+01  0.13104933E-20 -0.77141037E+01
  0.16800000E+01  0.13312222E-20 -0.77616648E+01
  0.16900000E+01  0.13412805E-20 -0.78092509E+01
  0.17000000E+01  0.13418429E-20 -0.78568622E+01
  0.17100000E+01  0.13373036E-20 -0.79044988E+01
  0.17200000E+01  0.13338235E-20 -0.79521610E+01
  0.17300000E+01  0.13373399E-20 -0.79998489E+01
  0.17400000E+01  0.13516663E-20 -0.80475626E+01
  0.17500000E+01  0.13772439E-20 -0.80953024E+01
  0.17600000E+01  0.14109180E-20 -0.81430683E+01
  0.17700000E+01  0.14468405E-20 -0.81908606E+01
  0.17800000E+01  0.14782847E-20 -0.82386794E+01
  0.17900000E+01  0.14998503E-20 -0.82865249E+01
  0.18000000E+01  0.15093483E-20 -0.83343972E+01
  0.18100000E+01  0.15086881E-20 -0.83822966E+01
  0.18200000E+01  0.15033882E-20 -0.84302231E+01
  0.18300000E+01  0.15008140E-20 -0.84781771E+01
  0.18400000E+01  0.15077182E-20 -0.85261585E+01
  0.18500000E+01  0.15279373E-20 -0.85741676E+01
  0.18600000E+01  0.15610529E-20 -0.86222046E+01
  0.18700000E+01  0.16024855E-20 -0.86702696E+01
  0.18800000E+01  0.16449847E-20 -0.87183629E+01
  0.18900000E+01  0.16810022E-20 -0.87664845E+01
  0.19000000E+01  0.17051562E-20 -0.88146346E+01
  0.19100000E+01  0.17159968E-20 -0.88628135E+01
  0.19200000E+01  0.17165272E-20 -0.89110213E+01
  0.19300000E+01  0.17133275E-20 -0.89592581E+01
  0.19400000E+01  0.17145409E-20 -0.90075241E+01
  0.19500000E+01  0.17273092E-20 -0.90558196E+01
  0.19600000E+01  0.17554294E-20 -0.91041446E+01
  0.19700000E+01  0.17979884E-20 -0.91524994E+01
  0.19800000E+01  0.18494891E-20 -0.92008841E+01
  0.19900000E+01  0.19015196E-20 -0.92492989E+01
  0.20000000E+01  0.19454820E-20 -0.92977440E+01
  0.20100000E+01  0.19754692E-20 -0.93462195E+01
  0.20200000E+01  0.19902891E-20 -0.93947256E+01
  0.20300000E+01  0.19939283E-20 -0.94432625E+01
  0.20400000E+01  0.19943103E-20 -0.94918304E+01
  0.20500000E+01  0.20007810E-20 -0.95404295E+01
  0.20600000E+01  0.20211453E-20 -0.95890599E+01
  0.20700000E+01  0.20591682E-20 -0.96377217E+01
  0.20800000E+01  0.21132947E-20 -0.96864153E+01
  0.20900000E+01  0.21769942E-20 -0.97351407E+01
  0.21000000E+01  0.22406875E-20 -0.97838981E+01
  0.21100000E+01  0.22947308E-20 -0.98326878E+01
  0.21200000E+01  0.23325514E-20 -0.98815098E+01
  0.21300000E+01  0.23529013E-20 -0.99303644E+01
  0.21400000E+01  0.23604280E-20 -0.99792517E+01
  0.21500000E+01  0.23643098E-20 -0.10028172E+02
  0.21600000E+01  0.23753723E-20 -0.10077125E+02
  0.21700000E+01  0.24026189E-20 -0.10126112E+02
  0.21800000E+01  0.24502964E-20 -0.10175132E+02
  0.21900000E+01  0.25164319E-20 -0.10224186E+02
  0.22000000E+01  0.25933096E-20 -0.10273274E+02
  0.22100000E+01  0.26697692E-20 -0.10322395E+02
  0.22200000E+01  0.27346541E-20 -0.10371551E+02
  0.22300000E+01  0.27803643E-20 -0.10420741E+02
  0.22400000E+01  0.28053934E-20 -0.10469966E+02
  0.22500000E+01  0.28150019E-20 -0.10519226E+02
  0.22600000E+01  0.28197406E-20 -0.10568520E+02
  0.22700000E+01  0.28322271E-20 -0.10617850E+02
  0.22800000E+01  0.28631598E-20 -0.10667214E+02
  0.22900000E+01  0.29178270E-20 -0.10716615E+02
  0.23000000E+01  0.29942435E-20 -0.10766051E+02
  0.23100000E+01  0.30835533E-20 -0.10815523E+02
  0.23200000E+01  0.31726349E-20 -0.10865031E+02
  0.23300000E+01  0.32481407E-20 -0.10914575E+02
  0.23400000E+01  0.33007274E-20 -0.10964155E+02
  0.23500000E+01  0.33281397E-20 -0.11013772E+02
  0.23600000E+01  0.33361385E-20 -0.11063426E+02
  0.23700000E+01  0.33369236E-20 -0.11113117E+02
  0.23800000E+01  0.33454780E-20 -0.11162846E+02
  0.23900000E+01  0.33749187E-20 -0.11212611E+02
  0.24000000E+01  0.34322782E-20 -0.11262414E+02
  0.24100000E+01  0.35160546E-20 -0.11312255E+02
  0.24200000E+01  0.36163723E-20 -0.11362134E+02
  0.24300000E+01  0.37178039E-20 -0.11412050E+02
  0.24400000E+01  0.38040600E-20 -0.11462006E+02
  0.24500000E+01  0.38631161E-20 -0.11511999E+02
  0.24600000E+01  0.38911530E-20 -0.11562032E+02
  0.24700000E+01  0.38940211E-20 -0.11612103E+02
  0.24800000E+01  0.38857069E-20 -0.11662213E+02
  0.24900000E+01  0.38842086E-20 -0.11712363E+02
  0.25000000E+01  0.39060392E-20 -0.11762552E+02
  0.25100000E+01  0.39610108E-20 -0.11812781E+02
  0.25200000E+01  0.40489151E-20 -0.11863050E+02
  0.25300000E+01  0.41592020E-20 -0.11913359E+02
  0.25400000E+01  0.42738849E-20 -0.11963708E+02
  0.25500000E+01  0.43729073E-20 -0.12014097E+02
  0.25600000E+01  0.44403718E-20 -0.12064527E+02
  0.25700000E+01  0.44696811E-20 -0.12114998E+02
  0.25800000E+01  0.44659156E-20 -0.12165510E+02
  0.25900000E+01  0.44446237E-20 -0.12216064E+02
  0.26000000E+01  0.44273232E-20 -0.12266659E+02
  0.26100000E+01  0.44350359E-20 -0.12317295E+02
  0.26200000E+01  0.44817772E-20 -0.12367973E+02
  0.26300000E+01  0.45699719E-20 -0.12418694E+02
  0.26400000E+01  0.46892543E-20 -0.12469457E+02
  0.26500000E+01  0.48191701E-20 -0.12520262E+02
  0.26600000E+01  0.49351341E-20 -0.12571110E+02
  0.26700000E+01  0.50159306E-20 -0.12622000E+02
  0.26800000E+01  0.50504471E-20 -0.12672934E+02
  0.26900000E+01  0.50414753E-20 -0.12723911E+02
  0.27000000E+01  0.50052956E-20 -0.12774932E+02
  0.27100000E+01  0.49670908E-20 -0.12825996E+02
  0.27200000E+01  0.49535214E-20 -0.12877104E+02
  0.27300000E+01  0.49846445E-20 -0.12928256E+02
  0.27400000E+01  0.50675646E-20 -0.12979453E+02
  0.27500000E+01  0.51937614E-20 -0.13030694E+02
  0.27600000E+01  0.53410625E-20 -0.13081980E+02
  0.27700000E+01  0.54799005E-20 -0.13133311E+02
  0.27800000E+01  0.55821392E-20 -0.13184687E+02
  0.27900000E+01  0.56298223E-20 -0.13236108E+02
  0.28000000E+01  0.56210763E-20 -0.13287575E+02
  0.28100000E+01  0.55712318E-20 -0.13339087E+02
  0.28200000E+01  0.55087132E-20 -0.13390646E+02
  0.28300000E+01  0.54668602E-20 -0.13442251E+02
  0.28400000E+01  0.54740455E-20 -0.13493902E+02
  0.28500000E+01  0.55449468E-20 -0.13545600E+02
  0.28600000E+01  0.56755675E-20 -0.13597345E+02
  0.28700000E+01  0.58436464E-20 -0.13649137E+02
  0.28800000E+01  0.60146345E-20 -0.13700976E+02
  0.28900000E+01  0.61517344E-20 -0.13752863E+02
  0.29000000E+01  0.62271078E-20 -0.13804797E+02
  0.29100000E+01  0.62307970E-20 -0.13856780E+02
  0.29200000E+01  0.61744847E-20 -0.13908810E+02
  0.29300000E+01  0.60887845E-20 -0.13960889E+02
  0.29400000E+01  0.60147343E-20 -0.14013016E+02
  0.29500000E+01  0.59918859E-20 -0.14065193E+02
  0.29600000E+01  0.60463719E-20 -0.14117418E+02
  0.29700000E+01  0.61824133E-20 -0.14169693E+02
  0.29800000E+01  0.63799353E-20 -0.14222017E+02
  0.29900000E+01  0.65993988E-20 -0.14274390E+02
  0.30000000E+01  0.67928934E-20 -0.14326814E+02
  0.30100000E+01  0.69184929E-20 -0.14379288E+02
  0.30200000E+01  0.69535684E-20 -0.14431812E+02
  0.30300000E+01  0.69027972E-20 -0.14484387E+02
  0.30400000E+01  0.67981068E-20 -0.14537013E+02
  0.30500000E+01  0.66902352E-20 -0.14589689E+02
  0.30600000E+01  0.66341354E-20 -0.14642417E+02
  0.30700000E+01  0.66723164E-20 -0.14695197E+02
  0.30800000E+01  0.68209758E-20 -0.14748028E+02
  0.30900000E+01  0.70632893E-20 -0.14800911E+02
  0.31000000E+01  0.73525026E-20 -0.14853846E+02
  0.31100000E+01  0.76247347E-20 -0.14906834E+02
  0.31200000E+01  0.78182555E-20 -0.14959875E+02
  0.31300000E+01  0.78934736E-20 -0.15012968E+02
  0.31400000E+01  0.78470738E-20 -0.15066115E+02
  0.31500000E+01  0.77152170E-20 -0.15119314E+02
  0.31600000E+01  0.75640843E-20 -0.15172568E+02
  0.31700000E+01  0.74701296E-20 -0.15225875E+02
  0.31800000E+01  0.74958244E-20 -0.15279236E+02
  0.31900000E+01  0.76684150E-20 -0.15332652E+02
  0.32000000E+01  0.79687769E-20 -0.15386122E+02
  0.32100000E+01  0.83348233E-20 -0.15439647E+02
  0.32200000E+01  0.86795620E-20 -0.15493227E+02
  0.32300000E+01  0.89188851E-20 -0.15546862E+02
  0.32400000E+01  0.90002108E-20 -0.15600553E+02
  0.32500000E+01  0.89219506E-20 -0.15654299E+02
  0.32600000E+01  0.87363321E-20 -0.15708102E+02
  0.32700000E+01  0.85336983E-20 -0.15761961E+02
  0.32800000E+01  0.84129795E-20 -0.15815876E+02
  0.32900000E+01  0.84481018E-20 -0.15869848E+02
  0.33000000E+01  0.86618517E-20 -0.15923876E+02
  0.33100000E+01  0.90165616E-20 -0.15977962E+02
  0.33200000E+01  0.94255690E-20 -0.16032106E+02
  0.33300000E+01  0.97823049E-20 -0.16086307E+02
  0.33400000E+01  0.99973441E-20 -0.16140566E+02
  0.33500000E+01  0.10030251E-19 -0.16194883E+02
  0.33600000E+01  0.99043145E-20 -0.16249259E+02
  0.33700000E+01  0.96983119E-20 -0.16303693E+02
  0.33800000E+01  0.95181392E-20 -0.16358187E+02
  0.33900000E+01  0.94589676E-20 -0.16412739E+02
  0.34000000E+01  0.95722005E-20 -0.16467351E+02
  0.34100000E+01  0.98494202E-20 -0.16522023E+02
  0.34200000E+01  0.10228676E-19 -0.16576755E+02
  0.34300000E+01  0.10619751E-19 -0.16631546E+02
  0.34400000E+01  0.10937951E-19 -0.16686399E+02
  0.34500000E+01  0.11133257E-19 -0.16741312E+02
  0.34600000E+01  0.11204293E-19 -0.16796286E+02
  0.34700000E+01  0.11193312E-19 -0.16851321E+02
  0.34800000E+01  0.11166318E-19 -0.16906418E+02
  0.34900000E+01  0.11187949E-19 -0.16961577E+02
  0.35000000E+01  0.11301543E-19 -0.17016797E+02
  0.35100000E+01  0.11520819E-19 -0.17072080E+02
  0.35200000E+01  0.11833243E-19 -0.17127426E+02
  0.35300000E+01  0.12210082E-19 -0.17182834E+02
  0.35400000E+01  0.12616807E-19 -0.17238305E+02
  0.35500000E+01  0.13020028E-19 -0.17293840E+02
  0.35600000E+01  0.13391116E-19 -0.17349438E+02
  0.35700000E+01  0.13709133E-19 -0.17405100E+02
  0.35800000E+01  0.13965007E-19 -0.17460827E+02
  0.35900000E+01  0.14166050E-19 -0.17516618E+02
  0.36000000E+01  0.14337408E-19 -0.17572473E+02
  0.36100000E+01  0.14517215E-19 -0.17628393E+02
  0.36200000E+01  0.14745243E-19 -0.17684379E+02
  0.36300000E+01  0.15048777E-19 -0.17740430E+02
  0.36400000E+01  0.15431686E-19 -0.17796547E+02
  0.36500000E+01  0.15871580E-19 -0.17852730E+02
  0.36600000E+01  0.16326295E-19 -0.17908980E+02
  0.36700000E+01  0.16746905E-19 -0.17965296E+02
  0.36800000E+01  0.17092154E-19 -0.18021679E+02
  0.36900000E+01  0.17339556E-19 -0.18078129E+02
  0.37000000E+01  0.17490362E-19 -0.18134646E+02
  0.37100000E+01  0.17567963E-19 -0.18191231E+02
  0.37200000E+01  0.17610840E-19 -0.18247885E+02
  0.37300000E+01  0.17662003E-19 -0.18304606E+02
  0.37400000E+01  0.17757369E-19 -0.18361396E+02
  0.37500000E+01  0.17915919E-19 -0.18418255E+02
  0.37600000E+01  0.18134398E-19 -0.18475184E+02
  0.37700000E+01  0.18388387E-19 -0.18532181E+02
  0.37800000E+01  0.18639759E-19 -0.18589249E+02
  0.37900000E+01  0.18848445E-19 -0.18646386E+02
  0.38000000E+01  0.18984954E-19 -0.18703594E+02
  0.38100000E+01  0.19039810E-19 -0.18760872E+02
  0.38200000E+01  0.19027055E-19 -0.18818221E+02
  0.38300000E+01  0.18980815E-19 -0.18875642E+02
  0.38400000E+01  0.18946042E-19 -0.18933134E+02
  0.38500000E+01  0.18966268E-19 -0.18990697E+02
  0.38600000E+01  0.19072023E-19 -0.19048333E+02
  0.38700000E+01  0.19273257E-19 -0.19106041E+02
  0.38800000E+01  0.19557842E-19 -0.19163822E+02
  0.38900000E+01  0.19896513E-19 -0.19221676E+02
  0.39000000E+01  0.20253036E-19 -0.19279603E+02
  0.39100000E+01  0.20597257E-19 -0.19337604E+02
  0.39200000E+01  0.20918265E-19 -0.19395678E+02
  0.39300000E+01  0.21235014E-19 -0.19453827E+02
  0.39400000E+01  0.21602498E-19 -0.19512050E+02
  0.39500000E+01  0.22112384E-19 -0.19570348E+02
  0.39600000E+01  0.22887728E-19 -0.19628721E+02
  0.39700000E+01  0.24071447E-19 -0.19687170E+02
  0.39800000E+01  0.25808041E-19 -0.19745694E+02
  0.39900000E+01  0.28218321E-19 -0.19804294E+02
  0.40000000E+01  0.31368815E-19 -0.19862971E+02
  0.40100000E+01  0.35241130E-19 -0.19921725E+02
  0.40200000E+01  0.39710535E-19 -0.19980555E+02
  0.40300000E+01  0.44544464E-19 -0.20039463E+02
  0.40400000E+01  0.49428164E-19 -0.20098448E+02
  0.40500000E+01  0.54016044E-19 -0.20157511E+02
  0.40600000E+01  0.57996719E-19 -0.20216653E+02
  0.40700000E+01  0.61152482E-19 -0.20275873E+02
  0.40800000E+01  0.63394387E-19 -0.20335172E+02
  0.40900000E+01  0.64762735E-19 -0.20394550E+02
  0.41000000E+01  0.65395652E-19 -0.20454008E+02
  0.41100000E+01  0.65479496E-19 -0.20513545E+02
  0.41200000E+01  0.65199223E-19 -0.20573163E+02
  0.41300000E+01  0.64703515E-19 -0.20632862E+02
  0.41400000E+01  0.64091220E-19 -0.20692641E+02
  0.41500000E+01  0.63416783E-19 -0.20752502E+02
  0.41600000E+01  0.62706608E-19 -0.20812444E+02
  0.41700000E+01  0.61976921E-19 -0.20872468E+02
  0.41800000E+01  0.61246066E-19 -0.20932574E+02
  0.41900000E+01  0.60538315E-19 -0.20992762E+02
  0.42000000E+01  0.59880203E-19 -0.21053034E+02
  0.42100000E+01  0.59292926E-19 -0.21113389E+02
  0.42200000E+01  0.58784889E-19 -0.21173827E+02
  0.42300000E+01  0.58347635E-19 -0.21234349E+02
  0.42400000E+01  0.57956658E-19 -0.21294956E+02
  0.42500000E+01  0.57576939E-19 -0.21355647E+02
  0.42600000E+01  0.57171659E-19 -0.21416423E+02
  0.42700000E+01  0.56711785E-19 -0.21477284E+02
  0.42800000E+01  0.56183930E-19 -0.21538231E+02
  0.42900000E+01  0.55594238E-19 -0.21599264E+02
  0.43000000E+01  0.54967053E-19 -0.21660383E+02
  0.43100000E+01  0.54338570E-19 -0.21721589E+02
  0.43200000E+01  0.53747221E-19 -0.21782882E+02
  0.43300000E+01  0.53223512E-19 -0.21844263E+02
  0.43400000E+01  0.52782172E-19 -0.21905731E+02
  0.43500000E+01  0.52418644E-19 -0.21967287E+02
  0.43600000E+01  0.52110719E-19 -0.22028932E+02
  0.43700000E+01  0.51824736E-19 -0.22090665E+02
  0.43800000E+01  0.51524745E-19 -0.22152488E+02
  0.43900000E+01  0.51182312E-19 -0.22214401E+02
  0.44000000E+01  0.50784452E-19 -0.22276403E+02
  0.44100000E+01  0.50337506E-19 -0.22338496E+02
  0.44200000E+01  0.49865753E-19 -0.22400679E+02
  0.44300000E+01  0.49405030E-19 -0.22462954E+02
  0.44400000E+01  0.48993121E-19 -0.22525320E+02
  0.44500000E+01  0.48659667E-19 -0.22587777E+02
  0.44600000E+01  0.48418395E-19 -0.22650327E+02
  0.44700000E+01  0.48263699E-19 -0.22712970E+02
  0.44800000E+01  0.48172330E-19 -0.22775705E+02
  0.44900000E+01  0.48109620E-19 -0.22838534E+02
  0.45000000E+01  0.48038661E-19 -0.22901456E+02
  0.45100000E+01  0.47930135E-19 -0.22964473E+02
  0.45200000E+01  0.47770287E-19 -0.23027583E+02
  0.45300000E+01  0.47564833E-19 -0.23090789E+02
  0.45400000E+01  0.47337601E-19 -0.23154090E+02
  0.45500000E+01  0.47124150E-19 -0.23217487E+02
  0.45600000E+01  0.46962119E-19 -0.23280980E+02
  0.45700000E+01  0.46881075E-19 -0.23344569E+02
  0.45800000E+01  0.46894655E-19 -0.23408255E+02
  0.45900000E+01  0.46997042E-19 -0.23472038E+02
  0.46000000E+01  0.47164552E-19 -0.23535919E+02
  0.46100000E+01  0.47361813E-19 -0.23599898E+02
  0.46200000E+01  0.47550952E-19 -0.23663975E+02
  0.46300000E+01  0.47701525E-19 -0.23728152E+02
  0.46400000E+01  0.47798671E-19 -0.23792427E+02
  0.46500000E+01  0.47847230E-19 -0.23856802E+02
  0.46600000E+01  0.47870565E-19 -0.23921277E+02
  0.46700000E+01  0.47904265E-19 -0.23985853E+02
  0.46800000E+01  0.47986467E-19 -0.24050529E+02
  0.46900000E+01  0.48147527E-19 -0.24115307E+02
  0.47000000E+01  0.48401918E-19 -0.24180187E+02
  0.47100000E+01  0.48744428E-19 -0.24245168E+02
  0.47200000E+01  0.49151502E-19 -0.24310253E+02
  0.47300000E+01  0.49587272E-19 -0.24375440E+02
  0.47400000E+01  0.50012765E-19 -0.24440731E+02
  0.47500000E+01  0.50396031E-19 -0.24506125E+02
  0.47600000E+01  0.50720628E-19 -0.24571624E+02
  0.47700000E+01  0.50990136E-19 -0.24637227E+02
  0.47800000E+01  0.51227327E-19 -0.24702936E+02
  0.47900000E+01  0.51468064E-19 -0.24768750E+02
  0.48000000E+01  0.51751584E-19 -0.24834670E+02
  0.48100000E+01  0.52109890E-19 -0.24900697E+02
  0.48200000E+01  0.52559199E-19 -0.24966830E+02
  0.48300000E+01  0.53095659E-19 -0.25033071E+02
  0.48400000E+01  0.53696308E-19 -0.25099420E+02
  0.48500000E+01  0.54324881E-19 -0.25165877E+02
  0.48600000E+01  0.54941016E-19 -0.25232442E+02
  0.48700000E+01  0.55510652E-19 -0.25299117E+02
  0.48800000E+01  0.56015037E-19 -0.25365901E+02
  0.48900000E+01  0.56455907E-19 -0.25432795E+02
  0.49000000E+01  0.56855203E-19 -0.25499800E+02
  0.49100000E+01  0.57249227E-19 -0.25566916E+02
  0.49200000E+01  0.57678836E-19 -0.25634143E+02
  0.49300000E+01  0.58178482E-19 -0.25701482E+02
  0.49400000E+01  0.58767087E-19 -0.25768934E+02
  0.49500000E+01  0.59443058E-19 -0.25836498E+02
  0.49600000E+01  0.60184546E-19 -0.25904175E+02
  0.49700000E+01  0.60954864E-19 -0.25971966E+02
  0.49800000E+01  0.61711768E-19 -0.26039872E+02
  0.49900000E+01  0.62418375E-19 -0.26107892E+02
  0.50000000E+01  0.63052879E-19 -0.26176028E+02
  0.50100000E+01  0.63614422E-19 -0.26244279E+02
  0.50200000E+01  0.64123478E-19 -0.26312646E+02
  0.50300000E+01  0.64616556E-19 -0.26381130E+02
  0.50400000E+01  0.65136603E-19 -0.26449731E+02
  0.50500000E+01  0.65721588E-19 -0.26518449E+02
  0.50600000E+01  0.66394310E-19 -0.26587286E+02
  0.50700000E+01  0.67156208E-19 -0.26656242E+02
  0.50800000E+01  0.67986881E-19 -0.26725316E+02
  0.50900000E+01  0.68849346E-19 -0.26794510E+02
  0.51000000E+01  0.69699484E-19 -0.26863825E+02
  0.51100000E+01  0.70497168E-19 -0.26933259E+02
  0.51200000E+01  0.71216424E-19 -0.27002815E+02
  0.51300000E+01  0.71852328E-19 -0.27072493E+02
  0.51400000E+01  0.72422836E-19 -0.27142293E+02
  0.51500000E+01  0.72964612E-19 -0.27212216E+02
  0.51600000E+01  0.73523412E-19 -0.27282261E+02
  0.51700000E+01  0.74141544E-19 -0.27352431E+02
  0.51800000E+01  0.74846232E-19 -0.27422725E+02
  0.51900000E+01  0.75642523E-19 -0.27493143E+02
  0.52000000E+01  0.76512424E-19 -0.27563687E+02
  0.52100000E+01  0.77419770E-19 -0.27634357E+02
  0.52200000E+01  0.78319008E-19 -0.27705153E+02
  0.52300000E+01  0.79165961E-19 -0.27776075E+02
  0.52400000E+01  0.79928811E-19 -0.27847126E+02
  0.52500000E+01  0.80597030E-19 -0.27918304E+02
  0.52600000E+01  0.81185375E-19 -0.27989611E+02
  0.52700000E+01  0.81730653E-19 -0.28061047E+02
  0.52800000E+01  0.82281478E-19 -0.28132613E+02
  0.52900000E+01  0.82884374E-19 -0.28204309E+02
  0.53000000E+01  0.83571204E-19 -0.28276135E+02
  0.53100000E+01  0.84351698E-19 -0.28348093E+02
  0.53200000E+01  0.85212068E-19 -0.28420183E+02
  0.53300000E+01  0.86118551E-19 -0.28492405E+02
  0.53400000E+01  0.87024618E-19 -0.28564760E+02
  0.53500000E+01  0.87881267E-19 -0.28637249E+02
  0.53600000E+01  0.88649482E-19 -0.28709872E+02
  0.53700000E+01  0.89311949E-19 -0.28782630E+02
  0.53800000E+01  0.89879444E-19 -0.28855523E+02
  0.53900000E+01  0.90388297E-19 -0.28928552E+02
  0.54000000E+01  0.90889308E-19 -0.29001717E+02
  0.54100000E+01  0.91432730E-19 -0.29075020E+02
  0.54200000E+01  0.92055214E-19 -0.29148460E+02
  0.54300000E+01  0.92772241E-19 -0.29222039E+02
  0.54400000E+01  0.93575964E-19 -0.29295756E+02
  0.54500000E+01  0.94436826E-19 -0.29369613E+02
  0.54600000E+01  0.95308534E-19 -0.29443610E+02
  0.54700000E+01  0.96137472E-19 -0.29517747E+02
  0.54800000E+01  0.96876628E-19 -0.29592026E+02
  0.54900000E+01  0.97500453E-19 -0.29666447E+02
  0.55000000E+01  0.98014221E-19 -0.29741010E+02
  0.55100000E+01  0.98452688E-19 -0.29815717E+02
  0.55200000E+01  0.98868315E-19 -0.29890567E+02
  0.55300000E+01  0.99314868E-19 -0.29965562E+02
  0.55400000E+01  0.99833615E-19 -0.30040701E+02
  0.55500000E+01  0.10044580E-18 -0.30115987E+02
  0.55600000E+01  0.10115029E-18 -0.30191419E+02
  0.55700000E+01  0.10192368E-18 -0.30266997E+02
  0.55800000E+01  0.10272257E-18 -0.30342724E+02
  0.55900000E+01  0.10349075E-18 -0.30418598E+02
  0.56000000E+01  0.10417324E-18 -0.30494622E+02
  0.56100000E+01  0.10473412E-18 -0.30570795E+02
  0.56200000E+01  0.10517027E-18 -0.30647118E+02
  0.56300000E+01  0.10551301E-18 -0.30723593E+02
  0.56400000E+01  0.10581651E-18 -0.30800218E+02
  0.56500000E+01  0.10613901E-18 -0.30876996E+02
  0.56600000E+01  0.10652663E-18 -0.30953927E+02
  0.56700000E+01  0.10700521E-18 -0.31031012E+02
  0.56800000E+01  0.10757897E-18 -0.31108251E+02
  0.56900000E+01  0.10823126E-18 -0.31185645E+02
  0.57000000E+01  0.10892504E-18 -0.31263195E+02
  0.57100000E+01  0.10960613E-18 -0.31340901E+02
  0.57200000E+01  0.11021419E-18 -0.31418764E+02
  0.57300000E+01  0.11070134E-18 -0.31496784E+02
  0.57400000E+01  0.11105121E-18 -0.31574964E+02
  0.57500000E+01  0.11128719E-18 -0.31653302E+02
  0.57600000E+01  0.11146405E-18 -0.31731801E+02
  0.57700000E+01  0.11164710E-18 -0.31810460E+02
  0.57800000E+01  0.11189042E-18 -0.31889280E+02
  0.57900000E+01  0.11222464E-18 -0.31968263E+02
  0.58000000E+01  0.11265612E-18 -0.32047408E+02
  0.58100000E+01  0.11317147E-18 -0.32126717E+02
  0.58200000E+01  0.11374046E-18 -0.32206190E+02
  0.58300000E+01  0.11431659E-18 -0.32285829E+02
  0.58400000E+01  0.11484149E-18 -0.32365633E+02
  0.58500000E+01  0.11525870E-18 -0.32445604E+02
  0.58600000E+01  0.11553476E-18 -0.32525742E+02
  0.58700000E+01  0.11567641E-18 -0.32606048E+02
  0.58800000E+01  0.11573210E-18 -0.32686523E+02
  0.58900000E+01  0.11577412E-18 -0.32767168E+02
  0.59000000E+01  0.11587100E-18 -0.32847983E+02
  0.59100000E+01  0.11606505E-18 -0.32928969E+02
  0.59200000E+01  0.11636564E-18 -0.33010127E+02
  0.59300000E+01  0.11675643E-18 -0.33091458E+02
  0.59400000E+01  0.11720635E-18 -0.33172963E+02
  0.59500000E+01  0.11767535E-18 -0.33254642E+02
  0.59600000E+01  0.11811499E-18 -0.33336497E+02
  0.59700000E+01  0.11847207E-18 -0.33418527E+02
  0.59800000E+01  0.11870205E-18 -0.33500734E+02
  0.59900000E+01  0.11878931E-18 -0.33583119E+02
  0.60000000E+01  0.11876172E-18 -0.33665682E+02
