  0.20000000E+00 -0.38867824E-06  0.12427731E-05
  0.21000000E+00 -0.30188936E-06  0.10510493E-05
  0.22000000E+00 -0.13291662E-06  0.94606288E-06
  0.23000000E+00  0.40125366E-07  0.95858206E-06
  0.24000000E+00  0.14032146E-06  0.10578650E-05
  0.25000000E+00  0.12567289E-06  0.11694347E-05
  0.26000000E+00  0.62514478E-08  0.12239633E-05
  0.27000000E+00 -0.16204847E-06  0.11893001E-05
  0.28000000E+00 -0.30356592E-06  0.10725907E-05
  0.29000000E+00 -0.35668284E-06  0.91058919E-06
  0.30000000E+00 -0.30041271E-06  0.75705825E-06
  0.31000000E+00 -0.16242859E-06  0.66412130E-06
  0.32000000E+00 -0.55757697E-08  0.66152365E-06
  0.33000000E+00  0.10066493E-06  0.74206532E-06
  0.34000000E+00  0.11088619E-06  0.85847379E-06
  0.35000000E+00  0.23083130E-07  0.94292498E-06
  0.36000000E+00 -0.12164180E-06  0.94622559E-06
  0.37000000E+00 -0.25836059E-06  0.86335014E-06
  0.38000000E+00 -0.32753698E-06  0.72772863E-06
  0.39000000E+00 -0.30097891E-06  0.59288937E-06
  0.40000000E+00 -0.19319878E-06  0.50997646E-06
  0.41000000E+00 -0.53683277E-07  0.50255808E-06
  0.42000000E+00  0.55881837E-07  0.56102348E-06
  0.43000000E+00  0.88947583E-07  0.65585128E-06
  0.44000000E+00  0.33880803E-07  0.74419435E-06
  0.45000000E+00 -0.82229237E-07  0.77812958E-06
  0.46000000E+00 -0.20686792E-06  0.73140074E-06
  0.47000000E+00 -0.28603060E-06  0.62166003E-06
  0.48000000E+00 -0.28781437E-06  0.50079506E-06
  0.49000000E+00 -0.21524447E-06  0.42189358E-06
  0.50000000E+00 -0.10317178E-06  0.40990056E-06
  0.51000000E+00 -0.14442499E-08  0.45475295E-06
  0.52000000E+00  0.47461376E-07  0.52719216E-06
  0.53000000E+00  0.26213854E-07  0.59608184E-06
  0.54000000E+00 -0.51640448E-07  0.63217295E-06
  0.55000000E+00 -0.14964893E-06  0.61361682E-06
  0.56000000E+00 -0.22568290E-06  0.54342895E-06
  0.57000000E+00 -0.25024987E-06  0.45484337E-06
  0.58000000E+00 -0.21784567E-06  0.38883925E-06
  0.59000000E+00 -0.14700339E-06  0.36815440E-06
  0.60000000E+00 -0.70073700E-07  0.39100072E-06
  0.61000000E+00 -0.18242701E-07  0.43791664E-06
  0.62000000E+00 -0.88443956E-08  0.48314729E-06
  0.63000000E+00 -0.40177594E-07  0.50583621E-06
  0.64000000E+00 -0.95009476E-07  0.49659533E-06
  0.65000000E+00 -0.14990735E-06  0.46164428E-06
  0.66000000E+00 -0.18541035E-06  0.42035237E-06
  0.67000000E+00 -0.19256992E-06  0.38999488E-06
  0.68000000E+00 -0.17388833E-06  0.37460742E-06
  0.69000000E+00 -0.13962393E-06  0.37156087E-06
  0.70000000E+00 -0.10229914E-06  0.37771089E-06
  0.71000000E+00 -0.72304866E-07  0.38609914E-06
  0.72000000E+00 -0.56055878E-07  0.38841044E-06
  0.73000000E+00 -0.56274015E-07  0.38415420E-06
  0.74000000E+00 -0.72839388E-07  0.38123084E-06
  0.75000000E+00 -0.10286742E-06  0.38602139E-06
  0.76000000E+00 -0.13995851E-06  0.39591285E-06
  0.77000000E+00 -0.17391098E-06  0.39991991E-06
  0.78000000E+00 -0.19250429E-06  0.38606129E-06
  0.79000000E+00 -0.18582734E-06  0.35268364E-06
  0.80000000E+00 -0.15166550E-06  0.31163751E-06
  0.81000000E+00 -0.98983856E-07  0.28087859E-06
  0.82000000E+00 -0.46721310E-07  0.27692213E-06
  0.83000000E+00 -0.17165046E-07  0.30581045E-06
  0.84000000E+00 -0.26142759E-07  0.35438202E-06
  0.85000000E+00 -0.74513221E-07  0.39789478E-06
  0.86000000E+00 -0.14555383E-06  0.41638990E-06
  0.87000000E+00 -0.21048197E-06  0.39897855E-06
  0.88000000E+00 -0.24046871E-06  0.34467499E-06
  0.89000000E+00 -0.21998366E-06  0.27023937E-06
  0.90000000E+00 -0.15505659E-06  0.21048462E-06
  0.91000000E+00 -0.71968244E-07  0.19868148E-06
  0.92000000E+00 -0.63022924E-08  0.24220904E-06
  0.93000000E+00  0.12912524E-07  0.31677354E-06
  0.94000000E+00 -0.23434403E-07  0.38249922E-06
  0.95000000E+00 -0.10010981E-06  0.40869263E-06
  0.96000000E+00 -0.18427191E-06  0.38685839E-06
  0.97000000E+00 -0.24022642E-06  0.32697144E-06
  0.98000000E+00 -0.24525289E-06  0.25276769E-06
  0.99000000E+00 -0.19916791E-06  0.19615550E-06
  0.10000000E+01 -0.12343958E-06  0.18176284E-06
  0.10100000E+01 -0.50723252E-07  0.21340556E-06
  0.10200000E+01 -0.10125037E-07  0.27344182E-06
  0.10300000E+01 -0.15183012E-07  0.33073804E-06
  0.10400000E+01 -0.59764153E-07  0.35571502E-06
  0.10500000E+01 -0.12289080E-06  0.33878096E-06
  0.10600000E+01 -0.17921161E-06  0.29629895E-06
  0.10700000E+01 -0.20962714E-06  0.25498604E-06
  0.10800000E+01 -0.20738909E-06  0.23073768E-06
  0.10900000E+01 -0.17799052E-06  0.22357952E-06
  0.11000000E+01 -0.13443870E-06  0.22758070E-06
  0.11100000E+01 -0.91244915E-07  0.23814218E-06
  0.11200000E+01 -0.60044243E-07  0.24951186E-06
  0.11300000E+01 -0.47868254E-07  0.25552090E-06
  0.11400000E+01 -0.57196010E-07  0.25742272E-06
  0.11500000E+01 -0.86220958E-07  0.26316502E-06
  0.11600000E+01 -0.12855760E-06  0.27596987E-06
  0.11700000E+01 -0.17308486E-06  0.28800130E-06
  0.11800000E+01 -0.20549327E-06  0.28496486E-06
  0.11900000E+01 -0.21248744E-06  0.25747166E-06
  0.12000000E+01 -0.18770109E-06  0.21253898E-06
  0.12100000E+01 -0.13646539E-06  0.17230896E-06
  0.12200000E+01 -0.76147542E-07  0.15942883E-06
  0.12300000E+01 -0.30530691E-07  0.18330286E-06
  0.12400000E+01 -0.19898241E-07  0.23447798E-06
  0.12500000E+01 -0.51293492E-07  0.28889599E-06
  0.12600000E+01 -0.11403234E-06  0.32061886E-06
  0.12700000E+01 -0.18331873E-06  0.31310010E-06
  0.12800000E+01 -0.23077628E-06  0.26534711E-06
  0.12900000E+01 -0.23703377E-06  0.19724129E-06
  0.13000000E+01 -0.20027278E-06  0.14424369E-06
  0.13100000E+01 -0.13662807E-06  0.13352238E-06
  0.13200000E+01 -0.72468708E-07  0.16417067E-06
  0.13300000E+01 -0.32607784E-07  0.21337965E-06
  0.13400000E+01 -0.30216673E-07  0.25593797E-06
  0.13500000E+01 -0.62856290E-07  0.27653946E-06
  0.13600000E+01 -0.11557330E-06  0.27102446E-06
  0.13700000E+01 -0.16850548E-06  0.24548362E-06
  0.13800000E+01 -0.20479423E-06  0.21458783E-06
  0.13900000E+01 -0.21542019E-06  0.19279984E-06
  0.14000000E+01 -0.19998231E-06  0.18548578E-06
  0.14100000E+01 -0.16472411E-06  0.18754422E-06
  0.14200000E+01 -0.11990183E-06  0.18757144E-06
  0.14300000E+01 -0.77696880E-07  0.17914284E-06
  0.14400000E+01 -0.50367944E-07  0.17305318E-06
  0.14500000E+01 -0.47645784E-07  0.18836556E-06
  0.14600000E+01 -0.73169250E-07  0.22562110E-06
  0.14700000E+01 -0.12138719E-06  0.26091673E-06
  0.14800000E+01 -0.17731703E-06  0.26944263E-06
  0.14900000E+01 -0.22073532E-06  0.24519339E-06
  0.15000000E+01 -0.23398072E-06  0.19994874E-06
  0.15100000E+01 -0.21004416E-06  0.15227568E-06
  0.15200000E+01 -0.15674381E-06  0.12042903E-06
  0.15300000E+01 -0.94338792E-07  0.11872356E-06
  0.15400000E+01 -0.47217515E-07  0.15140845E-06
  0.15500000E+01 -0.33479493E-07  0.20645582E-06
  0.15600000E+01 -0.57438614E-07  0.25552374E-06
  0.15700000E+01 -0.10854620E-06  0.26858000E-06
  0.15800000E+01 -0.16682382E-06  0.24006077E-06
  0.15900000E+01 -0.21162803E-06  0.19591014E-06
  0.16000000E+01 -0.22933139E-06  0.16584331E-06
  0.16100000E+01 -0.21683473E-06  0.15674974E-06
  0.16200000E+01 -0.18056096E-06  0.15745589E-06
  0.16300000E+01 -0.13280032E-06  0.15761929E-06
  0.16400000E+01 -0.87710736E-07  0.15700060E-06
  0.16500000E+01 -0.58151965E-07  0.16143521E-06
  0.16600000E+01 -0.53177970E-07  0.17539586E-06
  0.16700000E+01 -0.75685721E-07  0.19827328E-06
  0.16800000E+01 -0.12054998E-06  0.22339686E-06
  0.16900000E+01 -0.17460120E-06  0.23903377E-06
  0.17000000E+01 -0.21978041E-06  0.23159499E-06
  0.17100000E+01 -0.23933515E-06  0.19493578E-06
  0.17200000E+01 -0.22482065E-06  0.14283816E-06
  0.17300000E+01 -0.18047423E-06  0.10497663E-06
  0.17400000E+01 -0.12231918E-06  0.10260241E-06
  0.17500000E+01 -0.71926097E-07  0.13286084E-06
  0.17600000E+01 -0.47625898E-07  0.17688807E-06
  0.17700000E+01 -0.57345671E-07  0.21448094E-06
  0.17800000E+01 -0.96264353E-07  0.23131302E-06
  0.17900000E+01 -0.14982488E-06  0.22215151E-06
  0.18000000E+01 -0.19998404E-06  0.19503987E-06
  0.18100000E+01 -0.23151305E-06  0.16816850E-06
  0.18200000E+01 -0.23602392E-06  0.15489876E-06
  0.18300000E+01 -0.21321940E-06  0.15147541E-06
  0.18400000E+01 -0.17018637E-06  0.14353945E-06
  0.18500000E+01 -0.11959368E-06  0.12717249E-06
  0.18600000E+01 -0.76912421E-07  0.11898364E-06
  0.18700000E+01 -0.56400619E-07  0.13814639E-06
  0.18800000E+01 -0.66300936E-07  0.18116521E-06
  0.18900000E+01 -0.10497946E-06  0.22204017E-06
  0.19000000E+01 -0.16028244E-06  0.23571646E-06
  0.19100000E+01 -0.21330782E-06  0.21645161E-06
  0.19200000E+01 -0.24548368E-06  0.17582330E-06
  0.19300000E+01 -0.24583359E-06  0.13246619E-06
  0.19400000E+01 -0.21503951E-06  0.10538047E-06
  0.19500000E+01 -0.16461138E-06  0.10549260E-06
  0.19600000E+01 -0.11199865E-06  0.12677675E-06
  0.19700000E+01 -0.74216909E-07  0.15106706E-06
  0.19800000E+01 -0.62618894E-07  0.16647261E-06
  0.19900000E+01 -0.80202471E-07  0.17699454E-06
  0.20000000E+01 -0.12145393E-06  0.19011225E-06
  0.20100000E+01 -0.17410299E-06  0.20188564E-06
  0.20200000E+01 -0.22229602E-06  0.20082061E-06
  0.20300000E+01 -0.25088318E-06  0.18114797E-06
  0.20400000E+01 -0.25015295E-06  0.14803476E-06
  0.20500000E+01 -0.21958705E-06  0.11331540E-06
  0.20600000E+01 -0.16884682E-06  0.91095580E-07
  0.20700000E+01 -0.11494794E-06  0.94530026E-07
  0.20800000E+01 -0.76303930E-07  0.12641395E-06
  0.20900000E+01 -0.66012668E-07  0.17049628E-06
  0.21000000E+01 -0.87267628E-07  0.20057772E-06
  0.21100000E+01 -0.13269770E-06  0.20351267E-06
  0.21200000E+01 -0.18749046E-06  0.18887817E-06
  0.21300000E+01 -0.23458373E-06  0.17271156E-06
  0.21400000E+01 -0.25985943E-06  0.15914126E-06
  0.21500000E+01 -0.25594839E-06  0.14273282E-06
  0.21600000E+01 -0.22410920E-06  0.12137181E-06
  0.21700000E+01 -0.17402380E-06  0.10133124E-06
  0.21800000E+01 -0.12136242E-06  0.93661621E-07
  0.21900000E+01 -0.83258640E-07  0.10878338E-06
  0.22000000E+01 -0.72698140E-07  0.14757349E-06
  0.22100000E+01 -0.93789693E-07  0.19206670E-06
  0.22200000E+01 -0.14002440E-06  0.21369574E-06
  0.22300000E+01 -0.19648862E-06  0.20041108E-06
  0.22400000E+01 -0.24514740E-06  0.16876620E-06
  0.22500000E+01 -0.27094355E-06  0.14208451E-06
  0.22600000E+01 -0.26640484E-06  0.12670380E-06
  0.22700000E+01 -0.23349129E-06  0.11540959E-06
  0.22800000E+01 -0.18264975E-06  0.10401371E-06
  0.22900000E+01 -0.12970474E-06  0.97908380E-07
  0.23000000E+01 -0.91353545E-07  0.10670636E-06
  0.23100000E+01 -0.80175545E-07  0.13557096E-06
  0.23200000E+01 -0.10046077E-06  0.17663446E-06
  0.23300000E+01 -0.14640985E-06  0.20704468E-06
  0.23400000E+01 -0.20374233E-06  0.20527133E-06
  0.23500000E+01 -0.25439860E-06  0.17442539E-06
  0.23600000E+01 -0.28259209E-06  0.13912282E-06
  0.23700000E+01 -0.27989019E-06  0.11725183E-06
  0.23800000E+01 -0.24762195E-06  0.10685037E-06
  0.23900000E+01 -0.19615268E-06  0.99683446E-07
  0.24000000E+01 -0.14161463E-06  0.96018125E-07
  0.24100000E+01 -0.10114371E-06  0.10402602E-06
  0.24200000E+01 -0.87793102E-07  0.12980906E-06
  0.24300000E+01 -0.10641413E-06  0.16803533E-06
  0.24400000E+01 -0.15184273E-06  0.19963142E-06
  0.24500000E+01 -0.21027668E-06  0.20323768E-06
  0.24600000E+01 -0.26364086E-06  0.17655280E-06
  0.24700000E+01 -0.29546718E-06  0.14069315E-06
  0.24800000E+01 -0.29616025E-06  0.11576642E-06
  0.24900000E+01 -0.26587461E-06  0.10265543E-06
  0.25000000E+01 -0.21428022E-06  0.93695040E-07
  0.25100000E+01 -0.15754533E-06  0.89083527E-07
  0.25200000E+01 -0.11351260E-06  0.97358754E-07
  0.25300000E+01 -0.96343905E-07  0.12441547E-06
  0.25400000E+01 -0.11207925E-06  0.16365599E-06
  0.25500000E+01 -0.15652744E-06  0.19527817E-06
  0.25600000E+01 -0.21638091E-06  0.19928568E-06
  0.25700000E+01 -0.27337194E-06  0.17542728E-06
  0.25800000E+01 -0.31009589E-06  0.14372553E-06
  0.25900000E+01 -0.31548763E-06  0.11962871E-06
  0.26000000E+01 -0.28817891E-06  0.10173033E-06
  0.26100000E+01 -0.23683351E-06  0.86214529E-07
  0.26200000E+01 -0.17751813E-06  0.78854468E-07
  0.26300000E+01 -0.12891066E-06  0.89498100E-07
  0.26400000E+01 -0.10664619E-06  0.12042345E-06
  0.26500000E+01 -0.11840896E-06  0.16051945E-06
  0.26600000E+01 -0.16134915E-06  0.18949819E-06
  0.26700000E+01 -0.22280398E-06  0.19304442E-06
  0.26800000E+01 -0.28420795E-06  0.17594718E-06
  0.26900000E+01 -0.32692023E-06  0.15191122E-06
  0.27000000E+01 -0.33804308E-06  0.12570416E-06
  0.27100000E+01 -0.31439690E-06  0.97633159E-07
  0.27200000E+01 -0.26349883E-06  0.75335250E-07
  0.27300000E+01 -0.20132647E-06  0.70051876E-07
  0.27400000E+01 -0.14752666E-06  0.86099195E-07
  0.27500000E+01 -0.11943163E-06  0.11745302E-06
  0.27600000E+01 -0.12664255E-06  0.15185064E-06
  0.27700000E+01 -0.16787820E-06  0.17803504E-06
  0.27800000E+01 -0.23117989E-06  0.19043429E-06
  0.27900000E+01 -0.29752226E-06  0.18577275E-06
  0.28000000E+01 -0.34674032E-06  0.16136684E-06
  0.28100000E+01 -0.36386792E-06  0.12337087E-06
  0.28200000E+01 -0.34385736E-06  0.88151885E-07
  0.28300000E+01 -0.29319933E-06  0.69355542E-07
  0.28400000E+01 -0.22798062E-06  0.69132823E-07
  0.28500000E+01 -0.16900570E-06  0.82369502E-07
  0.28600000E+01 -0.13542860E-06  0.10535161E-06
  0.28700000E+01 -0.13876612E-06  0.13814274E-06
  0.28800000E+01 -0.17911222E-06  0.17525775E-06
  0.28900000E+01 -0.24484168E-06  0.19824712E-06
  0.29000000E+01 -0.31607321E-06  0.19071762E-06
  0.29100000E+01 -0.37091993E-06  0.15793340E-06
  0.29200000E+01 -0.39250995E-06  0.11910532E-06
  0.29300000E+01 -0.37444303E-06  0.87616170E-07
  0.29400000E+01 -0.32289221E-06  0.67185015E-07
  0.29500000E+01 -0.25471698E-06  0.59842103E-07
  0.29600000E+01 -0.19222498E-06  0.70347023E-07
  0.29700000E+01 -0.15618568E-06  0.10004945E-06
  0.29800000E+01 -0.15919147E-06  0.13964767E-06
  0.29900000E+01 -0.20143059E-06  0.17457529E-06
  0.30000000E+01 -0.27034098E-06  0.19368745E-06
  0.30100000E+01 -0.34446920E-06  0.18921620E-06
  0.30200000E+01 -0.40044233E-06  0.15949395E-06
  0.30300000E+01 -0.42075615E-06  0.11516397E-06
  0.30400000E+01 -0.39968373E-06  0.75141163E-07
  0.30500000E+01 -0.34523515E-06  0.54614799E-07
  0.30600000E+01 -0.27649782E-06  0.56088168E-07
  0.30700000E+01 -0.21728337E-06  0.73355198E-07
  0.30800000E+01 -0.18818822E-06  0.10260273E-06
  0.30900000E+01 -0.19965997E-06  0.14093496E-06
  0.31000000E+01 -0.24837611E-06  0.17663912E-06
  0.31100000E+01 -0.31826217E-06  0.19227445E-06
  0.31200000E+01 -0.38600866E-06  0.17791763E-06
  0.31300000E+01 -0.42931271E-06  0.13956870E-06
  0.31400000E+01 -0.43491454E-06  0.94477351E-07
  0.31500000E+01 -0.40337834E-06  0.60128394E-07
  0.31600000E+01 -0.34871882E-06  0.48668209E-07
  0.31700000E+01 -0.29295796E-06  0.62631653E-07
  0.31800000E+01 -0.25770360E-06  0.93053831E-07
  0.31900000E+01 -0.25598789E-06  0.12756067E-06
  0.32000000E+01 -0.28750383E-06  0.15689002E-06
  0.32100000E+01 -0.33908902E-06  0.17198934E-06
  0.32200000E+01 -0.39032166E-06  0.16322664E-06
  0.32300000E+01 -0.42208024E-06  0.13014033E-06
  0.32400000E+01 -0.42461196E-06  0.88509153E-07
  0.32500000E+01 -0.40163367E-06  0.59780912E-07
  0.32600000E+01 -0.36847013E-06  0.56533639E-07
  0.32700000E+01 -0.34476999E-06  0.79106319E-07
  0.32800000E+01 -0.34492936E-06  0.11698616E-06
  0.32900000E+01 -0.37069517E-06  0.15185700E-06
  0.33000000E+01 -0.40975365E-06  0.16564093E-06
  0.33100000E+01 -0.44146628E-06  0.14885589E-06
  0.33200000E+01 -0.44743912E-06  0.10468375E-06
  0.33300000E+01 -0.42193139E-06  0.53085828E-07
  0.33400000E+01 -0.37668853E-06  0.25348037E-07
  0.33500000E+01 -0.33703251E-06  0.40164659E-07
  0.33600000E+01 -0.33017444E-06  0.89542811E-07
  0.33700000E+01 -0.37081091E-06  0.15087495E-06
  0.33800000E+01 -0.45112898E-06  0.19986931E-06
  0.33900000E+01 -0.54108490E-06  0.21265287E-06
  0.34000000E+01 -0.60035903E-06  0.17239653E-06
  0.34100000E+01 -0.59751729E-06  0.83135591E-07
  0.34200000E+01 -0.52741788E-06 -0.19975856E-07
  0.34300000E+01 -0.41748129E-06 -0.78106259E-07
  0.34400000E+01 -0.31800536E-06 -0.46840582E-07
  0.34500000E+01 -0.27963284E-06  0.63613828E-07
  0.34600000E+01 -0.32834496E-06  0.19469578E-06
  0.34700000E+01 -0.45082507E-06  0.28100387E-06
  0.34800000E+01 -0.59864069E-06  0.28118350E-06
  0.34900000E+01 -0.71027745E-06  0.19011993E-06
  0.35000000E+01 -0.74045153E-06  0.45070376E-07
  0.35100000E+01 -0.68178159E-06 -0.81654622E-07
  0.35200000E+01 -0.56753931E-06 -0.11998422E-06
  0.35300000E+01 -0.45418661E-06 -0.51579618E-07
  0.35400000E+01 -0.39326603E-06  0.78116882E-07
  0.35500000E+01 -0.40774379E-06  0.19479269E-06
  0.35600000E+01 -0.48484930E-06  0.23729093E-06
  0.35700000E+01 -0.58759949E-06  0.18651989E-06
  0.35800000E+01 -0.67657992E-06  0.80765005E-07
  0.35900000E+01 -0.72864599E-06 -0.39822209E-08
  0.36000000E+01 -0.74279237E-06 -0.13232217E-07
  0.36100000E+01 -0.73268211E-06  0.41753816E-07
  0.36200000E+01 -0.71370931E-06  0.10007136E-06
  0.36300000E+01 -0.69440899E-06  0.10442060E-06
  0.36400000E+01 -0.67685218E-06  0.46149562E-07
  0.36500000E+01 -0.66293276E-06 -0.24803229E-07
  0.36600000E+01 -0.65925351E-06 -0.40518762E-07
  0.36700000E+01 -0.67557912E-06  0.18616655E-07
  0.36800000E+01 -0.71801062E-06  0.10275808E-06
  0.36900000E+01 -0.78278332E-06  0.13894362E-06
  0.37000000E+01 -0.85604256E-06  0.96118928E-07
  0.37100000E+01 -0.92009531E-06  0.12940297E-07
  0.37200000E+01 -0.96177496E-06 -0.40992752E-07
  0.37300000E+01 -0.97764679E-06 -0.37544819E-07
  0.37400000E+01 -0.97379721E-06 -0.13159733E-07
  0.37500000E+01 -0.96186501E-06 -0.18057733E-07
  0.37600000E+01 -0.95453088E-06 -0.56245060E-07
  0.37700000E+01 -0.96244889E-06 -0.84179658E-07
  0.37800000E+01 -0.99258173E-06 -0.69698343E-07
  0.37900000E+01 -0.10471072E-05 -0.35624653E-07
  0.38000000E+01 -0.11227803E-05 -0.29308784E-07
  0.38100000E+01 -0.12114671E-05 -0.63026389E-07
  0.38200000E+01 -0.13023785E-05 -0.10663139E-06
  0.38300000E+01 -0.13855079E-05 -0.13766792E-06
  0.38400000E+01 -0.14549466E-05 -0.16985803E-06
  0.38500000E+01 -0.15108094E-05 -0.21910010E-06
  0.38600000E+01 -0.15592768E-05 -0.27142078E-06
  0.38700000E+01 -0.16110380E-05 -0.30823516E-06
  0.38800000E+01 -0.16788672E-05 -0.33848277E-06
  0.38900000E+01 -0.17750745E-05 -0.37874075E-06
  0.39000000E+01 -0.19094978E-05 -0.42663762E-06
  0.39100000E+01 -0.20885310E-05 -0.47899074E-06
  0.39200000E+01 -0.23154107E-05 -0.54913322E-06
  0.39300000E+01 -0.25914427E-05 -0.64835366E-06
  0.39400000E+01 -0.29172226E-05 -0.77678790E-06
  0.39500000E+01 -0.32923173E-05 -0.93541656E-06
  0.39600000E+01 -0.37119319E-05 -0.11261027E-05
  0.39700000E+01 -0.41600753E-05 -0.13504240E-05
  0.39800000E+01 -0.46007241E-05 -0.16159830E-05
  0.39900000E+01 -0.49708590E-05 -0.19339312E-05
  0.40000000E+01 -0.51807702E-05 -0.23146604E-05
  0.40100000E+01 -0.51261592E-05 -0.27637061E-05
  0.40200000E+01 -0.47126977E-05 -0.32720149E-05
  0.40300000E+01 -0.38876053E-05 -0.38021339E-05
  0.40400000E+01 -0.26673093E-05 -0.42762031E-05
  0.40500000E+01 -0.11488020E-05 -0.45846948E-05
  0.40600000E+01  0.50321041E-06 -0.46334654E-05
  0.40700000E+01  0.20917566E-05 -0.44050646E-05
  0.40800000E+01  0.34342981E-05 -0.39715803E-05
  0.40900000E+01  0.44041825E-05 -0.34438572E-05
  0.41000000E+01  0.49529122E-05 -0.29138077E-05
  0.41100000E+01  0.51079698E-05 -0.24328853E-05
  0.41200000E+01  0.49509710E-05 -0.20194216E-05
  0.41300000E+01  0.45872584E-05 -0.16733832E-05
  0.41400000E+01  0.41185486E-05 -0.13877522E-05
  0.41500000E+01  0.36256882E-05 -0.11548950E-05
  0.41600000E+01  0.31627587E-05 -0.96881946E-06
  0.41700000E+01  0.27594008E-05 -0.82408649E-06
  0.41800000E+01  0.24268718E-05 -0.71335059E-06
  0.41900000E+01  0.21642898E-05 -0.62693066E-06
  0.42000000E+01  0.19634752E-05 -0.55551266E-06
  0.42100000E+01  0.18122291E-05 -0.49269945E-06
  0.42200000E+01  0.16966583E-05 -0.43500480E-06
  0.42300000E+01  0.16030415E-05 -0.38094785E-06
  0.42400000E+01  0.15195032E-05 -0.32973842E-06
  0.42500000E+01  0.14374057E-05 -0.28134762E-06
  0.42600000E+01  0.13522568E-05 -0.23681883E-06
  0.42700000E+01  0.12639044E-05 -0.19797549E-06
  0.42800000E+01  0.11758582E-05 -0.16802039E-06
  0.42900000E+01  0.10937957E-05 -0.14898974E-06
  0.43000000E+01  0.10235820E-05 -0.13900311E-06
  0.43100000E+01  0.96932071E-06 -0.13424724E-06
  0.43200000E+01  0.93201783E-06 -0.12974380E-06
  0.43300000E+01  0.90920155E-06 -0.12189044E-06
  0.43400000E+01  0.89557274E-06 -0.11074949E-06
  0.43500000E+01  0.88438020E-06 -0.96595078E-07
  0.43600000E+01  0.86913563E-06 -0.79014943E-07
  0.43700000E+01  0.84520191E-06 -0.59835028E-07
  0.43800000E+01  0.81090098E-06 -0.41473923E-07
  0.43900000E+01  0.76788515E-06 -0.24863159E-07
  0.44000000E+01  0.72064380E-06 -0.13248552E-07
  0.44100000E+01  0.67523780E-06 -0.10760368E-07
  0.44200000E+01  0.63757521E-06 -0.14787020E-07
  0.44300000E+01  0.61173155E-06 -0.19842442E-07
  0.44400000E+01  0.59882584E-06 -0.24523592E-07
  0.44500000E+01  0.59677031E-06 -0.26790636E-07
  0.44600000E+01  0.60091700E-06 -0.23250523E-07
  0.44700000E+01  0.60534862E-06 -0.14997617E-07
  0.44800000E+01  0.60443277E-06 -0.54096247E-08
  0.44900000E+01  0.59424375E-06  0.53775533E-08
  0.45000000E+01  0.57354165E-06  0.18842056E-07
  0.45100000E+01  0.54407576E-06  0.31274553E-07
  0.45200000E+01  0.51011756E-06  0.35927796E-07
  0.45300000E+01  0.47729659E-06  0.33475936E-07
  0.45400000E+01  0.45103737E-06  0.28915213E-07
  0.45500000E+01  0.43504901E-06  0.22132770E-07
  0.45600000E+01  0.43032371E-06  0.13352972E-07
  0.45700000E+01  0.43493783E-06  0.85964938E-08
  0.45800000E+01  0.44465689E-06  0.11393433E-07
  0.45900000E+01  0.45411847E-06  0.17793881E-07
  0.46000000E+01  0.45823983E-06  0.23744058E-07
  0.46100000E+01  0.45350172E-06  0.30909757E-07
  0.46200000E+01  0.43882869E-06  0.42134296E-07
  0.46300000E+01  0.41586399E-06  0.53648912E-07
  0.46400000E+01  0.38854152E-06  0.57111195E-07
  0.46500000E+01  0.36202898E-06  0.51533465E-07
  0.46600000E+01  0.34130740E-06  0.44907884E-07
  0.46700000E+01  0.32979496E-06  0.40323658E-07
  0.46800000E+01  0.32843547E-06  0.33438297E-07
  0.46900000E+01  0.33550392E-06  0.25636616E-07
  0.47000000E+01  0.34715154E-06  0.24313552E-07
  0.47100000E+01  0.35848414E-06  0.30958832E-07
  0.47200000E+01  0.36484432E-06  0.39671638E-07
  0.47300000E+01  0.36298424E-06  0.45680537E-07
  0.47400000E+01  0.35186891E-06  0.50463350E-07
  0.47500000E+01  0.33294024E-06  0.58045949E-07
  0.47600000E+01  0.30975980E-06  0.66154024E-07
  0.47700000E+01  0.28706716E-06  0.65844284E-07
  0.47800000E+01  0.26947885E-06  0.54513203E-07
  0.47900000E+01  0.26020795E-06  0.42370514E-07
  0.48000000E+01  0.26021195E-06  0.38782218E-07
  0.48100000E+01  0.26800521E-06  0.39719307E-07
  0.48200000E+01  0.28014022E-06  0.37614948E-07
  0.48300000E+01  0.29215218E-06  0.34985084E-07
  0.48400000E+01  0.29971484E-06  0.38993710E-07
  0.48500000E+01  0.29973439E-06  0.50054536E-07
  0.48600000E+01  0.29113924E-06  0.61527868E-07
  0.48700000E+01  0.27515509E-06  0.66544653E-07
  0.48800000E+01  0.25497722E-06  0.64305004E-07
  0.48900000E+01  0.23491227E-06  0.60722593E-07
  0.49000000E+01  0.21922982E-06  0.59739436E-07
  0.49100000E+01  0.21102046E-06  0.56673589E-07
  0.49200000E+01  0.21137237E-06  0.46713933E-07
  0.49300000E+01  0.21909639E-06  0.35697376E-07
  0.49400000E+01  0.23108753E-06  0.34060532E-07
  0.49500000E+01  0.24321896E-06  0.42290834E-07
  0.49600000E+01  0.25146240E-06  0.50827270E-07
  0.49700000E+01  0.25290331E-06  0.53939031E-07
  0.49800000E+01  0.24641042E-06  0.55127285E-07
  0.49900000E+01  0.23288418E-06  0.59611831E-07
  0.50000000E+01  0.21505995E-06  0.67225288E-07
  0.50100000E+01  0.19686297E-06  0.71515030E-07
  0.50200000E+01  0.18237360E-06  0.65478822E-07
  0.50300000E+01  0.17465900E-06  0.51007249E-07
  0.50400000E+01  0.17488540E-06  0.39796125E-07
  0.50500000E+01  0.18205881E-06  0.40089387E-07
  0.50600000E+01  0.19343629E-06  0.46297775E-07
  0.50700000E+01  0.20535116E-06  0.48009741E-07
  0.50800000E+01  0.21412394E-06  0.44763140E-07
  0.50900000E+01  0.21688398E-06  0.45250277E-07
  0.51000000E+01  0.21224732E-06  0.54371842E-07
  0.51100000E+01  0.20074961E-06  0.66613775E-07
  0.51200000E+01  0.18482207E-06  0.72696202E-07
  0.51300000E+01  0.16815779E-06  0.68326268E-07
  0.51400000E+01  0.15461153E-06  0.57013976E-07
  0.51500000E+01  0.14706808E-06  0.47814087E-07
  0.51600000E+01  0.14671867E-06  0.46848671E-07
  0.51700000E+01  0.15291419E-06  0.49625371E-07
  0.51800000E+01  0.16345739E-06  0.47361274E-07
  0.51900000E+01  0.17513406E-06  0.40276318E-07
  0.52000000E+01  0.18441271E-06  0.38075314E-07
  0.52100000E+01  0.18829755E-06  0.46764162E-07
  0.52200000E+01  0.18519839E-06  0.60353152E-07
  0.52300000E+01  0.17547386E-06  0.68329582E-07
  0.52400000E+01  0.16134007E-06  0.66931704E-07
  0.52500000E+01  0.14614253E-06  0.60309629E-07
  0.52600000E+01  0.13333796E-06  0.54563614E-07
  0.52700000E+01  0.12561162E-06  0.52889131E-07
  0.52800000E+01  0.12434626E-06  0.53310188E-07
  0.52900000E+01  0.12939669E-06  0.50321789E-07
  0.53000000E+01  0.13908888E-06  0.41940235E-07
  0.53100000E+01  0.15049583E-06  0.34814639E-07
  0.53200000E+01  0.16011620E-06  0.37899285E-07
  0.53300000E+01  0.16488488E-06  0.50392106E-07
  0.53400000E+01  0.16314964E-06  0.61686742E-07
  0.53500000E+01  0.15515242E-06  0.64070565E-07
  0.53600000E+01  0.14280807E-06  0.59844334E-07
  0.53700000E+01  0.12899220E-06  0.56010605E-07
  0.53800000E+01  0.11674033E-06  0.55851858E-07
  0.53900000E+01  0.10863001E-06  0.56890353E-07
  0.54000000E+01  0.10632376E-06  0.54883675E-07
  0.54100000E+01  0.11017241E-06  0.47866278E-07
  0.54200000E+01  0.11894364E-06  0.38253497E-07
  0.54300000E+01  0.12994686E-06  0.33049321E-07
  0.54400000E+01  0.13974430E-06  0.38301063E-07
  0.54500000E+01  0.14526871E-06  0.50747426E-07
  0.54600000E+01  0.14482709E-06  0.59882772E-07
  0.54700000E+01  0.13850489E-06  0.59900715E-07
  0.54800000E+01  0.12787942E-06  0.55142139E-07
  0.54900000E+01  0.11536973E-06  0.53244393E-07
  0.55000000E+01  0.10363228E-06  0.55898810E-07
  0.55100000E+01  0.95136228E-07  0.58084343E-07
  0.55200000E+01  0.91766261E-07  0.54874811E-07
  0.55300000E+01  0.94310902E-07  0.46371393E-07
  0.55400000E+01  0.10199273E-06  0.36878432E-07
  0.55500000E+01  0.11243721E-06  0.32328425E-07
  0.55600000E+01  0.12233355E-06  0.36908961E-07
  0.55700000E+01  0.12858785E-06  0.48108897E-07
  0.55800000E+01  0.12938173E-06  0.57185240E-07
  0.55900000E+01  0.12460202E-06  0.57852471E-07
  0.56000000E+01  0.11554993E-06  0.52917110E-07
  0.56100000E+01  0.10430466E-06  0.50317066E-07
  0.56200000E+01  0.93188078E-07  0.53257866E-07
  0.56300000E+01  0.84469809E-07  0.56890384E-07
  0.56400000E+01  0.80093808E-07  0.54971928E-07
  0.56500000E+01  0.81198704E-07  0.46813355E-07
  0.56600000E+01  0.87536537E-07  0.37131470E-07
  0.56700000E+01  0.97217205E-07  0.31736538E-07
  0.56800000E+01  0.10716423E-06  0.34185614E-07
  0.56900000E+01  0.11420363E-06  0.43433497E-07
  0.57000000E+01  0.11623659E-06  0.53336032E-07
  0.57100000E+01  0.11285317E-06  0.57037028E-07
  0.57200000E+01  0.10515034E-06  0.53416285E-07
  0.57300000E+01  0.95054380E-07  0.48492828E-07
  0.57400000E+01  0.84682745E-07  0.48599783E-07
  0.57500000E+01  0.76037793E-07  0.52692208E-07
  0.57600000E+01  0.70893249E-07  0.54112134E-07
  0.57700000E+01  0.70531820E-07  0.48830465E-07
  0.57800000E+01  0.75226883E-07  0.39419100E-07
  0.57900000E+01  0.83777081E-07  0.32000533E-07
  0.58000000E+01  0.93584383E-07  0.31222661E-07
  0.58100000E+01  0.10147351E-06  0.37645044E-07
  0.58200000E+01  0.10491383E-06  0.47527464E-07
  0.58300000E+01  0.10296112E-06  0.54877507E-07
  0.58400000E+01  0.96408330E-07  0.55389344E-07
  0.58500000E+01  0.87175619E-07  0.50160232E-07
  0.58600000E+01  0.77451180E-07  0.45402196E-07
  0.58700000E+01  0.69124805E-07  0.45956790E-07
  0.58800000E+01  0.63665468E-07  0.49484271E-07
  0.58900000E+01  0.62154108E-07  0.49624491E-07
  0.59000000E+01  0.65102813E-07  0.43638605E-07
  0.59100000E+01  0.72026172E-07  0.35065951E-07
  0.59200000E+01  0.81140934E-07  0.30000391E-07
  0.59300000E+01  0.89652492E-07  0.31993153E-07
  0.59400000E+01  0.94710123E-07  0.39969524E-07
  0.59500000E+01  0.94580589E-07  0.49389728E-07
  0.59600000E+01  0.89349890E-07  0.55093207E-07
  0.59700000E+01  0.80740710E-07  0.54069355E-07
  0.59800000E+01  0.71219538E-07  0.47723465E-07
  0.59900000E+01  0.63005767E-07  0.41871900E-07
  0.60000000E+01  0.57544072E-07  0.41413071E-07
