  0.20000000E+00  0.68071542E-11 -0.22799198E-10
  0.21000000E+00  0.74996128E-11 -0.23832039E-10
  0.22000000E+00  0.82356550E-11 -0.24811176E-10
  0.23000000E+00  0.89912580E-11 -0.25747288E-10
  0.24000000E+00  0.97439040E-11 -0.26656581E-10
  0.25000000E+00  0.10480860E-10 -0.27544472E-10
  0.26000000E+00  0.11203546E-10 -0.28411858E-10
  0.27000000E+00  0.11926446E-10 -0.29268780E-10
  0.28000000E+00  0.12671198E-10 -0.30131162E-10
  0.29000000E+00  0.13458283E-10 -0.31000763E-10
  0.30000000E+00  0.14299641E-10 -0.31855250E-10
  0.31000000E+00  0.15194905E-10 -0.32665091E-10
  0.32000000E+00  0.16132229E-10 -0.33417901E-10
  0.33000000E+00  0.17092542E-10 -0.34124304E-10
  0.34000000E+00  0.18054963E-10 -0.34802555E-10
  0.35000000E+00  0.19001483E-10 -0.35461382E-10
  0.36000000E+00  0.19920399E-10 -0.36096254E-10
  0.37000000E+00  0.20809012E-10 -0.36695421E-10
  0.38000000E+00  0.21675775E-10 -0.37254656E-10
  0.39000000E+00  0.22540758E-10 -0.37791611E-10
  0.40000000E+00  0.23432426E-10 -0.38336258E-10
  0.41000000E+00  0.24379546E-10 -0.38899629E-10
  0.42000000E+00  0.25399492E-10 -0.39456499E-10
  0.43000000E+00  0.26487145E-10 -0.39966613E-10
  0.44000000E+00  0.27609986E-10 -0.40407347E-10
  0.45000000E+00  0.28713912E-10 -0.40778196E-10
  0.46000000E+00  0.29740524E-10 -0.41081990E-10
  0.47000000E+00  0.30651272E-10 -0.41314665E-10
  0.48000000E+00  0.31448956E-10 -0.41488269E-10
  0.49000000E+00  0.32185368E-10 -0.41665315E-10
  0.50000000E+00  0.32947603E-10 -0.41935272E-10
  0.51000000E+00  0.33824506E-10 -0.42328024E-10
  0.52000000E+00  0.34865448E-10 -0.42764578E-10
  0.53000000E+00  0.36050208E-10 -0.43111148E-10
  0.54000000E+00  0.37286656E-10 -0.43275831E-10
  0.55000000E+00  0.38441720E-10 -0.43251789E-10
  0.56000000E+00  0.39395712E-10 -0.43095282E-10
  0.57000000E+00  0.40097617E-10 -0.42891219E-10
  0.58000000E+00  0.40595837E-10 -0.42731233E-10
  0.59000000E+00  0.41027255E-10 -0.42699605E-10
  0.60000000E+00  0.41564730E-10 -0.42851637E-10
  0.61000000E+00  0.42342455E-10 -0.43161041E-10
  0.62000000E+00  0.43391324E-10 -0.43480347E-10
  0.63000000E+00  0.44615389E-10 -0.43600529E-10
  0.64000000E+00  0.45824257E-10 -0.43390222E-10
  0.65000000E+00  0.46810999E-10 -0.42890828E-10
  0.66000000E+00  0.47442739E-10 -0.42285521E-10
  0.67000000E+00  0.47723069E-10 -0.41782294E-10
  0.68000000E+00  0.47796511E-10 -0.41506339E-10
  0.69000000E+00  0.47890657E-10 -0.41468934E-10
  0.70000000E+00  0.48219642E-10 -0.41606047E-10
  0.71000000E+00  0.48890551E-10 -0.41803761E-10
  0.72000000E+00  0.49854125E-10 -0.41887471E-10
  0.73000000E+00  0.50922570E-10 -0.41669313E-10
  0.74000000E+00  0.51847899E-10 -0.41082317E-10
  0.75000000E+00  0.52427090E-10 -0.40266613E-10
  0.76000000E+00  0.52587836E-10 -0.39487676E-10
  0.77000000E+00  0.52417363E-10 -0.38958972E-10
  0.78000000E+00  0.52122725E-10 -0.38733017E-10
  0.79000000E+00  0.51941656E-10 -0.38718924E-10
  0.80000000E+00  0.52043968E-10 -0.38766474E-10
  0.81000000E+00  0.52465391E-10 -0.38736242E-10
  0.82000000E+00  0.53099413E-10 -0.38523899E-10
  0.83000000E+00  0.53746762E-10 -0.38071411E-10
  0.84000000E+00  0.54198536E-10 -0.37399842E-10
  0.85000000E+00  0.54317195E-10 -0.36635091E-10
  0.86000000E+00  0.54083544E-10 -0.35963376E-10
  0.87000000E+00  0.53594443E-10 -0.35515824E-10
  0.88000000E+00  0.53017310E-10 -0.35285622E-10
  0.89000000E+00  0.52523736E-10 -0.35162683E-10
  0.90000000E+00  0.52229350E-10 -0.35035163E-10
  0.91000000E+00  0.52160169E-10 -0.34852051E-10
  0.92000000E+00  0.52252495E-10 -0.34606626E-10
  0.93000000E+00  0.52380956E-10 -0.34284566E-10
  0.94000000E+00  0.52402060E-10 -0.33855660E-10
  0.95000000E+00  0.52199137E-10 -0.33329971E-10
  0.96000000E+00  0.51716685E-10 -0.32792334E-10
  0.97000000E+00  0.50976035E-10 -0.32344694E-10
  0.98000000E+00  0.50068758E-10 -0.32029687E-10
  0.99000000E+00  0.49129295E-10 -0.31834950E-10
  0.10000000E+01  0.48293461E-10 -0.31743831E-10
  0.10100000E+01  0.47654022E-10 -0.31742909E-10
  0.10200000E+01  0.47227095E-10 -0.31788161E-10
  0.10300000E+01  0.46941999E-10 -0.31790184E-10
  0.10400000E+01  0.46661184E-10 -0.31649279E-10
  0.10500000E+01  0.46226542E-10 -0.31329818E-10
  0.10600000E+01  0.45517143E-10 -0.30910031E-10
  0.10700000E+01  0.44496690E-10 -0.30540710E-10
  0.10800000E+01  0.43230956E-10 -0.30346593E-10
  0.10900000E+01  0.41866503E-10 -0.30367325E-10
  0.11000000E+01  0.40577589E-10 -0.30573032E-10
  0.11100000E+01  0.39501352E-10 -0.30903112E-10
  0.11200000E+01  0.38686393E-10 -0.31274720E-10
  0.11300000E+01  0.38074750E-10 -0.31582706E-10
  0.11400000E+01  0.37524189E-10 -0.31737784E-10
  0.11500000E+01  0.36862116E-10 -0.31727324E-10
  0.11600000E+01  0.35950251E-10 -0.31638675E-10
  0.11700000E+01  0.34735455E-10 -0.31611425E-10
  0.11800000E+01  0.33267965E-10 -0.31755151E-10
  0.11900000E+01  0.31681272E-10 -0.32103191E-10
  0.12000000E+01  0.30142354E-10 -0.32628776E-10
  0.12100000E+01  0.28791400E-10 -0.33282971E-10
  0.12200000E+01  0.27693008E-10 -0.34003253E-10
  0.12300000E+01  0.26815867E-10 -0.34704267E-10
  0.12400000E+01  0.26047382E-10 -0.35301748E-10
  0.12500000E+01  0.25237141E-10 -0.35765493E-10
  0.12600000E+01  0.24252829E-10 -0.36147530E-10
  0.12700000E+01  0.23027749E-10 -0.36557029E-10
  0.12800000E+01  0.21582549E-10 -0.37101560E-10
  0.12900000E+01  0.20014032E-10 -0.37836507E-10
  0.13000000E+01  0.18456884E-10 -0.38752479E-10
  0.13100000E+01  0.17034311E-10 -0.39797171E-10
  0.13200000E+01  0.15816755E-10 -0.40902857E-10
  0.13300000E+01  0.14803049E-10 -0.42001784E-10
  0.13400000E+01  0.13928419E-10 -0.43042352E-10
  0.13500000E+01  0.13093139E-10 -0.44013890E-10
  0.13600000E+01  0.12198964E-10 -0.44955440E-10
  0.13700000E+01  0.11179916E-10 -0.45930901E-10
  0.13800000E+01  0.10018688E-10 -0.46989852E-10
  0.13900000E+01  0.87468102E-11 -0.48147156E-10
  0.14000000E+01  0.74321168E-11 -0.49393602E-10
  0.14100000E+01  0.61590470E-11 -0.50720109E-10
  0.14200000E+01  0.50065948E-11 -0.52129866E-10
  0.14300000E+01  0.40275752E-11 -0.53627866E-10
  0.14400000E+01  0.32330555E-11 -0.55195447E-10
  0.14500000E+01  0.25867921E-11 -0.56777228E-10
  0.14600000E+01  0.20139970E-11 -0.58306994E-10
  0.14700000E+01  0.14248519E-11 -0.59755557E-10
  0.14800000E+01  0.74658152E-12 -0.61155197E-10
  0.14900000E+01 -0.47852224E-13 -0.62581736E-10
  0.15000000E+01 -0.92717617E-12 -0.64112877E-10
  0.15100000E+01 -0.18122212E-11 -0.65793672E-10
  0.15200000E+01 -0.26059535E-11 -0.67621485E-10
  0.15300000E+01 -0.32303810E-11 -0.69545749E-10
  0.15400000E+01 -0.36542651E-11 -0.71486387E-10
  0.15500000E+01 -0.39002254E-11 -0.73370771E-10
  0.15600000E+01 -0.40299802E-11 -0.75171137E-10
  0.15700000E+01 -0.41165496E-11 -0.76919476E-10
  0.15800000E+01 -0.42169337E-11 -0.78683405E-10
  0.15900000E+01 -0.43561205E-11 -0.80513544E-10
  0.16000000E+01 -0.45257278E-11 -0.82409962E-10
  0.16100000E+01 -0.46931963E-11 -0.84341451E-10
  0.16200000E+01 -0.48143860E-11 -0.86287615E-10
  0.16300000E+01 -0.48443649E-11 -0.88254484E-10
  0.16400000E+01 -0.47453314E-11 -0.90258115E-10
  0.16500000E+01 -0.44932224E-11 -0.92303491E-10
  0.16600000E+01 -0.40838404E-11 -0.94375564E-10
  0.16700000E+01 -0.35365764E-11 -0.96440680E-10
  0.16800000E+01 -0.28920527E-11 -0.98458668E-10
  0.16900000E+01 -0.22014515E-11 -0.10040544E-09
  0.17000000E+01 -0.15095303E-11 -0.10229151E-09
  0.17100000E+01 -0.83761272E-12 -0.10415985E-09
  0.17200000E+01 -0.17418186E-12 -0.10606132E-09
  0.17300000E+01  0.52211893E-12 -0.10802248E-09
  0.17400000E+01  0.13078069E-11 -0.11003247E-09
  0.17500000E+01  0.22341725E-11 -0.11205901E-09
  0.17600000E+01  0.33294255E-11 -0.11406952E-09
  0.17700000E+01  0.45900705E-11 -0.11603692E-09
  0.17800000E+01  0.59839746E-11 -0.11793891E-09
  0.17900000E+01  0.74628798E-11 -0.11976429E-09
  0.18000000E+01  0.89789230E-11 -0.12152149E-09
  0.18100000E+01  0.10499106E-10 -0.12323484E-09
  0.18200000E+01  0.12013402E-10 -0.12492946E-09
  0.18300000E+01  0.13535197E-10 -0.12661878E-09
  0.18400000E+01  0.15095461E-10 -0.12830120E-09
  0.18500000E+01  0.16733429E-10 -0.12996485E-09
  0.18600000E+01  0.18486251E-10 -0.13159777E-09
  0.18700000E+01  0.20379220E-10 -0.13319509E-09
  0.18800000E+01  0.22417729E-10 -0.13475381E-09
  0.18900000E+01  0.24582800E-10 -0.13626028E-09
  0.19000000E+01  0.26832863E-10 -0.13768679E-09
  0.19100000E+01  0.29113804E-10 -0.13900376E-09
  0.19200000E+01  0.31376252E-10 -0.14019856E-09
  0.19300000E+01  0.33594522E-10 -0.14129045E-09
  0.19400000E+01  0.35778649E-10 -0.14233252E-09
  0.19500000E+01  0.37972291E-10 -0.14338856E-09
  0.19600000E+01  0.40235554E-10 -0.14448874E-09
  0.19700000E+01  0.42619708E-10 -0.14559579E-09
  0.19800000E+01  0.45145538E-10 -0.14661896E-09
  0.19900000E+01  0.47795189E-10 -0.14747880E-09
  0.20000000E+01  0.50520004E-10 -0.14816791E-09
  0.20100000E+01  0.53258787E-10 -0.14874316E-09
  0.20200000E+01  0.55957346E-10 -0.14926242E-09
  0.20300000E+01  0.58582464E-10 -0.14973831E-09
  0.20400000E+01  0.61128530E-10 -0.15014449E-09
  0.20500000E+01  0.63618147E-10 -0.15045257E-09
  0.20600000E+01  0.66097336E-10 -0.15066768E-09
  0.20700000E+01  0.68623817E-10 -0.15084089E-09
  0.20800000E+01  0.71247704E-10 -0.15103351E-09
  0.20900000E+01  0.73989019E-10 -0.15124326E-09
  0.21000000E+01  0.76822149E-10 -0.15136626E-09
  0.21100000E+01  0.79677766E-10 -0.15126391E-09
  0.21200000E+01  0.82465199E-10 -0.15089243E-09
  0.21300000E+01  0.85106726E-10 -0.15035192E-09
  0.21400000E+01  0.87567714E-10 -0.14979239E-09
  0.21500000E+01  0.89868507E-10 -0.14929028E-09
  0.21600000E+01  0.92074054E-10 -0.14881884E-09
  0.21700000E+01  0.94268091E-10 -0.14830373E-09
  0.21800000E+01  0.96523570E-10 -0.14768999E-09
  0.21900000E+01  0.98878721E-10 -0.14697834E-09
  0.22000000E+01  0.10132327E-09 -0.14621090E-09
  0.22100000E+01  0.10379669E-09 -0.14540251E-09
  0.22200000E+01  0.10620029E-09 -0.14448220E-09
  0.22300000E+01  0.10842378E-09 -0.14334044E-09
  0.22400000E+01  0.11038139E-09 -0.14196344E-09
  0.22500000E+01  0.11204549E-09 -0.14049032E-09
  0.22600000E+01  0.11346195E-09 -0.13910210E-09
  0.22700000E+01  0.11473759E-09 -0.13787375E-09
  0.22800000E+01  0.11600230E-09 -0.13674557E-09
  0.22900000E+01  0.11736079E-09 -0.13560029E-09
  0.23000000E+01  0.11885298E-09 -0.13434567E-09
  0.23100000E+01  0.12043728E-09 -0.13295263E-09
  0.23200000E+01  0.12200074E-09 -0.13144455E-09
  0.23300000E+01  0.12339172E-09 -0.12984302E-09
  0.23400000E+01  0.12446541E-09 -0.12812357E-09
  0.23500000E+01  0.12513025E-09 -0.12626247E-09
  0.23600000E+01  0.12538162E-09 -0.12433782E-09
  0.23700000E+01  0.12531031E-09 -0.12252278E-09
  0.23800000E+01  0.12507882E-09 -0.12094578E-09
  0.23900000E+01  0.12486962E-09 -0.11959021E-09
  0.24000000E+01  0.12482191E-09 -0.11833051E-09
  0.24100000E+01  0.12497959E-09 -0.11702736E-09
  0.24200000E+01  0.12527033E-09 -0.11559014E-09
  0.24300000E+01  0.12552404E-09 -0.11399471E-09
  0.24400000E+01  0.12552500E-09 -0.11226971E-09
  0.24500000E+01  0.12508101E-09 -0.11046052E-09
  0.24600000E+01  0.12408783E-09 -0.10861801E-09
  0.24700000E+01  0.12256849E-09 -0.10684333E-09
  0.24800000E+01  0.12067364E-09 -0.10529356E-09
  0.24900000E+01  0.11863995E-09 -0.10408097E-09
  0.25000000E+01  0.11671712E-09 -0.10318483E-09
  0.25100000E+01  0.11508564E-09 -0.10247717E-09
  0.25200000E+01  0.11379303E-09 -0.10180457E-09
  0.25300000E+01  0.11273146E-09 -0.10104238E-09
  0.25400000E+01  0.11166689E-09 -0.10011835E-09
  0.25500000E+01  0.11031210E-09 -0.99030680E-10
  0.25600000E+01  0.10842112E-09 -0.97852797E-10
  0.25700000E+01  0.10587427E-09 -0.96719883E-10
  0.25800000E+01  0.10272551E-09 -0.95809791E-10
  0.25900000E+01  0.99194795E-10 -0.95288859E-10
  0.26000000E+01  0.95605579E-10 -0.95225848E-10
  0.26100000E+01  0.92285585E-10 -0.95561850E-10
  0.26200000E+01  0.89461669E-10 -0.96158038E-10
  0.26300000E+01  0.87183159E-10 -0.96851706E-10
  0.26400000E+01  0.85300390E-10 -0.97485952E-10
  0.26500000E+01  0.83508364E-10 -0.97940268E-10
  0.26600000E+01  0.81444287E-10 -0.98181956E-10
  0.26700000E+01  0.78808969E-10 -0.98310051E-10
  0.26800000E+01  0.75472282E-10 -0.98543198E-10
  0.26900000E+01  0.71526437E-10 -0.99133481E-10
  0.27000000E+01  0.67267255E-10 -0.10025029E-09
  0.27100000E+01  0.63107445E-10 -0.10191945E-09
  0.27200000E+01  0.59448825E-10 -0.10404550E-09
  0.27300000E+01  0.56554436E-10 -0.10646276E-09
  0.27400000E+01  0.54462383E-10 -0.10897435E-09
  0.27500000E+01  0.52970916E-10 -0.11138581E-09
  0.27600000E+01  0.51702289E-10 -0.11355042E-09
  0.27700000E+01  0.50227472E-10 -0.11543208E-09
  0.27800000E+01  0.48212417E-10 -0.11716042E-09
  0.27900000E+01  0.45537053E-10 -0.11901180E-09
  0.28000000E+01  0.42345308E-10 -0.12128370E-09
  0.28100000E+01  0.39007125E-10 -0.12414823E-09
  0.28200000E+01  0.36003831E-10 -0.12759407E-09
  0.28300000E+01  0.33774880E-10 -0.13146440E-09
  0.28400000E+01  0.32577180E-10 -0.13553304E-09
  0.28500000E+01  0.32403804E-10 -0.13956979E-09
  0.28600000E+01  0.32989390E-10 -0.14337949E-09
  0.28700000E+01  0.33901462E-10 -0.14683172E-09
  0.28800000E+01  0.34688655E-10 -0.14990938E-09
  0.28900000E+01  0.35036779E-10 -0.15276521E-09
  0.29000000E+01  0.34879195E-10 -0.15570471E-09
  0.29100000E+01  0.34422238E-10 -0.15903973E-09
  0.29200000E+01  0.34076147E-10 -0.16290966E-09
  0.29300000E+01  0.34316261E-10 -0.16722280E-09
  0.29400000E+01  0.35524486E-10 -0.17173670E-09
  0.29500000E+01  0.37866971E-10 -0.17618198E-09
  0.29600000E+01  0.41249114E-10 -0.18034643E-09
  0.29700000E+01  0.45360424E-10 -0.18409815E-09
  0.29800000E+01  0.49790485E-10 -0.18737913E-09
  0.29900000E+01  0.54173699E-10 -0.19022076E-09
  0.30000000E+01  0.58311605E-10 -0.19278438E-09
  0.30100000E+01  0.62230299E-10 -0.19534036E-09
  0.30200000E+01  0.66154614E-10 -0.19811571E-09
  0.30300000E+01  0.70412325E-10 -0.20112292E-09
  0.30400000E+01  0.75308389E-10 -0.20415846E-09
  0.30500000E+01  0.81019246E-10 -0.20695733E-09
  0.30600000E+01  0.87545837E-10 -0.20932562E-09
  0.30700000E+01  0.94736801E-10 -0.21117203E-09
  0.30800000E+01  0.10236359E-09 -0.21249632E-09
  0.30900000E+01  0.11021024E-09 -0.21336551E-09
  0.31000000E+01  0.11813951E-09 -0.21386196E-09
  0.31100000E+01  0.12611201E-09 -0.21404590E-09
  0.31200000E+01  0.13415841E-09 -0.21395988E-09
  0.31300000E+01  0.14232576E-09 -0.21360496E-09
  0.31400000E+01  0.15062924E-09 -0.21288060E-09
  0.31500000E+01  0.15903537E-09 -0.21161552E-09
  0.31600000E+01  0.16748417E-09 -0.20971830E-09
  0.31700000E+01  0.17593457E-09 -0.20726632E-09
  0.31800000E+01  0.18440178E-09 -0.20441517E-09
  0.31900000E+01  0.19295708E-09 -0.20126416E-09
  0.32000000E+01  0.20168052E-09 -0.19781887E-09
  0.32100000E+01  0.21058539E-09 -0.19399659E-09
  0.32200000E+01  0.21955467E-09 -0.18961448E-09
  0.32300000E+01  0.22833031E-09 -0.18443953E-09
  0.32400000E+01  0.23657316E-09 -0.17834681E-09
  0.32500000E+01  0.24397542E-09 -0.17143523E-09
  0.32600000E+01  0.25037654E-09 -0.16397430E-09
  0.32700000E+01  0.25582477E-09 -0.15627003E-09
  0.32800000E+01  0.26054761E-09 -0.14854272E-09
  0.32900000E+01  0.26483557E-09 -0.14083045E-09
  0.33000000E+01  0.26888696E-09 -0.13297047E-09
  0.33100000E+01  0.27268442E-09 -0.12468964E-09
  0.33200000E+01  0.27596374E-09 -0.11572175E-09
  0.33300000E+01  0.27829512E-09 -0.10590917E-09
  0.33400000E+01  0.27924299E-09 -0.95333099E-10
  0.33500000E+01  0.27853018E-09 -0.84363049E-10
  0.33600000E+01  0.27612627E-09 -0.73482078E-10
  0.33700000E+01  0.27221483E-09 -0.63019823E-10
  0.33800000E+01  0.26705458E-09 -0.53024968E-10
  0.33900000E+01  0.26080527E-09 -0.43299731E-10
  0.34000000E+01  0.25341008E-09 -0.33517828E-10
  0.34100000E+01  0.24459894E-09 -0.23409513E-10
  0.34200000E+01  0.23401447E-09 -0.12969173E-10
  0.34300000E+01  0.22139555E-09 -0.25675738E-11
  0.34400000E+01  0.20672011E-09  0.71878899E-11
  0.34500000E+01  0.19022636E-09  0.15823141E-10
  0.34600000E+01  0.17229262E-09  0.23242299E-10
  0.34700000E+01  0.15322943E-09  0.29625344E-10
  0.34800000E+01  0.13308659E-09  0.35225100E-10
  0.34900000E+01  0.11157763E-09  0.40292767E-10
  0.35000000E+01  0.88173592E-10  0.45015701E-10
  0.35100000E+01  0.62338590E-10  0.49336671E-10
  0.35200000E+01  0.33807325E-10  0.52786227E-10
  0.35300000E+01  0.27746860E-11  0.54572520E-10
  0.35400000E+01 -0.30102155E-10  0.53953319E-10
  0.35500000E+01 -0.63907719E-10  0.50625823E-10
  0.35600000E+01 -0.97800685E-10  0.44851238E-10
  0.35700000E+01 -0.13133220E-09  0.37253043E-10
  0.35800000E+01 -0.16460650E-09  0.28455462E-10
  0.35900000E+01 -0.19820584E-09  0.18779340E-10
  0.36000000E+01 -0.23290382E-09  0.81175203E-11
  0.36100000E+01 -0.26928327E-09 -0.40050238E-11
  0.36200000E+01 -0.30741664E-09 -0.18267259E-10
  0.36300000E+01 -0.34674112E-09 -0.35351175E-10
  0.36400000E+01 -0.38617964E-09 -0.55729064E-10
  0.36500000E+01 -0.42445683E-09 -0.79472169E-10
  0.36600000E+01 -0.46047974E-09 -0.10615062E-09
  0.36700000E+01 -0.49363047E-09 -0.13496072E-09
  0.36800000E+01 -0.52386173E-09 -0.16511072E-09
  0.36900000E+01 -0.55157399E-09 -0.19624754E-09
  0.37000000E+01 -0.57734229E-09 -0.22860326E-09
  0.37100000E+01 -0.60161050E-09 -0.26269682E-09
  0.37200000E+01 -0.62446479E-09 -0.29884142E-09
  0.37300000E+01 -0.64555090E-09 -0.33697032E-09
  0.37400000E+01 -0.66414150E-09 -0.37692894E-09
  0.37500000E+01 -0.67931565E-09 -0.41876988E-09
  0.37600000E+01 -0.69018920E-09 -0.46258738E-09
  0.37700000E+01 -0.69612959E-09 -0.50805163E-09
  0.37800000E+01 -0.69689677E-09 -0.55430666E-09
  0.37900000E+01 -0.69267448E-09 -0.60052584E-09
  0.38000000E+01 -0.68399058E-09 -0.64648326E-09
  0.38100000E+01 -0.67156026E-09 -0.69241199E-09
  0.38200000E+01 -0.65610734E-09 -0.73840133E-09
  0.38300000E+01 -0.63821768E-09 -0.78422772E-09
  0.38400000E+01 -0.61826035E-09 -0.82981714E-09
  0.38500000E+01 -0.59638654E-09 -0.87550704E-09
  0.38600000E+01 -0.57259322E-09 -0.92163776E-09
  0.38700000E+01 -0.54682082E-09 -0.96814658E-09
  0.38800000E+01 -0.51904121E-09 -0.10147889E-08
  0.38900000E+01 -0.48928634E-09 -0.10615233E-08
  0.39000000E+01 -0.45757108E-09 -0.11084514E-08
  0.39100000E+01 -0.42367880E-09 -0.11556024E-08
  0.39200000E+01 -0.38680422E-09 -0.12030074E-08
  0.39300000E+01 -0.34508550E-09 -0.12508544E-08
  0.39400000E+01 -0.29510796E-09 -0.12993938E-08
  0.39500000E+01 -0.23152470E-09 -0.13486838E-08
  0.39600000E+01 -0.14700453E-09 -0.13983396E-08
  0.39700000E+01 -0.32754549E-10 -0.14472807E-08
  0.39800000E+01  0.12017590E-09 -0.14934489E-08
  0.39900000E+01  0.31877503E-09 -0.15335054E-08
  0.40000000E+01  0.56541052E-09 -0.15625545E-08
  0.40100000E+01  0.85529350E-09 -0.15740431E-08
  0.40200000E+01  0.11750007E-08 -0.15601555E-08
  0.40300000E+01  0.15029513E-08 -0.15131924E-08
  0.40400000E+01  0.18122576E-08 -0.14282820E-08
  0.40500000E+01  0.20755467E-08 -0.13068092E-08
  0.40600000E+01  0.22705103E-08 -0.11582663E-08
  0.40700000E+01  0.23844953E-08 -0.99796347E-09
  0.40800000E+01  0.24166843E-08 -0.84132940E-09
  0.40900000E+01  0.23772616E-08 -0.69902805E-09
  0.41000000E+01  0.22840393E-08 -0.57575354E-09
  0.41100000E+01  0.21578377E-08 -0.47177750E-09
  0.41200000E+01  0.20181236E-08 -0.38506364E-09
  0.41300000E+01  0.18800359E-08 -0.31278813E-09
  0.41400000E+01  0.17532119E-08 -0.25215000E-09
  0.41500000E+01  0.16421657E-08 -0.20072061E-09
  0.41600000E+01  0.15475905E-08 -0.15656106E-09
  0.41700000E+01  0.14679178E-08 -0.11822379E-09
  0.41800000E+01  0.14006546E-08 -0.84672782E-10
  0.41900000E+01  0.13432825E-08 -0.55147885E-10
  0.42000000E+01  0.12937118E-08 -0.29038998E-10
  0.42100000E+01  0.12503998E-08 -0.58123493E-11
  0.42200000E+01  0.12122722E-08  0.15010999E-10
  0.42300000E+01  0.11785648E-08  0.33863863E-10
  0.42400000E+01  0.11486660E-08  0.51141743E-10
  0.42500000E+01  0.11220026E-08  0.67198858E-10
  0.42600000E+01  0.10979851E-08  0.82351441E-10
  0.42700000E+01  0.10760100E-08  0.96847927E-10
  0.42800000E+01  0.10555047E-08  0.11083181E-09
  0.42900000E+01  0.10359900E-08  0.12434139E-09
  0.43000000E+01  0.10171360E-08  0.13731384E-09
  0.43100000E+01  0.99878942E-09  0.14966106E-09
  0.43200000E+01  0.98096191E-09  0.16135321E-09
  0.43300000E+01  0.96378115E-09  0.17240539E-09
  0.43400000E+01  0.94741860E-09  0.18287846E-09
  0.43500000E+01  0.93201281E-09  0.19288596E-09
  0.43600000E+01  0.91760777E-09  0.20254766E-09
  0.43700000E+01  0.90412083E-09  0.21198025E-09
  0.43800000E+01  0.89134759E-09  0.22132003E-09
  0.43900000E+01  0.87900180E-09  0.23066745E-09
  0.44000000E+01  0.86677966E-09  0.24002403E-09
  0.44100000E+01  0.85443057E-09  0.24932650E-09
  0.44200000E+01  0.84181417E-09  0.25846825E-09
  0.44300000E+01  0.82892718E-09  0.26730356E-09
  0.44400000E+01  0.81589279E-09  0.27574222E-09
  0.44500000E+01  0.80291660E-09  0.28379088E-09
  0.44600000E+01  0.79022242E-09  0.29148670E-09
  0.44700000E+01  0.77798592E-09  0.29888295E-09
  0.44800000E+01  0.76628322E-09  0.30606524E-09
  0.44900000E+01  0.75506716E-09  0.31314265E-09
  0.45000000E+01  0.74417675E-09  0.32021515E-09
  0.45100000E+01  0.73337760E-09  0.32732743E-09
  0.45200000E+01  0.72242273E-09  0.33447721E-09
  0.45300000E+01  0.71111742E-09  0.34160836E-09
  0.45400000E+01  0.69936974E-09  0.34858232E-09
  0.45500000E+01  0.68721223E-09  0.35526049E-09
  0.45600000E+01  0.67478911E-09  0.36158027E-09
  0.45700000E+01  0.66231342E-09  0.36752578E-09
  0.45800000E+01  0.65000716E-09  0.37312562E-09
  0.45900000E+01  0.63804081E-09  0.37845615E-09
  0.46000000E+01  0.62648797E-09  0.38358843E-09
  0.46100000E+01  0.61530607E-09  0.38858909E-09
  0.46200000E+01  0.60434777E-09  0.39355637E-09
  0.46300000E+01  0.59340033E-09  0.39856276E-09
  0.46400000E+01  0.58224305E-09  0.40358669E-09
  0.46500000E+01  0.57070722E-09  0.40853559E-09
  0.46600000E+01  0.55872191E-09  0.41328818E-09
  0.46700000E+01  0.54633242E-09  0.41774174E-09
  0.46800000E+01  0.53368649E-09  0.42184908E-09
  0.46900000E+01  0.52099306E-09  0.42557814E-09
  0.47000000E+01  0.50846566E-09  0.42891591E-09
  0.47100000E+01  0.49626630E-09  0.43195447E-09
  0.47200000E+01  0.48446413E-09  0.43483567E-09
  0.47300000E+01  0.47301870E-09  0.43760726E-09
  0.47400000E+01  0.46179171E-09  0.44026624E-09
  0.47500000E+01  0.45058448E-09  0.44287956E-09
  0.47600000E+01  0.43919205E-09  0.44552223E-09
  0.47700000E+01  0.42745955E-09  0.44813517E-09
  0.47800000E+01  0.41532491E-09  0.45053619E-09
  0.47900000E+01  0.40283563E-09  0.45256303E-09
  0.48000000E+01  0.39013521E-09  0.45418380E-09
  0.48100000E+01  0.37742404E-09  0.45547713E-09
  0.48200000E+01  0.36490651E-09  0.45649643E-09
  0.48300000E+01  0.35273848E-09  0.45719629E-09
  0.48400000E+01  0.34098809E-09  0.45757093E-09
  0.48500000E+01  0.32961960E-09  0.45778984E-09
  0.48600000E+01  0.31850429E-09  0.45804884E-09
  0.48700000E+01  0.30745596E-09  0.45834792E-09
  0.48800000E+01  0.29628167E-09  0.45854496E-09
  0.48900000E+01  0.28483417E-09  0.45855438E-09
  0.49000000E+01  0.27305185E-09  0.45838485E-09
  0.49100000E+01  0.26097571E-09  0.45802228E-09
  0.49200000E+01  0.24873863E-09  0.45735784E-09
  0.49300000E+01  0.23652998E-09  0.45625592E-09
  0.49400000E+01  0.22454531E-09  0.45469857E-09
  0.49500000E+01  0.21293574E-09  0.45285023E-09
  0.49600000E+01  0.20177072E-09  0.45091857E-09
  0.49700000E+01  0.19102323E-09  0.44894465E-09
  0.49800000E+01  0.18057924E-09  0.44681743E-09
  0.49900000E+01  0.17026821E-09  0.44450888E-09
  0.50000000E+01  0.15990768E-09  0.44216713E-09
  0.50100000E+01  0.14935224E-09  0.43990145E-09
  0.50200000E+01  0.13853425E-09  0.43757737E-09
  0.50300000E+01  0.12748340E-09  0.43492145E-09
  0.50400000E+01  0.11631809E-09  0.43178370E-09
  0.50500000E+01  0.10521170E-09  0.42825077E-09
  0.50600000E+01  0.94346103E-10  0.42451540E-09
  0.50700000E+01  0.83866637E-10  0.42066539E-09
  0.50800000E+01  0.73848941E-10  0.41662429E-09
  0.50900000E+01  0.64282541E-10  0.41230266E-09
  0.51000000E+01  0.55073601E-10  0.40778622E-09
  0.51100000E+01  0.46068181E-10  0.40331130E-09
  0.51200000E+01  0.37093294E-10  0.39901254E-09
  0.51300000E+01  0.28005577E-10  0.39475031E-09
  0.51400000E+01  0.18731641E-10  0.39024373E-09
  0.51500000E+01  0.92863324E-11  0.38534898E-09
  0.51600000E+01 -0.23516456E-12  0.38015730E-09
  0.51700000E+01 -0.96850064E-11  0.37482153E-09
  0.51800000E+01 -0.18899602E-10  0.36935249E-09
  0.51900000E+01 -0.27737330E-10  0.36362718E-09
  0.52000000E+01 -0.36111570E-10  0.35756921E-09
  0.52100000E+01 -0.44013050E-10  0.35128559E-09
  0.52200000E+01 -0.51513828E-10  0.34500630E-09
  0.52300000E+01 -0.58747977E-10  0.33888590E-09
  0.52400000E+01 -0.65872814E-10  0.33287374E-09
  0.52500000E+01 -0.73024021E-10  0.32677506E-09
  0.52600000E+01 -0.80280509E-10  0.32043781E-09
  0.52700000E+01 -0.87648509E-10  0.31387961E-09
  0.52800000E+01 -0.95064824E-10  0.30721705E-09
  0.52900000E+01 -0.10241380E-09  0.30048221E-09
  0.53000000E+01 -0.10955334E-09  0.29355897E-09
  0.53100000E+01 -0.11634723E-09  0.28631818E-09
  0.53200000E+01 -0.12269937E-09  0.27878919E-09
  0.53300000E+01 -0.12858066E-09  0.27116271E-09
  0.53400000E+01 -0.13403748E-09  0.26362192E-09
  0.53500000E+01 -0.13917658E-09  0.25620832E-09
  0.53600000E+01 -0.14413182E-09  0.24883870E-09
  0.53700000E+01 -0.14902656E-09  0.24140016E-09
  0.53800000E+01 -0.15394443E-09  0.23383394E-09
  0.53900000E+01 -0.15891455E-09  0.22616649E-09
  0.54000000E+01 -0.16390905E-09  0.21846172E-09
  0.54100000E+01 -0.16884989E-09  0.21071901E-09
  0.54200000E+01 -0.17362413E-09  0.20283210E-09
  0.54300000E+01 -0.17810886E-09  0.19468720E-09
  0.54400000E+01 -0.18220293E-09  0.18630852E-09
  0.54500000E+01 -0.18585604E-09  0.17786165E-09
  0.54600000E+01 -0.18908317E-09  0.16949821E-09
  0.54700000E+01 -0.19195731E-09  0.16124943E-09
  0.54800000E+01 -0.19458414E-09  0.15306567E-09
  0.54900000E+01 -0.19707067E-09  0.14489002E-09
  0.55000000E+01 -0.19950034E-09  0.13667572E-09
  0.55100000E+01 -0.20191967E-09  0.12839781E-09
  0.55200000E+01 -0.20433411E-09  0.12008782E-09
  0.55300000E+01 -0.20670835E-09  0.11180139E-09
  0.55400000E+01 -0.20897044E-09  0.10351677E-09
  0.55500000E+01 -0.21102356E-09  0.95111322E-10
  0.55600000E+01 -0.21276847E-09  0.86494950E-10
  0.55700000E+01 -0.21413244E-09  0.77739265E-10
  0.55800000E+01 -0.21509292E-09  0.69014882E-10
  0.55900000E+01 -0.21568361E-09  0.60435485E-10
  0.56000000E+01 -0.21597952E-09  0.52006497E-10
  0.56100000E+01 -0.21606943E-09  0.43677204E-10
  0.56200000E+01 -0.21603081E-09  0.35373405E-10
  0.56300000E+01 -0.21591734E-09  0.27012265E-10
  0.56400000E+01 -0.21575822E-09  0.18584164E-10
  0.56500000E+01 -0.21555965E-09  0.10203125E-10
  0.56600000E+01 -0.21530129E-09  0.19890183E-11
  0.56700000E+01 -0.21493055E-09 -0.61143140E-11
  0.56800000E+01 -0.21436570E-09 -0.14328390E-10
  0.56900000E+01 -0.21351616E-09 -0.22791770E-10
  0.57000000E+01 -0.21231496E-09 -0.31389073E-10
  0.57100000E+01 -0.21074573E-09 -0.39871699E-10
  0.57200000E+01 -0.20884688E-09 -0.48084374E-10
  0.57300000E+01 -0.20669024E-09 -0.56046691E-10
  0.57400000E+01 -0.20434953E-09 -0.63888677E-10
  0.57500000E+01 -0.20188008E-09 -0.71768382E-10
  0.57600000E+01 -0.19931933E-09 -0.79772786E-10
  0.57700000E+01 -0.19669836E-09 -0.87807831E-10
  0.57800000E+01 -0.19404476E-09 -0.95632573E-10
  0.57900000E+01 -0.19136674E-09 -0.10309673E-09
  0.58000000E+01 -0.18862965E-09 -0.11036906E-09
  0.58100000E+01 -0.18574910E-09 -0.11782712E-09
  0.58200000E+01 -0.18261648E-09 -0.12565451E-09
  0.58300000E+01 -0.17914684E-09 -0.13363485E-09
  0.58400000E+01 -0.17531855E-09 -0.14137605E-09
  0.58500000E+01 -0.17117734E-09 -0.14866398E-09
  0.58600000E+01 -0.16680350E-09 -0.15558788E-09
  0.58700000E+01 -0.16226949E-09 -0.16241455E-09
  0.58800000E+01 -0.15762054E-09 -0.16938697E-09
  0.58900000E+01 -0.15288803E-09 -0.17654789E-09
  0.59000000E+01 -0.14811424E-09 -0.18367202E-09
  0.59100000E+01 -0.14335513E-09 -0.19040660E-09
  0.59200000E+01 -0.13864794E-09 -0.19659590E-09
  0.59300000E+01 -0.13396573E-09 -0.20253166E-09
  0.59400000E+01 -0.12920087E-09 -0.20875569E-09
  0.59500000E+01 -0.12420196E-09 -0.21551335E-09
  0.59600000E+01 -0.11884773E-09 -0.22248874E-09
  0.59700000E+01 -0.11310841E-09 -0.22911313E-09
  0.59800000E+01 -0.10705185E-09 -0.23506795E-09
  0.59900000E+01 -0.10079277E-09 -0.24049639E-09
  0.60000000E+01 -0.94427449E-10 -0.24582484E-09
