    0.0000  -21.3970
    0.0111  -21.3948
    0.0222  -21.3883
    0.0333  -21.3773
    0.0444  -21.3620
    0.0556  -21.3424
    0.0667  -21.3184
    0.0778  -21.2900
    0.0889  -21.2572
    0.1000  -21.2201
    0.1111  -21.1787
    0.1222  -21.1329
    0.1333  -21.0828
    0.1444  -21.0283
    0.1556  -20.9696
    0.1667  -20.9065
    0.1778  -20.8391
    0.1889  -20.7675
    0.2000  -20.6915
    0.2111  -20.6113
    0.2222  -20.5269
    0.2333  -20.4382
    0.2444  -20.3453
    0.2556  -20.2482
    0.2667  -20.1469
    0.2778  -20.0415
    0.2889  -19.9319
    0.3000  -19.8182
    0.3111  -19.7004
    0.3222  -19.5786
    0.3333  -19.4528
    0.3444  -19.3229
    0.3556  -19.1892
    0.3667  -19.0515
    0.3778  -18.9099
    0.3889  -18.7646
    0.4000  -18.6155
    0.4111  -18.4627
    0.4222  -18.3062
    0.4333  -18.1463
    0.4444  -17.9829
    0.4556  -17.8161
    0.4667  -17.6461
    0.4778  -17.4729
    0.4889  -17.2968
    0.5000  -17.1180
    0.5111  -16.9365
    0.5222  -16.7527
    0.5333  -16.5668
    0.5444  -16.3792
    0.5556  -16.1904
    0.5667  -16.0008
    0.5778  -15.8112
    0.5889  -15.6224
    0.6000  -15.4356
    0.6111  -15.2522
    0.6222  -15.0742
    0.6333  -14.9043
    0.6444  -14.7456
    0.6556  -14.6025
    0.6667  -14.4796
    0.6722  -14.5348
    0.6778  -14.5891
    0.6833  -14.6424
    0.6889  -14.6949
    0.6944  -14.7464
    0.7000  -14.7971
    0.7056  -14.8468
    0.7111  -14.8956
    0.7167  -14.9435
    0.7222  -14.9905
    0.7278  -15.0366
    0.7333  -15.0817
    0.7389  -15.1259
    0.7444  -15.1692
    0.7500  -15.2116
    0.7556  -15.2531
    0.7611  -15.2936
    0.7667  -15.3332
    0.7722  -15.3719
    0.7778  -15.4097
    0.7833  -15.4466
    0.7889  -15.4825
    0.7944  -15.5175
    0.8000  -15.5515
    0.8056  -15.5847
    0.8111  -15.6169
    0.8167  -15.6482
    0.8222  -15.6785
    0.8278  -15.7079
    0.8333  -15.7364
    0.8389  -15.7640
    0.8444  -15.7906
    0.8500  -15.8163
    0.8556  -15.8411
    0.8611  -15.8649
    0.8667  -15.8878
    0.8722  -15.9098
    0.8778  -15.9308
    0.8833  -15.9509
    0.8889  -15.9701
    0.8944  -15.9883
    0.9000  -16.0056
    0.9056  -16.0220
    0.9111  -16.0374
    0.9167  -16.0519
    0.9222  -16.0655
    0.9278  -16.0781
    0.9333  -16.0898
    0.9389  -16.1005
    0.9444  -16.1104
    0.9500  -16.1193
    0.9556  -16.1272
    0.9611  -16.1342
    0.9667  -16.1403
    0.9722  -16.1455
    0.9778  -16.1497
    0.9833  -16.1529
    0.9889  -16.1553
    0.9944  -16.1567
    1.0000  -16.1572
    1.0096  -16.1876
    1.0192  -16.2695
    1.0289  -16.3848
    1.0385  -16.5188
    1.0481  -16.6631
    1.0577  -16.8125
    1.0674  -16.9643
    1.0770  -17.1169
    1.0866  -17.2692
    1.0962  -17.4204
    1.1058  -17.5702
    1.1155  -17.7181
    1.1251  -17.8640
    1.1347  -18.0076
    1.1443  -18.1488
    1.1540  -18.2875
    1.1636  -18.4236
    1.1732  -18.5571
    1.1828  -18.6878
    1.1925  -18.8157
    1.2021  -18.9408
    1.2117  -19.0630
    1.2213  -19.1823
    1.2309  -19.2987
    1.2406  -19.4121
    1.2502  -19.5225
    1.2598  -19.6299
    1.2694  -19.7342
    1.2791  -19.8355
    1.2887  -19.9337
    1.2983  -20.0289
    1.3079  -20.1209
    1.3175  -20.2098
    1.3272  -20.2955
    1.3368  -20.3781
    1.3464  -20.4576
    1.3560  -20.5339
    1.3657  -20.6069
    1.3753  -20.6769
    1.3849  -20.7436
    1.3945  -20.8071
    1.4041  -20.8674
    1.4138  -20.9244
    1.4234  -20.9783
    1.4330  -21.0289
    1.4426  -21.0762
    1.4523  -21.1204
    1.4619  -21.1612
    1.4715  -21.1989
    1.4811  -21.2332
    1.4907  -21.2643
    1.5004  -21.2921
    1.5100  -21.3167
    1.5196  -21.3380
    1.5292  -21.3560
    1.5389  -21.3708
    1.5485  -21.3823
    1.5581  -21.3905
    1.5677  -21.3954
    1.5774  -21.3970

    0.0000   -9.4854
    0.0111   -9.4827
    0.0222   -9.4749
    0.0333   -9.4618
    0.0444   -9.4434
    0.0556   -9.4198
    0.0667   -9.3910
    0.0778   -9.3570
    0.0889   -9.3178
    0.1000   -9.2734
    0.1111   -9.2238
    0.1222   -9.1691
    0.1333   -9.1093
    0.1444   -9.0443
    0.1556   -8.9742
    0.1667   -8.8991
    0.1778   -8.8189
    0.1889   -8.7337
    0.2000   -8.6436
    0.2111   -8.5486
    0.2222   -8.4486
    0.2333   -8.3438
    0.2444   -8.2343
    0.2556   -8.2089
    0.2667   -8.4162
    0.2778   -8.6235
    0.2889   -8.8305
    0.3000   -9.0367
    0.3111   -9.2421
    0.3222   -9.4462
    0.3333   -9.6489
    0.3444   -9.8500
    0.3556  -10.0492
    0.3667  -10.2465
    0.3778  -10.4417
    0.3889  -10.6345
    0.4000  -10.8250
    0.4111  -11.0129
    0.4222  -11.1983
    0.4333  -11.3808
    0.4444  -11.5606
    0.4556  -11.7375
    0.4667  -11.9114
    0.4778  -12.0823
    0.4889  -12.2501
    0.5000  -12.4148
    0.5111  -12.5762
    0.5222  -12.7344
    0.5333  -12.8893
    0.5444  -13.0409
    0.5556  -13.1891
    0.5667  -13.3339
    0.5778  -13.4752
    0.5889  -13.6131
    0.6000  -13.7475
    0.6111  -13.8784
    0.6222  -14.0058
    0.6333  -14.1296
    0.6444  -14.2499
    0.6556  -14.3666
    0.6667  -14.4796
    0.6722  -14.4272
    0.6778  -14.3814
    0.6833  -14.3426
    0.6889  -14.3109
    0.6944  -14.2864
    0.7000  -14.2688
    0.7056  -14.2577
    0.7111  -14.2526
    0.7167  -14.2530
    0.7222  -14.2582
    0.7278  -14.2676
    0.7333  -14.2806
    0.7389  -14.2967
    0.7444  -14.3153
    0.7500  -14.3361
    0.7556  -14.3585
    0.7611  -14.3823
    0.7667  -14.4072
    0.7722  -14.4329
    0.7778  -14.4592
    0.7833  -14.4860
    0.7889  -14.5129
    0.7944  -14.5400
    0.8000  -14.5671
    0.8056  -14.5940
    0.8111  -14.6208
    0.8167  -14.6472
    0.8222  -14.6733
    0.8278  -14.6989
    0.8333  -14.7240
    0.8389  -14.7486
    0.8444  -14.7726
    0.8500  -14.7960
    0.8556  -14.8188
    0.8611  -14.8409
    0.8667  -14.8622
    0.8722  -14.8829
    0.8778  -14.9027
    0.8833  -14.9218
    0.8889  -14.9401
    0.8944  -14.9576
    0.9000  -14.9743
    0.9056  -14.9901
    0.9111  -15.0051
    0.9167  -15.0192
    0.9222  -15.0324
    0.9278  -15.0448
    0.9333  -15.0563
    0.9389  -15.0668
    0.9444  -15.0765
    0.9500  -15.0853
    0.9556  -15.0931
    0.9611  -15.1001
    0.9667  -15.1061
    0.9722  -15.1112
    0.9778  -15.1154
    0.9833  -15.1187
    0.9889  -15.1210
    0.9944  -15.1224
    1.0000  -15.1229
    1.0096  -15.0899
    1.0192  -15.0007
    1.0289  -14.8732
    1.0385  -14.7220
    1.0481  -14.5558
    1.0577  -14.3795
    1.0674  -14.1960
    1.0770  -14.0069
    1.0866  -13.8134
    1.0962  -13.6162
    1.1058  -13.4159
    1.1155  -13.2127
    1.1251  -13.0070
    1.1347  -12.7991
    1.1443  -12.5891
    1.1540  -12.3772
    1.1636  -12.1637
    1.1732  -11.9486
    1.1828  -11.7322
    1.1925  -11.5146
    1.2021  -11.2959
    1.2117  -11.0763
    1.2213  -10.8559
    1.2309  -10.6351
    1.2406  -10.4138
    1.2502  -10.1924
    1.2598   -9.9709
    1.2694   -9.7497
    1.2791   -9.5289
    1.2887   -9.3088
    1.2983   -9.0896
    1.3079   -8.8716
    1.3175   -8.6550
    1.3272   -8.4402
    1.3368   -8.2738
    1.3464   -8.3674
    1.3560   -8.4573
    1.3657   -8.5437
    1.3753   -8.6265
    1.3849   -8.7056
    1.3945   -8.7809
    1.4041   -8.8526
    1.4138   -8.9205
    1.4234   -8.9846
    1.4330   -9.0449
    1.4426   -9.1015
    1.4523   -9.1542
    1.4619   -9.2030
    1.4715   -9.2480
    1.4811   -9.2891
    1.4907   -9.3263
    1.5004   -9.3597
    1.5100   -9.3891
    1.5196   -9.4146
    1.5292   -9.4362
    1.5389   -9.4539
    1.5485   -9.4677
    1.5581   -9.4775
    1.5677   -9.4834
    1.5774   -9.4854

    0.0000   -4.9152
    0.0111   -4.9244
    0.0222   -4.9517
    0.0333   -4.9969
    0.0444   -5.0593
    0.0556   -5.1382
    0.0667   -5.2326
    0.0778   -5.3417
    0.0889   -5.4641
    0.1000   -5.5989
    0.1111   -5.7448
    0.1222   -5.9007
    0.1333   -6.0655
    0.1444   -6.2381
    0.1556   -6.4176
    0.1667   -6.6029
    0.1778   -6.7934
    0.1889   -6.9880
    0.2000   -7.1863
    0.2111   -7.3873
    0.2222   -7.5907
    0.2333   -7.7957
    0.2444   -8.0019
    0.2556   -8.1200
    0.2667   -8.0010
    0.2778   -7.8774
    0.2889   -7.7492
    0.3000   -7.7785
    0.3111   -7.9509
    0.3222   -8.1245
    0.3333   -8.2990
    0.3444   -8.4741
    0.3556   -8.6495
    0.3667   -8.8250
    0.3778   -9.0002
    0.3889   -9.1749
    0.4000   -9.3488
    0.4111   -9.5218
    0.4222   -9.6935
    0.4333   -9.8638
    0.4444  -10.0323
    0.4556  -10.1989
    0.4667  -10.3634
    0.4778  -10.5254
    0.4889  -10.6848
    0.5000  -10.8413
    0.5111  -10.9947
    0.5222  -11.1445
    0.5333  -11.2906
    0.5444  -11.4325
    0.5556  -11.5697
    0.5667  -11.7017
    0.5778  -11.8279
    0.5889  -11.9474
    0.6000  -12.0590
    0.6111  -12.1614
    0.6222  -12.2526
    0.6333  -12.3302
    0.6444  -12.3909
    0.6556  -12.4306
    0.6667  -12.4448
    0.6722  -12.4410
    0.6778  -12.4293
    0.6833  -12.4093
    0.6889  -12.3810
    0.6944  -12.3444
    0.7000  -12.2997
    0.7056  -12.2474
    0.7111  -12.1879
    0.7167  -12.1220
    0.7222  -12.0502
    0.7278  -11.9732
    0.7333  -11.8917
    0.7389  -11.8062
    0.7444  -11.7174
    0.7500  -11.6257
    0.7556  -11.5315
    0.7611  -11.4352
    0.7667  -11.3373
    0.7722  -11.2379
    0.7778  -11.1375
    0.7833  -11.0362
    0.7889  -10.9344
    0.7944  -10.8321
    0.8000  -10.7296
    0.8056  -10.6272
    0.8111  -10.5249
    0.8167  -10.4230
    0.8222  -10.3217
    0.8278  -10.2210
    0.8333  -10.1212
    0.8389  -10.0224
    0.8444   -9.9247
    0.8500   -9.8284
    0.8556   -9.7336
    0.8611   -9.6404
    0.8667   -9.5490
    0.8722   -9.4596
    0.8778   -9.3723
    0.8833   -9.2874
    0.8889   -9.2048
    0.8944   -9.1249
    0.9000   -9.0478
    0.9056   -8.9736
    0.9111   -8.9025
    0.9167   -8.8348
    0.9222   -8.7705
    0.9278   -8.7098
    0.9333   -8.6528
    0.9389   -8.5998
    0.9444   -8.5509
    0.9500   -8.5061
    0.9556   -8.4657
    0.9611   -8.4297
    0.9667   -8.3983
    0.9722   -8.3716
    0.9778   -8.3496
    0.9833   -8.3324
    0.9889   -8.3201
    0.9944   -8.3127
    1.0000   -8.3102
    1.0096   -8.3085
    1.0192   -8.3036
    1.0289   -8.2954
    1.0385   -8.2839
    1.0481   -8.2692
    1.0577   -8.2512
    1.0674   -8.2299
    1.0770   -8.2055
    1.0866   -8.1778
    1.0962   -8.1470
    1.1058   -8.1130
    1.1155   -8.0759
    1.1251   -8.0357
    1.1347   -7.9924
    1.1443   -7.9462
    1.1540   -7.8970
    1.1636   -7.8448
    1.1732   -7.7899
    1.1828   -7.7321
    1.1925   -7.6715
    1.2021   -7.6084
    1.2117   -7.5426
    1.2213   -7.4743
    1.2309   -7.4036
    1.2406   -7.3305
    1.2502   -7.2799
    1.2598   -7.4030
    1.2694   -7.5232
    1.2791   -7.6402
    1.2887   -7.7541
    1.2983   -7.8648
    1.3079   -7.9722
    1.3175   -8.0762
    1.3272   -8.1767
    1.3368   -8.2275
    1.3464   -8.0171
    1.3560   -7.8096
    1.3657   -7.6052
    1.3753   -7.4043
    1.3849   -7.2074
    1.3945   -7.0149
    1.4041   -6.8273
    1.4138   -6.6451
    1.4234   -6.4688
    1.4330   -6.2990
    1.4426   -6.1362
    1.4523   -5.9810
    1.4619   -5.8340
    1.4715   -5.6958
    1.4811   -5.5670
    1.4907   -5.4482
    1.5004   -5.3400
    1.5100   -5.2430
    1.5196   -5.1577
    1.5292   -5.0846
    1.5389   -5.0242
    1.5485   -4.9767
    1.5581   -4.9426
    1.5677   -4.9221
    1.5774   -4.9152

    0.0000   -4.9152
    0.0111   -4.9201
    0.0222   -4.9347
    0.0333   -4.9589
    0.0444   -4.9926
    0.0556   -5.0358
    0.0667   -5.0883
    0.0778   -5.1497
    0.0889   -5.2201
    0.1000   -5.2989
    0.1111   -5.3861
    0.1222   -5.4812
    0.1333   -5.5839
    0.1444   -5.6938
    0.1556   -5.8107
    0.1667   -5.9341
    0.1778   -6.0636
    0.1889   -6.1988
    0.2000   -6.3394
    0.2111   -6.4848
    0.2222   -6.6348
    0.2333   -6.7889
    0.2444   -6.9467
    0.2556   -7.1079
    0.2667   -7.2720
    0.2778   -7.4387
    0.2889   -7.6077
    0.3000   -7.6166
    0.3111   -7.4796
    0.3222   -7.3382
    0.3333   -7.1927
    0.3444   -7.0430
    0.3556   -6.8893
    0.3667   -6.7317
    0.3778   -6.5704
    0.3889   -6.4054
    0.4000   -6.2369
    0.4111   -6.0652
    0.4222   -5.8903
    0.4333   -5.7124
    0.4444   -5.5318
    0.4556   -5.3487
    0.4667   -5.1633
    0.4778   -4.9759
    0.4889   -4.7868
    0.5000   -4.5963
    0.5111   -4.4046
    0.5222   -4.2122
    0.5333   -4.0195
    0.5444   -3.8268
    0.5556   -3.6346
    0.5667   -3.4434
    0.5778   -3.2537
    0.5889   -3.0659
    0.6000   -2.8806
    0.6111   -2.6985
    0.6222   -2.5200
    0.6333   -2.3457
    0.6444   -2.1763
    0.6556   -2.0123
    0.6667   -1.8543
    0.6722   -1.9311
    0.6778   -2.0068
    0.6833   -2.0812
    0.6889   -2.1545
    0.6944   -2.2265
    0.7000   -2.2973
    0.7056   -2.3669
    0.7111   -2.4353
    0.7167   -2.5024
    0.7222   -2.5684
    0.7278   -2.6330
    0.7333   -2.6965
    0.7389   -2.7586
    0.7444   -2.8196
    0.7500   -2.8792
    0.7556   -2.9377
    0.7611   -2.9948
    0.7667   -3.0507
    0.7722   -3.1053
    0.7778   -3.1586
    0.7833   -3.2107
    0.7889   -3.2615
    0.7944   -3.3110
    0.8000   -3.3592
    0.8056   -3.4061
    0.8111   -3.4517
    0.8167   -3.4961
    0.8222   -3.5391
    0.8278   -3.5808
    0.8333   -3.6213
    0.8389   -3.6604
    0.8444   -3.6982
    0.8500   -3.7347
    0.8556   -3.7699
    0.8611   -3.8038
    0.8667   -3.8364
    0.8722   -3.8676
    0.8778   -3.8975
    0.8833   -3.9262
    0.8889   -3.9535
    0.8944   -3.9794
    0.9000   -4.0041
    0.9056   -4.0274
    0.9111   -4.0494
    0.9167   -4.0701
    0.9222   -4.0894
    0.9278   -4.1074
    0.9333   -4.1241
    0.9389   -4.1394
    0.9444   -4.1535
    0.9500   -4.1661
    0.9556   -4.1775
    0.9611   -4.1875
    0.9667   -4.1962
    0.9722   -4.2035
    0.9778   -4.2096
    0.9833   -4.2142
    0.9889   -4.2176
    0.9944   -4.2196
    1.0000   -4.2202
    1.0096   -4.2311
    1.0192   -4.2632
    1.0289   -4.3153
    1.0385   -4.3855
    1.0481   -4.4717
    1.0577   -4.5714
    1.0674   -4.6825
    1.0770   -4.8026
    1.0866   -4.9301
    1.0962   -5.0633
    1.1058   -5.2007
    1.1155   -5.3412
    1.1251   -5.4838
    1.1347   -5.6277
    1.1443   -5.7722
    1.1540   -5.9166
    1.1636   -6.0606
    1.1732   -6.2036
    1.1828   -6.3453
    1.1925   -6.4854
    1.2021   -6.6237
    1.2117   -6.7599
    1.2213   -6.8937
    1.2309   -7.0251
    1.2406   -7.1539
    1.2502   -7.2553
    1.2598   -7.1779
    1.2694   -7.0986
    1.2791   -7.0173
    1.2887   -6.9344
    1.2983   -6.8499
    1.3079   -6.7640
    1.3175   -6.6769
    1.3272   -6.5887
    1.3368   -6.4997
    1.3464   -6.4101
    1.3560   -6.3201
    1.3657   -6.2300
    1.3753   -6.1400
    1.3849   -6.0505
    1.3945   -5.9617
    1.4041   -5.8740
    1.4138   -5.7876
    1.4234   -5.7031
    1.4330   -5.6206
    1.4426   -5.5407
    1.4523   -5.4638
    1.4619   -5.3902
    1.4715   -5.3204
    1.4811   -5.2548
    1.4907   -5.1939
    1.5004   -5.1380
    1.5100   -5.0876
    1.5196   -5.0431
    1.5292   -5.0047
    1.5389   -4.9729
    1.5485   -4.9478
    1.5581   -4.9298
    1.5677   -4.9189
    1.5774   -4.9152

    0.0000    1.4061
    0.0111    1.4090
    0.0222    1.4180
    0.0333    1.4328
    0.0444    1.4536
    0.0556    1.4803
    0.0667    1.5130
    0.0778    1.5516
    0.0889    1.5962
    0.1000    1.6467
    0.1111    1.7032
    0.1222    1.7656
    0.1333    1.8340
    0.1444    1.9083
    0.1556    1.9885
    0.1667    2.0747
    0.1778    2.1669
    0.1889    2.2649
    0.2000    2.3689
    0.2111    2.4789
    0.2222    2.5947
    0.2333    2.7165
    0.2444    2.8442
    0.2556    2.9778
    0.2667    3.1174
    0.2778    3.2628
    0.2889    3.4140
    0.3000    3.5712
    0.3111    3.7342
    0.3222    3.9030
    0.3333    4.0777
    0.3444    4.2581
    0.3556    4.0280
    0.3667    3.7811
    0.3778    3.5352
    0.3889    3.2905
    0.4000    3.0474
    0.4111    2.8060
    0.4222    2.5667
    0.4333    2.3296
    0.4444    2.0950
    0.4556    1.8630
    0.4667    1.6339
    0.4778    1.4078
    0.4889    1.1848
    0.5000    0.9652
    0.5111    0.7490
    0.5222    0.5364
    0.5333    0.3276
    0.5444    0.1225
    0.5556   -0.0786
    0.5667   -0.2756
    0.5778   -0.4686
    0.5889   -0.6573
    0.6000   -0.8418
    0.6111   -1.0219
    0.6222   -1.1975
    0.6333   -1.3686
    0.6444   -1.5351
    0.6556   -1.6971
    0.6667   -1.8543
    0.6722   -1.7777
    0.6778   -1.7027
    0.6833   -1.6296
    0.6889   -1.5582
    0.6944   -1.4887
    0.7000   -1.4211
    0.7056   -1.3554
    0.7111   -1.2917
    0.7167   -1.2300
    0.7222   -1.1703
    0.7278   -1.1128
    0.7333   -1.0572
    0.7389   -1.0038
    0.7444   -0.9524
    0.7500   -0.9032
    0.7556   -0.8560
    0.7611   -0.8108
    0.7667   -0.7677
    0.7722   -0.7266
    0.7778   -0.6875
    0.7833   -0.6503
    0.7889   -0.6151
    0.7944   -0.5817
    0.8000   -0.5501
    0.8056   -0.5203
    0.8111   -0.4922
    0.8167   -0.4658
    0.8222   -0.4409
    0.8278   -0.4176
    0.8333   -0.3958
    0.8389   -0.3754
    0.8444   -0.3564
    0.8500   -0.3386
    0.8556   -0.3221
    0.8611   -0.3068
    0.8667   -0.2926
    0.8722   -0.2794
    0.8778   -0.2673
    0.8833   -0.2561
    0.8889   -0.2458
    0.8944   -0.2363
    0.9000   -0.2277
    0.9056   -0.2197
    0.9111   -0.2125
    0.9167   -0.2060
    0.9222   -0.2000
    0.9278   -0.1946
    0.9333   -0.1898
    0.9389   -0.1855
    0.9444   -0.1816
    0.9500   -0.1782
    0.9556   -0.1753
    0.9611   -0.1727
    0.9667   -0.1705
    0.9722   -0.1687
    0.9778   -0.1672
    0.9833   -0.1661
    0.9889   -0.1653
    0.9944   -0.1648
    1.0000   -0.1647
    1.0096   -0.1513
    1.0192   -0.1115
    1.0289   -0.0466
    1.0385    0.0414
    1.0481    0.1505
    1.0577    0.2781
    1.0674    0.4219
    1.0770    0.5799
    1.0866    0.7499
    1.0962    0.9303
    1.1058    1.1197
    1.1155    1.3168
    1.1251    1.5203
    1.1347    1.7295
    1.1443    1.9435
    1.1540    2.1615
    1.1636    2.3828
    1.1732    2.6069
    1.1828    2.8332
    1.1925    3.0610
    1.2021    3.2898
    1.2117    3.5190
    1.2213    3.7475
    1.2309    3.9738
    1.2406    4.1292
    1.2502    3.9766
    1.2598    3.8282
    1.2694    3.6842
    1.2791    3.5445
    1.2887    3.4092
    1.2983    3.2782
    1.3079    3.1516
    1.3175    3.0293
    1.3272    2.9115
    1.3368    2.7981
    1.3464    2.6891
    1.3560    2.5845
    1.3657    2.4843
    1.3753    2.3886
    1.3849    2.2973
    1.3945    2.2104
    1.4041    2.1280
    1.4138    2.0500
    1.4234    1.9765
    1.4330    1.9074
    1.4426    1.8428
    1.4523    1.7827
    1.4619    1.7269
    1.4715    1.6757
    1.4811    1.6289
    1.4907    1.5866
    1.5004    1.5487
    1.5100    1.5152
    1.5196    1.4863
    1.5292    1.4618
    1.5389    1.4417
    1.5485    1.4261
    1.5581    1.4150
    1.5677    1.4083
    1.5774    1.4061

    0.0000    2.2741
    0.0111    2.2771
    0.0222    2.2861
    0.0333    2.3011
    0.0444    2.3221
    0.0556    2.3491
    0.0667    2.3821
    0.0778    2.4211
    0.0889    2.4660
    0.1000    2.5170
    0.1111    2.5739
    0.1222    2.6369
    0.1333    2.7058
    0.1444    2.7806
    0.1556    2.8615
    0.1667    2.9482
    0.1778    3.0410
    0.1889    3.1396
    0.2000    3.2442
    0.2111    3.3547
    0.2222    3.4711
    0.2333    3.5934
    0.2444    3.7215
    0.2556    3.8555
    0.2667    3.9952
    0.2778    4.1408
    0.2889    4.2921
    0.3000    4.4492
    0.3111    4.6119
    0.3222    4.7712
    0.3333    4.5234
    0.3444    4.2756
    0.3556    4.4444
    0.3667    4.6364
    0.3778    4.8341
    0.3889    5.0376
    0.4000    5.2466
    0.4111    5.4614
    0.4222    5.6816
    0.4333    5.9074
    0.4444    6.1387
    0.4556    6.3753
    0.4667    6.6171
    0.4778    6.8641
    0.4889    7.1161
    0.5000    7.3730
    0.5111    7.6344
    0.5222    7.9002
    0.5333    8.1700
    0.5444    8.4433
    0.5556    8.7194
    0.5667    8.9040
    0.5778    8.9277
    0.5889    8.9281
    0.6000    8.9134
    0.6111    8.8908
    0.6222    8.8655
    0.6333    8.8417
    0.6444    8.8223
    0.6556    8.8095
    0.6667    8.8050
    0.6722    8.8062
    0.6778    8.8098
    0.6833    8.8161
    0.6889    8.8250
    0.6944    8.8365
    0.7000    8.8508
    0.7056    8.8679
    0.7111    8.8876
    0.7167    8.9101
    0.7222    8.9353
    0.7278    8.9630
    0.7333    8.9933
    0.7389    9.0261
    0.7444    9.0612
    0.7500    9.0985
    0.7556    9.1378
    0.7611    9.1790
    0.7667    9.2219
    0.7722    9.2662
    0.7778    9.3117
    0.7833    9.3582
    0.7889    9.3187
    0.7944    9.1693
    0.8000    9.0194
    0.8056    8.8695
    0.8111    8.7199
    0.8167    8.5710
    0.8222    8.4232
    0.8278    8.2766
    0.8333    8.1317
    0.8389    7.9886
    0.8444    7.8476
    0.8500    7.7089
    0.8556    7.5729
    0.8611    7.4396
    0.8667    7.3093
    0.8722    7.1823
    0.8778    7.0587
    0.8833    6.9388
    0.8889    6.8227
    0.8944    6.7107
    0.9000    6.6029
    0.9056    6.4996
    0.9111    6.4010
    0.9167    6.3071
    0.9222    6.2184
    0.9278    6.1348
    0.9333    6.0566
    0.9389    5.9840
    0.9444    5.9171
    0.9500    5.8560
    0.9556    5.8010
    0.9611    5.7521
    0.9667    5.7095
    0.9722    5.6733
    0.9778    5.6435
    0.9833    5.6203
    0.9889    5.6036
    0.9944    5.5936
    1.0000    5.5903
    1.0096    5.5911
    1.0192    5.5936
    1.0289    5.5977
    1.0385    5.6035
    1.0481    5.6108
    1.0577    5.6197
    1.0674    5.6301
    1.0770    5.6420
    1.0866    5.6551
    1.0962    5.6694
    1.1058    5.6845
    1.1155    5.6998
    1.1251    5.7139
    1.1347    5.7228
    1.1443    5.7110
    1.1540    5.6311
    1.1636    5.4790
    1.1732    5.3054
    1.1828    5.1286
    1.1925    4.9532
    1.2021    4.7808
    1.2117    4.6119
    1.2213    4.4469
    1.2309    4.2860
    1.2406    4.1946
    1.2502    4.3985
    1.2598    4.5335
    1.2694    4.5065
    1.2791    4.3985
    1.2887    4.2748
    1.2983    4.1492
    1.3079    4.0253
    1.3175    3.9046
    1.3272    3.7875
    1.3368    3.6744
    1.3464    3.5654
    1.3560    3.4606
    1.3657    3.3601
    1.3753    3.2640
    1.3849    3.1722
    1.3945    3.0849
    1.4041    3.0020
    1.4138    2.9235
    1.4234    2.8494
    1.4330    2.7799
    1.4426    2.7147
    1.4523    2.6541
    1.4619    2.5979
    1.4715    2.5462
    1.4811    2.4990
    1.4907    2.4563
    1.5004    2.4181
    1.5100    2.3843
    1.5196    2.3551
    1.5292    2.3303
    1.5389    2.3101
    1.5485    2.2943
    1.5581    2.2831
    1.5677    2.2763
    1.5774    2.2741

    0.0000    2.7987
    0.0111    2.8018
    0.0222    2.8109
    0.0333    2.8260
    0.0444    2.8472
    0.0556    2.8745
    0.0667    2.9079
    0.0778    2.9473
    0.0889    2.9927
    0.1000    3.0443
    0.1111    3.1019
    0.1222    3.1655
    0.1333    3.2353
    0.1444    3.3110
    0.1556    3.3929
    0.1667    3.4808
    0.1778    3.5748
    0.1889    3.6749
    0.2000    3.7810
    0.2111    3.8932
    0.2222    4.0115
    0.2333    4.1358
    0.2444    4.2662
    0.2556    4.4027
    0.2667    4.5452
    0.2778    4.6937
    0.2889    4.8484
    0.3000    5.0090
    0.3111    5.0186
    0.3222    4.7802
    0.3333    4.9541
    0.3444    5.1334
    0.3556    5.3182
    0.3667    5.5082
    0.3778    5.7033
    0.3889    5.9035
    0.4000    6.1084
    0.4111    6.3177
    0.4222    6.5313
    0.4333    6.7485
    0.4444    6.9687
    0.4556    7.1913
    0.4667    7.4149
    0.4778    7.6380
    0.4889    7.8584
    0.5000    8.0728
    0.5111    8.2766
    0.5222    8.4636
    0.5333    8.6260
    0.5444    8.7561
    0.5556    8.8487
    0.5667    8.9977
    0.5778    9.2768
    0.5889    9.5553
    0.6000    9.8308
    0.6111   10.0998
    0.6222   10.3570
    0.6333   10.5944
    0.6444   10.7995
    0.6556   10.9555
    0.6667   11.0464
    0.6722   11.0173
    0.6778   10.9858
    0.6833   10.9523
    0.6889   10.9168
    0.6944   10.8796
    0.7000   10.8408
    0.7056   10.8007
    0.7111   10.7595
    0.7167   10.7172
    0.7222   10.6741
    0.7278   10.6304
    0.7333   10.5861
    0.7389   10.5095
    0.7444   10.4054
    0.7500   10.2908
    0.7556   10.1671
    0.7611   10.0361
    0.7667    9.8994
    0.7722    9.7582
    0.7778    9.6139
    0.7833    9.4671
    0.7889    9.4054
    0.7944    9.4530
    0.8000    9.5007
    0.8056    9.5482
    0.8111    9.5951
    0.8167    9.6413
    0.8222    9.6862
    0.8278    9.7297
    0.8333    9.7714
    0.8389    9.7920
    0.8444    9.7575
    0.8500    9.7240
    0.8556    9.6916
    0.8611    9.6602
    0.8667    9.6300
    0.8722    9.6008
    0.8778    9.5728
    0.8833    9.5460
    0.8889    9.5203
    0.8944    9.4958
    0.9000    9.4724
    0.9056    9.4503
    0.9111    9.4294
    0.9167    9.4097
    0.9222    9.3913
    0.9278    9.3740
    0.9333    9.3581
    0.9389    9.3434
    0.9444    9.3299
    0.9500    9.3177
    0.9556    9.3068
    0.9611    9.2972
    0.9667    9.2888
    0.9722    9.2817
    0.9778    9.2759
    0.9833    9.2714
    0.9889    9.2682
    0.9944    9.2663
    1.0000    9.2656
    1.0096    9.0744
    1.0192    8.8286
    1.0289    8.5830
    1.0385    8.3401
    1.0481    8.1005
    1.0577    7.8646
    1.0674    7.6326
    1.0770    7.4046
    1.0866    7.1808
    1.0962    6.9615
    1.1058    6.7468
    1.1155    6.5375
    1.1251    6.3350
    1.1347    6.1432
    1.1443    5.9775
    1.1540    5.8853
    1.1636    5.8707
    1.1732    5.8827
    1.1828    5.9028
    1.1925    5.8793
    1.2021    5.7050
    1.2117    5.5358
    1.2213    5.3721
    1.2309    5.2152
    1.2406    5.0680
    1.2502    4.9414
    1.2598    4.8871
    1.2694    4.9975
    1.2791    4.9820
    1.2887    4.8437
    1.2983    4.7099
    1.3079    4.5805
    1.3175    4.4556
    1.3272    4.3353
    1.3368    4.2194
    1.3464    4.1081
    1.3560    4.0013
    1.3657    3.8990
    1.3753    3.8013
    1.3849    3.7081
    1.3945    3.6194
    1.4041    3.5353
    1.4138    3.4557
    1.4234    3.3807
    1.4330    3.3102
    1.4426    3.2443
    1.4523    3.1829
    1.4619    3.1261
    1.4715    3.0738
    1.4811    3.0261
    1.4907    2.9829
    1.5004    2.9442
    1.5100    2.9101
    1.5196    2.8806
    1.5292    2.8556
    1.5389    2.8351
    1.5485    2.8192
    1.5581    2.8078
    1.5677    2.8010
    1.5774    2.7987

    0.0000    4.3938
    0.0111    4.3968
    0.0222    4.4057
    0.0333    4.4207
    0.0444    4.4416
    0.0556    4.4685
    0.0667    4.5014
    0.0778    4.5402
    0.0889    4.5850
    0.1000    4.6357
    0.1111    4.6925
    0.1222    4.7551
    0.1333    4.8237
    0.1444    4.8983
    0.1556    4.9787
    0.1667    5.0651
    0.1778    5.1574
    0.1889    5.2555
    0.2000    5.3596
    0.2111    5.4695
    0.2222    5.5852
    0.2333    5.7068
    0.2444    5.8341
    0.2556    5.9672
    0.2667    5.9953
    0.2778    5.7540
    0.2889    5.5104
    0.3000    5.2652
    0.3111    5.1758
    0.3222    5.3486
    0.3333    5.5274
    0.3444    5.7122
    0.3556    5.9031
    0.3667    6.1001
    0.3778    6.3030
    0.3889    6.5120
    0.4000    6.7270
    0.4111    6.9479
    0.4222    7.1749
    0.4333    7.4078
    0.4444    7.6467
    0.4556    7.8915
    0.4667    8.1422
    0.4778    8.3987
    0.4889    8.6611
    0.5000    8.9293
    0.5111    9.2031
    0.5222    9.4825
    0.5333    9.7673
    0.5444   10.0572
    0.5556   10.3517
    0.5667   10.6498
    0.5778   10.9486
    0.5889   11.1676
    0.6000   11.1831
    0.6111   11.1886
    0.6222   11.1831
    0.6333   11.1661
    0.6444   11.1374
    0.6556   11.0973
    0.6667   11.0464
    0.6722   11.0660
    0.6778   11.0700
    0.6833   11.0606
    0.6889   11.0400
    0.6944   11.0104
    0.7000   10.9730
    0.7056   10.9289
    0.7111   10.8784
    0.7167   10.8213
    0.7222   10.7571
    0.7278   10.6847
    0.7333   10.6025
    0.7389   10.5415
    0.7444   10.4967
    0.7500   10.4518
    0.7556   10.4069
    0.7611   10.3621
    0.7667   10.3176
    0.7722   10.2733
    0.7778   10.2295
    0.7833   10.1862
    0.7889   10.1434
    0.7944   10.1012
    0.8000   10.0597
    0.8056   10.0189
    0.8111    9.9789
    0.8167    9.9397
    0.8222    9.9014
    0.8278    9.8640
    0.8333    9.8275
    0.8389    9.8111
    0.8444    9.8485
    0.8500    9.8835
    0.8556    9.8699
    0.8611    9.8358
    0.8667    9.8029
    0.8722    9.7713
    0.8778    9.7410
    0.8833    9.7120
    0.8889    9.6842
    0.8944    9.6578
    0.9000    9.6328
    0.9056    9.6090
    0.9111    9.5866
    0.9167    9.5655
    0.9222    9.5457
    0.9278    9.5273
    0.9333    9.5102
    0.9389    9.4945
    0.9444    9.4802
    0.9500    9.4672
    0.9556    9.4555
    0.9611    9.4452
    0.9667    9.4363
    0.9722    9.4288
    0.9778    9.4226
    0.9833    9.4178
    0.9889    9.4144
    0.9944    9.4123
    1.0000    9.4116
    1.0096    9.6059
    1.0192    9.7299
    1.0289    9.4881
    1.0385    9.2472
    1.0481    9.0086
    1.0577    8.7729
    1.0674    8.5406
    1.0770    8.3118
    1.0866    8.0867
    1.0962    7.8655
    1.1058    7.6481
    1.1155    7.4347
    1.1251    7.2254
    1.1347    7.0202
    1.1443    6.8192
    1.1540    6.6224
    1.1636    6.4300
    1.1732    6.2419
    1.1828    6.0583
    1.1925    5.9256
    1.2021    5.9476
    1.2117    5.9563
    1.2213    5.8816
    1.2309    5.7334
    1.2406    5.5772
    1.2502    5.4226
    1.2598    5.2716
    1.2694    5.1247
    1.2791    5.1912
    1.2887    5.4018
    1.2983    5.6130
    1.3079    5.8118
    1.3175    5.9310
    1.3272    5.8777
    1.3368    5.7782
    1.3464    5.6743
    1.3560    5.5722
    1.3657    5.4733
    1.3753    5.3783
    1.3849    5.2874
    1.3945    5.2007
    1.4041    5.1183
    1.4138    5.0403
    1.4234    4.9667
    1.4330    4.8974
    1.4426    4.8326
    1.4523    4.7722
    1.4619    4.7163
    1.4715    4.6648
    1.4811    4.6178
    1.4907    4.5753
    1.5004    4.5372
    1.5100    4.5036
    1.5196    4.4745
    1.5292    4.4498
    1.5389    4.4296
    1.5485    4.4140
    1.5581    4.4027
    1.5677    4.3960
    1.5774    4.3938

    0.0000    5.1283
    0.0111    5.1312
    0.0222    5.1401
    0.0333    5.1548
    0.0444    5.1754
    0.0556    5.2020
    0.0667    5.2344
    0.0778    5.2727
    0.0889    5.3169
    0.1000    5.3671
    0.1111    5.4231
    0.1222    5.4851
    0.1333    5.5530
    0.1444    5.6268
    0.1556    5.7065
    0.1667    5.7921
    0.1778    5.8836
    0.1889    5.9810
    0.2000    6.0843
    0.2111    6.1935
    0.2222    6.3086
    0.2333    6.4295
    0.2444    6.4693
    0.2556    6.2339
    0.2667    6.1060
    0.2778    6.2505
    0.2889    6.4006
    0.3000    6.5562
    0.3111    6.7174
    0.3222    6.8840
    0.3333    7.0558
    0.3444    7.2329
    0.3556    7.4150
    0.3667    7.6018
    0.3778    7.7933
    0.3889    7.9890
    0.4000    8.1886
    0.4111    8.3913
    0.4222    8.5966
    0.4333    8.8034
    0.4444    9.0102
    0.4556    9.2149
    0.4667    9.4149
    0.4778    9.6062
    0.4889    9.7841
    0.5000    9.9438
    0.5111   10.0825
    0.5222   10.2035
    0.5333   10.3171
    0.5444   10.4387
    0.5556   10.5825
    0.5667   10.7564
    0.5778   10.9609
    0.5889   11.1922
    0.6000   11.4449
    0.6111   11.5496
    0.6222   11.5990
    0.6333   11.6251
    0.6444   11.6371
    0.6556   11.6432
    0.6667   11.6466
    0.6722   11.6447
    0.6778   11.6368
    0.6833   11.6200
    0.6889   11.5922
    0.6944   11.5522
    0.7000   11.4999
    0.7056   11.4362
    0.7111   11.3626
    0.7167   11.2815
    0.7222   11.1953
    0.7278   11.1071
    0.7333   11.0199
    0.7389   10.9362
    0.7444   10.8577
    0.7500   10.7848
    0.7556   10.7171
    0.7611   10.6537
    0.7667   10.5938
    0.7722   10.5368
    0.7778   10.4820
    0.7833   10.4292
    0.7889   10.3782
    0.7944   10.3286
    0.8000   10.2805
    0.8056   10.2338
    0.8111   10.1883
    0.8167   10.1441
    0.8222   10.1012
    0.8278   10.0596
    0.8333   10.0191
    0.8389    9.9799
    0.8444    9.9420
    0.8500    9.9053
    0.8556    9.9159
    0.8611    9.9457
    0.8667    9.9727
    0.8722    9.9971
    0.8778   10.0187
    0.8833   10.0378
    0.8889   10.0544
    0.8944   10.0688
    0.9000   10.0810
    0.9056   10.0912
    0.9111   10.0998
    0.9167   10.1067
    0.9222   10.1123
    0.9278   10.1167
    0.9333   10.1201
    0.9389   10.1227
    0.9444   10.1246
    0.9500   10.1259
    0.9556   10.1267
    0.9611   10.1272
    0.9667   10.1275
    0.9722   10.1276
    0.9778   10.1275
    0.9833   10.1275
    0.9889   10.1274
    0.9944   10.1273
    1.0000   10.1273
    1.0096    9.9665
    1.0192    9.8604
    1.0289   10.1126
    1.0385    9.9228
    1.0481    9.6723
    1.0577    9.4257
    1.0674    9.1835
    1.0770    8.9456
    1.0866    8.7122
    1.0962    8.4833
    1.1058    8.2589
    1.1155    8.0390
    1.1251    7.8236
    1.1347    7.6127
    1.1443    7.4064
    1.1540    7.2048
    1.1636    7.0078
    1.1732    6.8156
    1.1828    6.6284
    1.1925    6.4468
    1.2021    6.2729
    1.2117    6.1183
    1.2213    6.0529
    1.2309    6.0662
    1.2406    6.0928
    1.2502    6.1225
    1.2598    6.1534
    1.2694    6.1846
    1.2791    6.2156
    1.2887    6.2459
    1.2983    6.2749
    1.3079    6.1918
    1.3175    6.1665
    1.3272    6.3156
    1.3368    6.3389
    1.3464    6.3101
    1.3560    6.2496
    1.3657    6.1712
    1.3753    6.0870
    1.3849    6.0024
    1.3945    5.9198
    1.4041    5.8403
    1.4138    5.7645
    1.4234    5.6925
    1.4330    5.6246
    1.4426    5.5609
    1.4523    5.5015
    1.4619    5.4464
    1.4715    5.3956
    1.4811    5.3493
    1.4907    5.3073
    1.5004    5.2697
    1.5100    5.2366
    1.5196    5.2078
    1.5292    5.1835
    1.5389    5.1636
    1.5485    5.1482
    1.5581    5.1371
    1.5677    5.1305
    1.5774    5.1283

    0.0000    6.5334
    0.0111    6.5349
    0.0222    6.5393
    0.0333    6.5466
    0.0444    6.5570
    0.0556    6.5705
    0.0667    6.5872
    0.0778    6.6074
    0.0889    6.6310
    0.1000    6.6583
    0.1111    6.6895
    0.1222    6.7246
    0.1333    6.7639
    0.1444    6.8074
    0.1556    6.8554
    0.1667    6.9078
    0.1778    6.9650
    0.1889    7.0268
    0.2000    7.0935
    0.2111    7.1500
    0.2222    6.9279
    0.2333    6.7008
    0.2444    6.5562
    0.2556    6.6887
    0.2667    6.8270
    0.2778    6.9710
    0.2889    7.1206
    0.3000    7.2758
    0.3111    7.4364
    0.3222    7.6022
    0.3333    7.7731
    0.3444    7.9487
    0.3556    8.1286
    0.3667    8.3120
    0.3778    8.4980
    0.3889    8.6852
    0.4000    8.8718
    0.4111    9.0560
    0.4222    9.2364
    0.4333    9.4127
    0.4444    9.5854
    0.4556    9.7552
    0.4667    9.9227
    0.4778   10.0881
    0.4889   10.2515
    0.5000   10.4123
    0.5111   10.5699
    0.5222   10.7232
    0.5333   10.8713
    0.5444   11.0126
    0.5556   11.0712
    0.5667   11.1106
    0.5778   11.1431
    0.5889   11.2360
    0.6000   11.4515
    0.6111   11.7137
    0.6222   11.9936
    0.6333   12.2796
    0.6444   12.5644
    0.6556   12.8344
    0.6667   13.0568
    0.6722   12.9679
    0.6778   12.8805
    0.6833   12.7945
    0.6889   12.7100
    0.6944   12.6269
    0.7000   12.5453
    0.7056   12.4653
    0.7111   12.3866
    0.7167   12.3095
    0.7222   12.2339
    0.7278   12.1597
    0.7333   12.0870
    0.7389   12.0158
    0.7444   11.9461
    0.7500   11.8778
    0.7556   11.8111
    0.7611   11.7458
    0.7667   11.6821
    0.7722   11.6198
    0.7778   11.5590
    0.7833   11.4997
    0.7889   11.4419
    0.7944   11.3856
    0.8000   11.3308
    0.8056   11.2775
    0.8111   11.2257
    0.8167   11.1753
    0.8222   11.1265
    0.8278   11.0792
    0.8333   11.0333
    0.8389   10.9890
    0.8444   10.9462
    0.8500   10.9048
    0.8556   10.8650
    0.8611   10.8267
    0.8667   10.7898
    0.8722   10.7545
    0.8778   10.7206
    0.8833   10.6883
    0.8889   10.6575
    0.8944   10.6282
    0.9000   10.6003
    0.9056   10.5740
    0.9111   10.5492
    0.9167   10.5259
    0.9222   10.5040
    0.9278   10.4837
    0.9333   10.4649
    0.9389   10.4476
    0.9444   10.4318
    0.9500   10.4175
    0.9556   10.4047
    0.9611   10.3935
    0.9667   10.3837
    0.9722   10.3754
    0.9778   10.3686
    0.9833   10.3634
    0.9889   10.3596
    0.9944   10.3573
    1.0000   10.3566
    1.0096   10.5182
    1.0192   10.4410
    1.0289   10.1898
    1.0385   10.3880
    1.0481   10.6534
    1.0577   10.8089
    1.0674   10.5898
    1.0770   10.3694
    1.0866   10.1504
    1.0962    9.9339
    1.1058    9.7205
    1.1155    9.5104
    1.1251    9.3039
    1.1347    9.1012
    1.1443    8.9023
    1.1540    8.7073
    1.1636    8.5163
    1.1732    8.3294
    1.1828    8.1467
    1.1925    7.9681
    1.2021    7.7937
    1.2117    7.6235
    1.2213    7.4577
    1.2309    7.2962
    1.2406    7.1391
    1.2502    6.9865
    1.2598    6.8384
    1.2694    6.6951
    1.2791    6.5568
    1.2887    6.4243
    1.2983    6.2996
    1.3079    6.3015
    1.3175    6.3242
    1.3272    6.3393
    1.3368    6.5122
    1.3464    6.5630
    1.3560    6.5446
    1.3657    6.5466
    1.3753    6.5569
    1.3849    6.5696
    1.3945    6.5823
    1.4041    6.5938
    1.4138    6.6033
    1.4234    6.6105
    1.4330    6.6153
    1.4426    6.6175
    1.4523    6.6172
    1.4619    6.6146
    1.4715    6.6098
    1.4811    6.6032
    1.4907    6.5952
    1.5004    6.5861
    1.5100    6.5766
    1.5196    6.5670
    1.5292    6.5579
    1.5389    6.5497
    1.5485    6.5429
    1.5581    6.5377
    1.5677    6.5345
    1.5774    6.5334

    0.0000    6.5334
    0.0111    6.5430
    0.0222    6.5717
    0.0333    6.6190
    0.0444    6.6839
    0.0556    6.7655
    0.0667    6.8621
    0.0778    6.9724
    0.0889    7.0943
    0.1000    7.2259
    0.1111    7.3652
    0.1222    7.5101
    0.1333    7.6585
    0.1444    7.8083
    0.1556    7.9576
    0.1667    7.9749
    0.1778    7.7795
    0.1889    7.5765
    0.2000    7.3664
    0.2111    7.1650
    0.2222    7.2415
    0.2333    7.3230
    0.2444    7.4095
    0.2556    7.5010
    0.2667    7.5975
    0.2778    7.6991
    0.2889    7.8057
    0.3000    7.9174
    0.3111    8.0341
    0.3222    8.1561
    0.3333    8.2833
    0.3444    8.4159
    0.3556    8.5542
    0.3667    8.6988
    0.3778    8.8503
    0.3889    9.0100
    0.4000    9.1793
    0.4111    9.3597
    0.4222    9.5523
    0.4333    9.7570
    0.4444    9.9728
    0.4556   10.1984
    0.4667   10.4326
    0.4778   10.6737
    0.4889   10.7389
    0.5000   10.8022
    0.5111   10.8631
    0.5222   10.9211
    0.5333   10.9756
    0.5444   11.0259
    0.5556   11.1459
    0.5667   11.2698
    0.5778   11.3849
    0.5889   11.5006
    0.6000   11.6750
    0.6111   11.9513
    0.6222   12.2593
    0.6333   12.5728
    0.6444   12.8808
    0.6556   13.1677
    0.6667   13.0569
    0.6722   13.1311
    0.6778   13.1707
    0.6833   13.1770
    0.6889   13.1277
    0.6944   13.0625
    0.7000   12.9970
    0.7056   12.9313
    0.7111   12.8655
    0.7167   12.7999
    0.7222   12.7346
    0.7278   12.6698
    0.7333   12.6055
    0.7389   12.5418
    0.7444   12.4789
    0.7500   12.4169
    0.7556   12.3557
    0.7611   12.2955
    0.7667   12.2364
    0.7722   12.1784
    0.7778   12.1215
    0.7833   12.0657
    0.7889   12.0112
    0.7944   11.9579
    0.8000   11.9059
    0.8056   11.8551
    0.8111   11.8057
    0.8167   11.7575
    0.8222   11.7107
    0.8278   11.6653
    0.8333   11.6212
    0.8389   11.5785
    0.8444   11.5372
    0.8500   11.4972
    0.8556   11.4587
    0.8611   11.4216
    0.8667   11.3859
    0.8722   11.3516
    0.8778   11.3188
    0.8833   11.2874
    0.8889   11.2574
    0.8944   11.2288
    0.9000   11.2018
    0.9056   11.1761
    0.9111   11.1519
    0.9167   11.1292
    0.9222   11.1079
    0.9278   11.0881
    0.9333   11.0697
    0.9389   11.0528
    0.9444   11.0374
    0.9500   11.0234
    0.9556   11.0109
    0.9611   10.9999
    0.9667   10.9903
    0.9722   10.9822
    0.9778   10.9756
    0.9833   10.9704
    0.9889   10.9668
    0.9944   10.9646
    1.0000   10.9638
    1.0096   10.7047
    1.0192   10.7554
    1.0289   10.9876
    1.0385   11.1323
    1.0481   11.0159
    1.0577   10.9203
    1.0674   11.1839
    1.0770   11.1548
    1.0866   10.9315
    1.0962   10.7098
    1.1058   10.4918
    1.1155   10.2777
    1.1251   10.0678
    1.1347    9.8620
    1.1443    9.6605
    1.1540    9.4632
    1.1636    9.2703
    1.1732    9.0816
    1.1828    8.8974
    1.1925    8.7174
    1.2021    8.5419
    1.2117    8.3709
    1.2213    8.2043
    1.2309    8.0422
    1.2406    7.8846
    1.2502    7.7316
    1.2598    7.5832
    1.2694    7.4396
    1.2791    7.3009
    1.2887    7.1674
    1.2983    7.0393
    1.3079    6.9174
    1.3175    6.8033
    1.3272    6.7002
    1.3368    6.6159
    1.3464    6.7138
    1.3560    6.9140
    1.3657    7.1107
    1.3753    7.3031
    1.3849    7.4904
    1.3945    7.6720
    1.4041    7.8475
    1.4138    8.0162
    1.4234    8.1768
    1.4330    8.0358
    1.4426    7.8542
    1.4523    7.6823
    1.4619    7.5205
    1.4715    7.3694
    1.4811    7.2294
    1.4907    7.1010
    1.5004    6.9847
    1.5100    6.8809
    1.5196    6.7900
    1.5292    6.7123
    1.5389    6.6483
    1.5485    6.5982
    1.5581    6.5623
    1.5677    6.5406
    1.5774    6.5334

    0.0000    7.8821
    0.0111    7.8850
    0.0222    7.8938
    0.0333    7.9084
    0.0444    7.9288
    0.0556    7.9551
    0.0667    7.9872
    0.0778    8.0251
    0.0889    8.0687
    0.1000    8.1182
    0.1111    8.1735
    0.1222    8.2345
    0.1333    8.3012
    0.1444    8.3398
    0.1556    8.1619
    0.1667    8.1048
    0.1778    8.2485
    0.1889    8.3875
    0.2000    8.5210
    0.2111    8.6487
    0.2222    8.7703
    0.2333    8.8859
    0.2444    8.9957
    0.2556    9.1003
    0.2667    9.2001
    0.2778    9.2955
    0.2889    9.3871
    0.3000    9.4755
    0.3111    9.5610
    0.3222    9.6441
    0.3333    9.7251
    0.3444    9.8043
    0.3556    9.8821
    0.3667    9.9587
    0.3778   10.0342
    0.3889   10.1087
    0.4000   10.1824
    0.4111   10.2553
    0.4222   10.3274
    0.4333   10.3987
    0.4444   10.4691
    0.4556   10.5385
    0.4667   10.6068
    0.4778   10.6742
    0.4889   10.9226
    0.5000   11.1771
    0.5111   11.4370
    0.5222   11.7017
    0.5333   11.9367
    0.5444   12.1176
    0.5556   12.3284
    0.5667   12.5614
    0.5778   12.8101
    0.5889   13.0689
    0.6000   13.3311
    0.6111   13.5860
    0.6222   13.8102
    0.6333   13.6211
    0.6444   13.4272
    0.6556   13.2391
    0.6667   13.3828
    0.6722   13.3200
    0.6778   13.2566
    0.6833   13.1924
    0.6889   13.1579
    0.6944   13.1223
    0.7000   13.0768
    0.7056   13.0256
    0.7111   12.9626
    0.7167   12.8905
    0.7222   12.8190
    0.7278   12.7484
    0.7333   12.6787
    0.7389   12.6102
    0.7444   12.5429
    0.7500   12.4768
    0.7556   12.4121
    0.7611   12.3487
    0.7667   12.2866
    0.7722   12.2259
    0.7778   12.1666
    0.7833   12.1087
    0.7889   12.0522
    0.7944   11.9971
    0.8000   11.9434
    0.8056   11.8911
    0.8111   11.8402
    0.8167   11.7908
    0.8222   11.7428
    0.8278   11.6963
    0.8333   11.6512
    0.8389   11.6076
    0.8444   11.5654
    0.8500   11.5247
    0.8556   11.4854
    0.8611   11.4476
    0.8667   11.4113
    0.8722   11.3764
    0.8778   11.3430
    0.8833   11.3110
    0.8889   11.2806
    0.8944   11.2516
    0.9000   11.2241
    0.9056   11.1981
    0.9111   11.1735
    0.9167   11.1505
    0.9222   11.1289
    0.9278   11.1088
    0.9333   11.0902
    0.9389   11.0730
    0.9444   11.0574
    0.9500   11.0432
    0.9556   11.0306
    0.9611   11.0194
    0.9667   11.0097
    0.9722   11.0015
    0.9778   10.9948
    0.9833   10.9896
    0.9889   10.9859
    0.9944   10.9836
    1.0000   10.9829
    1.0096   11.2464
    1.0192   11.5234
    1.0289   11.5798
    1.0385   11.4611
    1.0481   11.6044
    1.0577   11.6268
    1.0674   11.3979
    1.0770   11.4657
    1.0866   11.7309
    1.0962   11.9964
    1.1058   12.2587
    1.1155   12.5154
    1.1251   12.4530
    1.1347   12.2970
    1.1443   12.1329
    1.1540   11.9656
    1.1636   11.7974
    1.1732   11.6299
    1.1828   11.4639
    1.1925   11.3000
    1.2021   11.1386
    1.2117   10.9800
    1.2213   10.8245
    1.2309   10.6723
    1.2406   10.5235
    1.2502   10.3782
    1.2598   10.2366
    1.2694   10.0987
    1.2791    9.9647
    1.2887    9.8345
    1.2983    9.7083
    1.3079    9.5861
    1.3175    9.4680
    1.3272    9.3539
    1.3368    9.2439
    1.3464    9.1381
    1.3560    9.0365
    1.3657    8.9390
    1.3753    8.8459
    1.3849    8.7570
    1.3945    8.6724
    1.4041    8.5922
    1.4138    8.4262
    1.4234    8.2267
    1.4330    8.3179
    1.4426    8.3059
    1.4523    8.2500
    1.4619    8.1962
    1.4715    8.1464
    1.4811    8.1007
    1.4907    8.0592
    1.5004    8.0221
    1.5100    7.9893
    1.5196    7.9609
    1.5292    7.9368
    1.5389    7.9172
    1.5485    7.9018
    1.5581    7.8909
    1.5677    7.8843
    1.5774    7.8821

    0.0000    8.8748
    0.0111    8.8779
    0.0222    8.8869
    0.0333    8.9021
    0.0444    8.9233
    0.0556    8.9505
    0.0667    8.9837
    0.0778    9.0229
    0.0889    9.0681
    0.1000    8.9470
    0.1111    8.8122
    0.1222    8.6656
    0.1333    8.5080
    0.1444    8.3737
    0.1556    8.4518
    0.1667    8.5356
    0.1778    8.6250
    0.1889    8.7199
    0.2000    8.8204
    0.2111    8.9263
    0.2222    9.0375
    0.2333    9.1541
    0.2444    9.2758
    0.2556    9.4026
    0.2667    9.5342
    0.2778    9.6706
    0.2889    9.8113
    0.3000    9.9563
    0.3111   10.1049
    0.3222   10.2568
    0.3333   10.4112
    0.3444   10.5673
    0.3556   10.7239
    0.3667   10.8793
    0.3778   11.0312
    0.3889   11.1767
    0.4000   11.3114
    0.4111   11.4299
    0.4222   11.5262
    0.4333   11.5947
    0.4444   11.6327
    0.4556   11.6434
    0.4667   11.6354
    0.4778   11.6218
    0.4889   11.6176
    0.5000   11.6374
    0.5111   11.6937
    0.5222   11.7935
    0.5333   11.9706
    0.5444   12.2427
    0.5556   12.5168
    0.5667   12.7908
    0.5778   13.0614
    0.5889   13.3222
    0.6000   13.5599
    0.6111   13.7435
    0.6222   13.8208
    0.6333   13.7540
    0.6444   13.6296
    0.6556   13.5067
    0.6667   13.3828
    0.6722   13.4054
    0.6778   13.3699
    0.6833   13.3129
    0.6889   13.2477
    0.6944   13.1784
    0.7000   13.1072
    0.7056   13.0350
    0.7111   12.9711
    0.7167   12.9151
    0.7222   12.8585
    0.7278   12.8020
    0.7333   12.7462
    0.7389   12.6913
    0.7444   12.6378
    0.7500   12.5857
    0.7556   12.5353
    0.7611   12.4867
    0.7667   12.4401
    0.7722   12.3957
    0.7778   12.3534
    0.7833   12.3135
    0.7889   12.2761
    0.7944   12.2412
    0.8000   12.2089
    0.8056   12.1793
    0.8111   12.1525
    0.8167   12.1285
    0.8222   12.1074
    0.8278   12.0891
    0.8333   12.0736
    0.8389   12.0609
    0.8444   12.0509
    0.8500   12.0433
    0.8556   12.0381
    0.8611   12.0351
    0.8667   12.0340
    0.8722   12.0346
    0.8778   12.0365
    0.8833   12.0396
    0.8889   12.0435
    0.8944   12.0480
    0.9000   12.0529
    0.9056   12.0580
    0.9111   12.0630
    0.9167   12.0680
    0.9222   12.0727
    0.9278   12.0770
    0.9333   12.0810
    0.9389   12.0846
    0.9444   12.0878
    0.9500   12.0906
    0.9556   12.0930
    0.9611   12.0950
    0.9667   12.0967
    0.9722   12.0981
    0.9778   12.0992
    0.9833   12.1000
    0.9889   12.1005
    0.9944   12.1009
    1.0000   12.1010
    1.0096   11.9880
    1.0192   11.7854
    1.0289   11.8045
    1.0385   12.0811
    1.0481   11.8637
    1.0577   11.8382
    1.0674   12.0817
    1.0770   12.3172
    1.0866   12.5256
    1.0962   12.6641
    1.1058   12.6787
    1.1155   12.5897
    1.1251   12.7638
    1.1347   12.9995
    1.1443   13.2043
    1.1540   13.1236
    1.1636   12.9409
    1.1732   12.7584
    1.1828   12.5791
    1.1925   12.4036
    1.2021   12.2320
    1.2117   12.0644
    1.2213   11.9009
    1.2309   11.7415
    1.2406   11.5863
    1.2502   11.4353
    1.2598   11.2885
    1.2694   11.1460
    1.2791   11.0077
    1.2887   10.8737
    1.2983   10.7440
    1.3079   10.6186
    1.3175   10.4975
    1.3272   10.3807
    1.3368   10.2682
    1.3464   10.0305
    1.3560    9.7821
    1.3657    9.5394
    1.3753    9.3029
    1.3849    9.0729
    1.3945    8.8498
    1.4041    8.6341
    1.4138    8.5166
    1.4234    8.4465
    1.4330    8.3930
    1.4426    8.4891
    1.4523    8.6255
    1.4619    8.7555
    1.4715    8.8771
    1.4811    8.9897
    1.4907    9.0582
    1.5004    9.0198
    1.5100    8.9859
    1.5196    8.9565
    1.5292    8.9316
    1.5389    8.9112
    1.5485    8.8953
    1.5581    8.8839
    1.5677    8.8771
    1.5774    8.8748

    0.0000    9.5463
    0.0111    9.5386
    0.0222    9.5157
    0.0333    9.4776
    0.0444    9.4246
    0.0556    9.3569
    0.0667    9.2748
    0.0778    9.1788
    0.0889    9.0694
    0.1000    9.1192
    0.1111    9.1763
    0.1222    9.2393
    0.1333    9.3082
    0.1444    9.3830
    0.1556    9.4636
    0.1667    9.5501
    0.1778    9.6425
    0.1889    9.7406
    0.2000    9.8446
    0.2111    9.9543
    0.2222   10.0699
    0.2333   10.1912
    0.2444   10.3182
    0.2556   10.4510
    0.2667   10.5896
    0.2778   10.7338
    0.2889   10.8838
    0.3000   11.0394
    0.3111   11.2007
    0.3222   11.3676
    0.3333   11.5401
    0.3444   11.7182
    0.3556   11.9017
    0.3667   12.0908
    0.3778   12.2852
    0.3889   12.4849
    0.4000   12.6898
    0.4111   12.8997
    0.4222   13.1146
    0.4333   13.3342
    0.4444   13.5582
    0.4556   13.7514
    0.4667   13.8534
    0.4778   13.9905
    0.4889   14.1549
    0.5000   14.3393
    0.5111   14.5374
    0.5222   14.7424
    0.5333   14.9457
    0.5444   15.0189
    0.5556   14.8293
    0.5667   14.6482
    0.5778   14.4762
    0.5889   14.3138
    0.6000   14.1611
    0.6111   14.0177
    0.6222   13.8230
    0.6333   13.8021
    0.6444   13.7382
    0.6556   13.6602
    0.6667   13.6024
    0.6722   13.6341
    0.6778   13.7096
    0.6833   13.7977
    0.6889   13.8910
    0.6944   13.9901
    0.7000   14.0492
    0.7056   14.0283
    0.7111   14.0095
    0.7167   13.9923
    0.7222   13.9763
    0.7278   13.9610
    0.7333   13.9461
    0.7389   13.9311
    0.7444   13.9157
    0.7500   13.8998
    0.7556   13.8830
    0.7611   13.8654
    0.7667   13.8189
    0.7722   13.7566
    0.7778   13.6959
    0.7833   13.6366
    0.7889   13.5788
    0.7944   13.5225
    0.8000   13.4677
    0.8056   13.4144
    0.8111   13.3626
    0.8167   13.3122
    0.8222   13.2634
    0.8278   13.2161
    0.8333   13.1703
    0.8389   13.1259
    0.8444   13.0831
    0.8500   13.0418
    0.8556   13.0019
    0.8611   12.9636
    0.8667   12.9268
    0.8722   12.8914
    0.8778   12.8576
    0.8833   12.8253
    0.8889   12.7945
    0.8944   12.7651
    0.9000   12.7373
    0.9056   12.7110
    0.9111   12.6862
    0.9167   12.6629
    0.9222   12.6410
    0.9278   12.6207
    0.9333   12.6019
    0.9389   12.5846
    0.9444   12.5688
    0.9500   12.5545
    0.9556   12.5418
    0.9611   12.5305
    0.9667   12.5207
    0.9722   12.5124
    0.9778   12.5056
    0.9833   12.5004
    0.9889   12.4966
    0.9944   12.4944
    1.0000   12.4936
    1.0096   12.6083
    1.0192   12.5994
    1.0289   12.3511
    1.0385   12.1150
    1.0481   12.3804
    1.0577   12.6737
    1.0674   12.9709
    1.0770   13.2717
    1.0866   13.4180
    1.0962   13.3822
    1.1058   13.4594
    1.1155   13.6324
    1.1251   13.7220
    1.1347   13.5255
    1.1443   13.3486
    1.1540   13.4415
    1.1636   13.6157
    1.1732   13.7639
    1.1828   13.8793
    1.1925   13.9588
    1.2021   14.0021
    1.2117   13.8754
    1.2213   13.5917
    1.2309   13.3073
    1.2406   13.0229
    1.2502   12.7389
    1.2598   12.4560
    1.2694   12.1746
    1.2791   11.8951
    1.2887   11.6181
    1.2983   11.3439
    1.3079   11.0731
    1.3175   10.8059
    1.3272   10.5428
    1.3368   10.2842
    1.3464   10.1600
    1.3560   10.0562
    1.3657    9.9567
    1.3753    9.8615
    1.3849    9.7706
    1.3945    9.6841
    1.4041    9.6019
    1.4138    9.5240
    1.4234    9.4505
    1.4330    9.3814
    1.4426    9.3165
    1.4523    9.2561
    1.4619    9.2000
    1.4715    9.1483
    1.4811    9.1011
    1.4907    9.0928
    1.5004    9.1861
    1.5100    9.2692
    1.5196    9.3419
    1.5292    9.4038
    1.5389    9.4548
    1.5485    9.4947
    1.5581    9.5233
    1.5677    9.5405
    1.5774    9.5463

    0.0000   10.6698
    0.0111   10.6736
    0.0222   10.6851
    0.0333   10.7044
    0.0444   10.7318
    0.0556   10.7676
    0.0667   10.8122
    0.0778   10.8661
    0.0889   10.9301
    0.1000   11.0048
    0.1111   11.0910
    0.1222   11.1895
    0.1333   11.3013
    0.1444   11.4270
    0.1556   11.5674
    0.1667   11.7230
    0.1778   11.8942
    0.1889   12.0810
    0.2000   12.2832
    0.2111   12.5003
    0.2222   12.7313
    0.2333   12.9754
    0.2444   13.2311
    0.2556   13.4973
    0.2667   13.7723
    0.2778   14.0546
    0.2889   14.2501
    0.3000   14.3245
    0.3111   14.3815
    0.3222   14.4144
    0.3333   14.4165
    0.3444   14.3838
    0.3556   14.3170
    0.3667   14.2221
    0.3778   14.1092
    0.3889   13.9897
    0.4000   13.8754
    0.4111   13.7780
    0.4222   13.7088
    0.4333   13.6778
    0.4444   13.6915
    0.4556   13.7864
    0.4667   14.0181
    0.4778   14.2528
    0.4889   14.4892
    0.5000   14.7255
    0.5111   14.9571
    0.5222   15.1676
    0.5333   15.2161
    0.5444   15.1312
    0.5556   14.9557
    0.5667   14.7822
    0.5778   14.6206
    0.5889   14.4545
    0.6000   14.2376
    0.6111   14.0263
    0.6222   13.8826
    0.6333   13.9506
    0.6444   13.9650
    0.6556   13.9113
    0.6667   13.8750
    0.6722   13.8893
    0.6778   13.9361
    0.6833   14.0140
    0.6889   14.0994
    0.6944   14.0727
    0.7000   14.0954
    0.7056   14.2057
    0.7111   14.3164
    0.7167   14.4163
    0.7222   14.3706
    0.7278   14.2965
    0.7333   14.2238
    0.7389   14.1526
    0.7444   14.0829
    0.7500   14.0147
    0.7556   13.9479
    0.7611   13.8827
    0.7667   13.8467
    0.7722   13.8269
    0.7778   13.8060
    0.7833   13.7840
    0.7889   13.7611
    0.7944   13.7372
    0.8000   13.7126
    0.8056   13.6873
    0.8111   13.6614
    0.8167   13.6352
    0.8222   13.6086
    0.8278   13.5819
    0.8333   13.5551
    0.8389   13.5284
    0.8444   13.5019
    0.8500   13.4757
    0.8556   13.4499
    0.8611   13.4245
    0.8667   13.3996
    0.8722   13.3754
    0.8778   13.3518
    0.8833   13.3290
    0.8889   13.3069
    0.8944   13.2857
    0.9000   13.2654
    0.9056   13.2459
    0.9111   13.2275
    0.9167   13.2100
    0.9222   13.1935
    0.9278   13.1781
    0.9333   13.1637
    0.9389   13.1504
    0.9444   13.1382
    0.9500   13.1271
    0.9556   13.1172
    0.9611   13.1083
    0.9667   13.1007
    0.9722   13.0942
    0.9778   13.0889
    0.9833   13.0847
    0.9889   13.0818
    0.9944   13.0800
    1.0000   13.0794
    1.0096   12.8506
    1.0192   12.8172
    1.0289   13.0404
    1.0385   13.2571
    1.0481   13.4459
    1.0577   13.5653
    1.0674   13.5744
    1.0770   13.5039
    1.0866   13.5758
    1.0962   13.8827
    1.1058   14.1239
    1.1155   13.9233
    1.1251   13.8455
    1.1347   14.0692
    1.1443   14.2897
    1.1540   14.4979
    1.1636   14.6852
    1.1732   14.8420
    1.1828   14.7162
    1.1925   14.4384
    1.2021   14.1579
    1.2117   14.0112
    1.2213   13.9896
    1.2309   13.9415
    1.2406   13.8714
    1.2502   13.7833
    1.2598   13.6808
    1.2694   13.5670
    1.2791   13.4443
    1.2887   13.3149
    1.2983   13.1806
    1.3079   13.0429
    1.3175   12.9031
    1.3272   12.7623
    1.3368   12.6215
    1.3464   12.4815
    1.3560   12.3434
    1.3657   12.2076
    1.3753   12.0751
    1.3849   11.9464
    1.3945   11.8220
    1.4041   11.7027
    1.4138   11.5887
    1.4234   11.4807
    1.4330   11.3790
    1.4426   11.2839
    1.4523   11.1956
    1.4619   11.1144
    1.4715   11.0403
    1.4811   10.9733
    1.4907   10.9134
    1.5004   10.8606
    1.5100   10.8146
    1.5196   10.7753
    1.5292   10.7426
    1.5389   10.7161
    1.5485   10.6957
    1.5581   10.6813
    1.5677   10.6726
    1.5774   10.6698

    0.0000   12.6237
    0.0111   12.6265
    0.0222   12.6348
    0.0333   12.6486
    0.0444   12.6679
    0.0556   12.6928
    0.0667   12.7230
    0.0778   12.7588
    0.0889   12.7999
    0.1000   12.8463
    0.1111   12.8981
    0.1222   12.9550
    0.1333   13.0170
    0.1444   13.0841
    0.1556   13.1560
    0.1667   13.2326
    0.1778   13.3137
    0.1889   13.3991
    0.2000   13.4883
    0.2111   13.5810
    0.2222   13.6767
    0.2333   13.7746
    0.2444   13.8738
    0.2556   13.9730
    0.2667   14.0705
    0.2778   14.1640
    0.2889   14.3425
    0.3000   14.6342
    0.3111   14.9278
    0.3222   15.2210
    0.3333   15.5114
    0.3444   15.7958
    0.3556   16.0702
    0.3667   16.3291
    0.3778   16.5649
    0.3889   16.7668
    0.4000   16.9200
    0.4111   17.0080
    0.4222   17.0189
    0.4333   16.9546
    0.4444   16.8297
    0.4556   16.6637
    0.4667   16.4724
    0.4778   16.2672
    0.4889   16.0553
    0.5000   15.8414
    0.5111   15.6289
    0.5222   15.4199
    0.5333   15.2581
    0.5444   15.1315
    0.5556   15.1395
    0.5667   14.9055
    0.5778   14.6772
    0.5889   14.4760
    0.6000   14.3562
    0.6111   14.2777
    0.6222   14.2601
    0.6333   14.2596
    0.6444   14.2280
    0.6556   14.2036
    0.6667   14.2462
    0.6722   14.2027
    0.6778   14.1639
    0.6833   14.1296
    0.6889   14.1138
    0.6944   14.2248
    0.7000   14.3371
    0.7056   14.4422
    0.7111   14.5235
    0.7167   14.4463
    0.7222   14.4834
    0.7278   14.5026
    0.7333   14.4882
    0.7389   14.4577
    0.7444   14.4195
    0.7500   14.3776
    0.7556   14.3336
    0.7611   14.2886
    0.7667   14.2430
    0.7722   14.1972
    0.7778   14.1516
    0.7833   14.1062
    0.7889   14.0613
    0.7944   14.0169
    0.8000   13.9732
    0.8056   13.9301
    0.8111   13.8879
    0.8167   13.8465
    0.8222   13.8060
    0.8278   13.7665
    0.8333   13.7279
    0.8389   13.6904
    0.8444   13.6539
    0.8500   13.6185
    0.8556   13.5842
    0.8611   13.5511
    0.8667   13.5192
    0.8722   13.4884
    0.8778   13.4588
    0.8833   13.4304
    0.8889   13.4033
    0.8944   13.3775
    0.9000   13.3528
    0.9056   13.3295
    0.9111   13.3075
    0.9167   13.2867
    0.9222   13.2672
    0.9278   13.2491
    0.9333   13.2323
    0.9389   13.2168
    0.9444   13.2026
    0.9500   13.1898
    0.9556   13.1783
    0.9611   13.1681
    0.9667   13.1593
    0.9722   13.1518
    0.9778   13.1457
    0.9833   13.1410
    0.9889   13.1376
    0.9944   13.1356
    1.0000   13.1349
    1.0096   13.3664
    1.0192   13.6259
    1.0289   13.8877
    1.0385   14.1511
    1.0481   14.3137
    1.0577   14.2896
    1.0674   14.3751
    1.0770   14.5474
    1.0866   14.5506
    1.0962   14.3392
    1.1058   14.1992
    1.1155   14.5063
    1.1251   14.8193
    1.1347   15.1325
    1.1443   15.4441
    1.1540   15.5256
    1.1636   15.2607
    1.1732   14.9906
    1.1828   14.9589
    1.1925   15.0297
    1.2021   15.0546
    1.2117   15.0404
    1.2213   14.9964
    1.2309   14.9312
    1.2406   14.8516
    1.2502   14.7624
    1.2598   14.6670
    1.2694   14.5677
    1.2791   14.4664
    1.2887   14.3643
    1.2983   14.2624
    1.3079   14.1614
    1.3175   14.0618
    1.3272   13.9641
    1.3368   13.8687
    1.3464   13.7759
    1.3560   13.6858
    1.3657   13.5988
    1.3753   13.5149
    1.3849   13.4343
    1.3945   13.3572
    1.4041   13.2836
    1.4138   13.2136
    1.4234   13.1473
    1.4330   13.0847
    1.4426   13.0260
    1.4523   12.9711
    1.4619   12.9201
    1.4715   12.8731
    1.4811   12.8301
    1.4907   12.7910
    1.5004   12.7560
    1.5100   12.7251
    1.5196   12.6983
    1.5292   12.6755
    1.5389   12.6569
    1.5485   12.6424
    1.5581   12.6320
    1.5677   12.6258
    1.5774   12.6237

