smearing    degaus    Etot(Ry)    ACC(Ry)
gaussian    0.005    -24.09581229    3.1E-11
gaussian    0.01    -24.09582776    3.1E-11
gaussian    0.02    -24.09585898    3.2E-11
gaussian    0.03    -24.09589995    3.2E-11
gaussian    0.04    -24.09597412    2.8E-11
gaussian    0.05    -24.09609912    2.4E-11
mp    0.005    -24.09580455    3.1E-11
mp    0.01    -24.09581229    3.1E-11
mp    0.02    -24.09582645    9.9E-11
mp    0.03    -24.09581886    3.2E-11
mp    0.04    -24.09577995    3.0E-11
mp    0.05    -24.09570830    3.1E-11
mv    0.005    -24.09580581    3.1E-11
mv    0.01    -24.09581481    3.1E-11
mv    0.02    -24.09582922    9.9E-11
mv    0.03    -24.09579038    3.1E-11
mv    0.04    -24.09570796    1.0E-10
mv    0.05    -24.09556157    9.4E-11
fd    0.005    -24.09583489    3.1E-11
fd    0.01    -24.09588186    3.4E-11
fd    0.02    -24.09616903    2.5E-11
fd    0.03    -24.09703555    7.9E-11
fd    0.04    -24.09886326    8.5E-11
fd    0.05    -24.10198784    3.5E-11
