! ground state SCF of graphene 18x18 supercell
! pristine 18x18 supercell

&CONTROL
  calculation = 'scf'       ! SCF ground state calculation
  prefix      = 'defect_18x18_p'        ! prefix of output files
  outdir      = '/home/gregb26/links/scratch/qe_tmp/defect_18x18_p'   ! directory of tempory files
  pseudo_dir  = '/home/gregb26/links/projects/rrg-cotemich-ac/gregb26/abinit_processing/pseudo' ! directory of pseudo potentials
/
&SYSTEM
  ibrav       = 0        ! specified by CELL_PARAMETERS
  nat         = 648       ! number of atoms (648 = 2 x 18 x 18)
  ntyp        = 1        ! number of atom types
  ecutwfc     = 100      ! PW energy cutoff in Ry (1 Ha = 2 Ry)
  occupations = 'smearing'
  smearing    = 'mv'     ! Marzari-Vanderbilt cold smearing
  degauss     = 0.01     ! value of gaussian smearing in Ry
  nbnd        = 1326      ! 2592 valence electrons -> 1296 occupied; adjust as needed
  assume_isolated = '2D' ! helps for 2d systems
/
&ELECTRONS
  electron_maxstep =  400   ! number of iterations in SCF step
  conv_thr         =  1.d-10 ! convergence threshold for self-consistency
  mixing_beta      =  0.3
/

ATOMIC_SPECIES
  C 12.011 C.upf ! atom type and pseudo potential

CELL_PARAMETERS bohr
  72.6388543098  -41.9380620894   0.0000000000
  72.6388543098   41.9380620894   0.0000000000
   0.0000000000             0.0000000000            30.0000000000

ATOMIC_POSITIONS crystal
  C  0.0185185185  0.0185185185  0.0000000000
  C  0.0370370370  0.0370370370  0.0000000000
  C  0.0185185185  0.0740740741  0.0000000000
  C  0.0370370370  0.0925925926  0.0000000000
  C  0.0185185185  0.1296296296  0.0000000000
  C  0.0370370370  0.1481481481  0.0000000000
  C  0.0185185185  0.1851851852  0.0000000000
  C  0.0370370370  0.2037037037  0.0000000000
  C  0.0185185185  0.2407407407  0.0000000000
  C  0.0370370370  0.2592592593  0.0000000000
  C  0.0185185185  0.2962962963  0.0000000000
  C  0.0370370370  0.3148148148  0.0000000000
  C  0.0185185185  0.3518518519  0.0000000000
  C  0.0370370370  0.3703703704  0.0000000000
  C  0.0185185185  0.4074074074  0.0000000000
  C  0.0370370370  0.4259259259  0.0000000000
  C  0.0185185185  0.4629629630  0.0000000000
  C  0.0370370370  0.4814814815  0.0000000000
  C  0.0185185185  0.5185185185  0.0000000000
  C  0.0370370370  0.5370370370  0.0000000000
  C  0.0185185185  0.5740740741  0.0000000000
  C  0.0370370370  0.5925925926  0.0000000000
  C  0.0185185185  0.6296296296  0.0000000000
  C  0.0370370370  0.6481481481  0.0000000000
  C  0.0185185185  0.6851851852  0.0000000000
  C  0.0370370370  0.7037037037  0.0000000000
  C  0.0185185185  0.7407407407  0.0000000000
  C  0.0370370370  0.7592592593  0.0000000000
  C  0.0185185185  0.7962962963  0.0000000000
  C  0.0370370370  0.8148148148  0.0000000000
  C  0.0185185185  0.8518518519  0.0000000000
  C  0.0370370370  0.8703703704  0.0000000000
  C  0.0185185185  0.9074074074  0.0000000000
  C  0.0370370370  0.9259259259  0.0000000000
  C  0.0185185185  0.9629629630  0.0000000000
  C  0.0370370370  0.9814814815  0.0000000000
  C  0.0740740741  0.0185185185  0.0000000000
  C  0.0925925926  0.0370370370  0.0000000000
  C  0.0740740741  0.0740740741  0.0000000000
  C  0.0925925926  0.0925925926  0.0000000000
  C  0.0740740741  0.1296296296  0.0000000000
  C  0.0925925926  0.1481481481  0.0000000000
  C  0.0740740741  0.1851851852  0.0000000000
  C  0.0925925926  0.2037037037  0.0000000000
  C  0.0740740741  0.2407407407  0.0000000000
  C  0.0925925926  0.2592592593  0.0000000000
  C  0.0740740741  0.2962962963  0.0000000000
  C  0.0925925926  0.3148148148  0.0000000000
  C  0.0740740741  0.3518518519  0.0000000000
  C  0.0925925926  0.3703703704  0.0000000000
  C  0.0740740741  0.4074074074  0.0000000000
  C  0.0925925926  0.4259259259  0.0000000000
  C  0.0740740741  0.4629629630  0.0000000000
  C  0.0925925926  0.4814814815  0.0000000000
  C  0.0740740741  0.5185185185  0.0000000000
  C  0.0925925926  0.5370370370  0.0000000000
  C  0.0740740741  0.5740740741  0.0000000000
  C  0.0925925926  0.5925925926  0.0000000000
  C  0.0740740741  0.6296296296  0.0000000000
  C  0.0925925926  0.6481481481  0.0000000000
  C  0.0740740741  0.6851851852  0.0000000000
  C  0.0925925926  0.7037037037  0.0000000000
  C  0.0740740741  0.7407407407  0.0000000000
  C  0.0925925926  0.7592592593  0.0000000000
  C  0.0740740741  0.7962962963  0.0000000000
  C  0.0925925926  0.8148148148  0.0000000000
  C  0.0740740741  0.8518518519  0.0000000000
  C  0.0925925926  0.8703703704  0.0000000000
  C  0.0740740741  0.9074074074  0.0000000000
  C  0.0925925926  0.9259259259  0.0000000000
  C  0.0740740741  0.9629629630  0.0000000000
  C  0.0925925926  0.9814814815  0.0000000000
  C  0.1296296296  0.0185185185  0.0000000000
  C  0.1481481481  0.0370370370  0.0000000000
  C  0.1296296296  0.0740740741  0.0000000000
  C  0.1481481481  0.0925925926  0.0000000000
  C  0.1296296296  0.1296296296  0.0000000000
  C  0.1481481481  0.1481481481  0.0000000000
  C  0.1296296296  0.1851851852  0.0000000000
  C  0.1481481481  0.2037037037  0.0000000000
  C  0.1296296296  0.2407407407  0.0000000000
  C  0.1481481481  0.2592592593  0.0000000000
  C  0.1296296296  0.2962962963  0.0000000000
  C  0.1481481481  0.3148148148  0.0000000000
  C  0.1296296296  0.3518518519  0.0000000000
  C  0.1481481481  0.3703703704  0.0000000000
  C  0.1296296296  0.4074074074  0.0000000000
  C  0.1481481481  0.4259259259  0.0000000000
  C  0.1296296296  0.4629629630  0.0000000000
  C  0.1481481481  0.4814814815  0.0000000000
  C  0.1296296296  0.5185185185  0.0000000000
  C  0.1481481481  0.5370370370  0.0000000000
  C  0.1296296296  0.5740740741  0.0000000000
  C  0.1481481481  0.5925925926  0.0000000000
  C  0.1296296296  0.6296296296  0.0000000000
  C  0.1481481481  0.6481481481  0.0000000000
  C  0.1296296296  0.6851851852  0.0000000000
  C  0.1481481481  0.7037037037  0.0000000000
  C  0.1296296296  0.7407407407  0.0000000000
  C  0.1481481481  0.7592592593  0.0000000000
  C  0.1296296296  0.7962962963  0.0000000000
  C  0.1481481481  0.8148148148  0.0000000000
  C  0.1296296296  0.8518518519  0.0000000000
  C  0.1481481481  0.8703703704  0.0000000000
  C  0.1296296296  0.9074074074  0.0000000000
  C  0.1481481481  0.9259259259  0.0000000000
  C  0.1296296296  0.9629629630  0.0000000000
  C  0.1481481481  0.9814814815  0.0000000000
  C  0.1851851852  0.0185185185  0.0000000000
  C  0.2037037037  0.0370370370  0.0000000000
  C  0.1851851852  0.0740740741  0.0000000000
  C  0.2037037037  0.0925925926  0.0000000000
  C  0.1851851852  0.1296296296  0.0000000000
  C  0.2037037037  0.1481481481  0.0000000000
  C  0.1851851852  0.1851851852  0.0000000000
  C  0.2037037037  0.2037037037  0.0000000000
  C  0.1851851852  0.2407407407  0.0000000000
  C  0.2037037037  0.2592592593  0.0000000000
  C  0.1851851852  0.2962962963  0.0000000000
  C  0.2037037037  0.3148148148  0.0000000000
  C  0.1851851852  0.3518518519  0.0000000000
  C  0.2037037037  0.3703703704  0.0000000000
  C  0.1851851852  0.4074074074  0.0000000000
  C  0.2037037037  0.4259259259  0.0000000000
  C  0.1851851852  0.4629629630  0.0000000000
  C  0.2037037037  0.4814814815  0.0000000000
  C  0.1851851852  0.5185185185  0.0000000000
  C  0.2037037037  0.5370370370  0.0000000000
  C  0.1851851852  0.5740740741  0.0000000000
  C  0.2037037037  0.5925925926  0.0000000000
  C  0.1851851852  0.6296296296  0.0000000000
  C  0.2037037037  0.6481481481  0.0000000000
  C  0.1851851852  0.6851851852  0.0000000000
  C  0.2037037037  0.7037037037  0.0000000000
  C  0.1851851852  0.7407407407  0.0000000000
  C  0.2037037037  0.7592592593  0.0000000000
  C  0.1851851852  0.7962962963  0.0000000000
  C  0.2037037037  0.8148148148  0.0000000000
  C  0.1851851852  0.8518518519  0.0000000000
  C  0.2037037037  0.8703703704  0.0000000000
  C  0.1851851852  0.9074074074  0.0000000000
  C  0.2037037037  0.9259259259  0.0000000000
  C  0.1851851852  0.9629629630  0.0000000000
  C  0.2037037037  0.9814814815  0.0000000000
  C  0.2407407407  0.0185185185  0.0000000000
  C  0.2592592593  0.0370370370  0.0000000000
  C  0.2407407407  0.0740740741  0.0000000000
  C  0.2592592593  0.0925925926  0.0000000000
  C  0.2407407407  0.1296296296  0.0000000000
  C  0.2592592593  0.1481481481  0.0000000000
  C  0.2407407407  0.1851851852  0.0000000000
  C  0.2592592593  0.2037037037  0.0000000000
  C  0.2407407407  0.2407407407  0.0000000000
  C  0.2592592593  0.2592592593  0.0000000000
  C  0.2407407407  0.2962962963  0.0000000000
  C  0.2592592593  0.3148148148  0.0000000000
  C  0.2407407407  0.3518518519  0.0000000000
  C  0.2592592593  0.3703703704  0.0000000000
  C  0.2407407407  0.4074074074  0.0000000000
  C  0.2592592593  0.4259259259  0.0000000000
  C  0.2407407407  0.4629629630  0.0000000000
  C  0.2592592593  0.4814814815  0.0000000000
  C  0.2407407407  0.5185185185  0.0000000000
  C  0.2592592593  0.5370370370  0.0000000000
  C  0.2407407407  0.5740740741  0.0000000000
  C  0.2592592593  0.5925925926  0.0000000000
  C  0.2407407407  0.6296296296  0.0000000000
  C  0.2592592593  0.6481481481  0.0000000000
  C  0.2407407407  0.6851851852  0.0000000000
  C  0.2592592593  0.7037037037  0.0000000000
  C  0.2407407407  0.7407407407  0.0000000000
  C  0.2592592593  0.7592592593  0.0000000000
  C  0.2407407407  0.7962962963  0.0000000000
  C  0.2592592593  0.8148148148  0.0000000000
  C  0.2407407407  0.8518518519  0.0000000000
  C  0.2592592593  0.8703703704  0.0000000000
  C  0.2407407407  0.9074074074  0.0000000000
  C  0.2592592593  0.9259259259  0.0000000000
  C  0.2407407407  0.9629629630  0.0000000000
  C  0.2592592593  0.9814814815  0.0000000000
  C  0.2962962963  0.0185185185  0.0000000000
  C  0.3148148148  0.0370370370  0.0000000000
  C  0.2962962963  0.0740740741  0.0000000000
  C  0.3148148148  0.0925925926  0.0000000000
  C  0.2962962963  0.1296296296  0.0000000000
  C  0.3148148148  0.1481481481  0.0000000000
  C  0.2962962963  0.1851851852  0.0000000000
  C  0.3148148148  0.2037037037  0.0000000000
  C  0.2962962963  0.2407407407  0.0000000000
  C  0.3148148148  0.2592592593  0.0000000000
  C  0.2962962963  0.2962962963  0.0000000000
  C  0.3148148148  0.3148148148  0.0000000000
  C  0.2962962963  0.3518518519  0.0000000000
  C  0.3148148148  0.3703703704  0.0000000000
  C  0.2962962963  0.4074074074  0.0000000000
  C  0.3148148148  0.4259259259  0.0000000000
  C  0.2962962963  0.4629629630  0.0000000000
  C  0.3148148148  0.4814814815  0.0000000000
  C  0.2962962963  0.5185185185  0.0000000000
  C  0.3148148148  0.5370370370  0.0000000000
  C  0.2962962963  0.5740740741  0.0000000000
  C  0.3148148148  0.5925925926  0.0000000000
  C  0.2962962963  0.6296296296  0.0000000000
  C  0.3148148148  0.6481481481  0.0000000000
  C  0.2962962963  0.6851851852  0.0000000000
  C  0.3148148148  0.7037037037  0.0000000000
  C  0.2962962963  0.7407407407  0.0000000000
  C  0.3148148148  0.7592592593  0.0000000000
  C  0.2962962963  0.7962962963  0.0000000000
  C  0.3148148148  0.8148148148  0.0000000000
  C  0.2962962963  0.8518518519  0.0000000000
  C  0.3148148148  0.8703703704  0.0000000000
  C  0.2962962963  0.9074074074  0.0000000000
  C  0.3148148148  0.9259259259  0.0000000000
  C  0.2962962963  0.9629629630  0.0000000000
  C  0.3148148148  0.9814814815  0.0000000000
  C  0.3518518519  0.0185185185  0.0000000000
  C  0.3703703704  0.0370370370  0.0000000000
  C  0.3518518519  0.0740740741  0.0000000000
  C  0.3703703704  0.0925925926  0.0000000000
  C  0.3518518519  0.1296296296  0.0000000000
  C  0.3703703704  0.1481481481  0.0000000000
  C  0.3518518519  0.1851851852  0.0000000000
  C  0.3703703704  0.2037037037  0.0000000000
  C  0.3518518519  0.2407407407  0.0000000000
  C  0.3703703704  0.2592592593  0.0000000000
  C  0.3518518519  0.2962962963  0.0000000000
  C  0.3703703704  0.3148148148  0.0000000000
  C  0.3518518519  0.3518518519  0.0000000000
  C  0.3703703704  0.3703703704  0.0000000000
  C  0.3518518519  0.4074074074  0.0000000000
  C  0.3703703704  0.4259259259  0.0000000000
  C  0.3518518519  0.4629629630  0.0000000000
  C  0.3703703704  0.4814814815  0.0000000000
  C  0.3518518519  0.5185185185  0.0000000000
  C  0.3703703704  0.5370370370  0.0000000000
  C  0.3518518519  0.5740740741  0.0000000000
  C  0.3703703704  0.5925925926  0.0000000000
  C  0.3518518519  0.6296296296  0.0000000000
  C  0.3703703704  0.6481481481  0.0000000000
  C  0.3518518519  0.6851851852  0.0000000000
  C  0.3703703704  0.7037037037  0.0000000000
  C  0.3518518519  0.7407407407  0.0000000000
  C  0.3703703704  0.7592592593  0.0000000000
  C  0.3518518519  0.7962962963  0.0000000000
  C  0.3703703704  0.8148148148  0.0000000000
  C  0.3518518519  0.8518518519  0.0000000000
  C  0.3703703704  0.8703703704  0.0000000000
  C  0.3518518519  0.9074074074  0.0000000000
  C  0.3703703704  0.9259259259  0.0000000000
  C  0.3518518519  0.9629629630  0.0000000000
  C  0.3703703704  0.9814814815  0.0000000000
  C  0.4074074074  0.0185185185  0.0000000000
  C  0.4259259259  0.0370370370  0.0000000000
  C  0.4074074074  0.0740740741  0.0000000000
  C  0.4259259259  0.0925925926  0.0000000000
  C  0.4074074074  0.1296296296  0.0000000000
  C  0.4259259259  0.1481481481  0.0000000000
  C  0.4074074074  0.1851851852  0.0000000000
  C  0.4259259259  0.2037037037  0.0000000000
  C  0.4074074074  0.2407407407  0.0000000000
  C  0.4259259259  0.2592592593  0.0000000000
  C  0.4074074074  0.2962962963  0.0000000000
  C  0.4259259259  0.3148148148  0.0000000000
  C  0.4074074074  0.3518518519  0.0000000000
  C  0.4259259259  0.3703703704  0.0000000000
  C  0.4074074074  0.4074074074  0.0000000000
  C  0.4259259259  0.4259259259  0.0000000000
  C  0.4074074074  0.4629629630  0.0000000000
  C  0.4259259259  0.4814814815  0.0000000000
  C  0.4074074074  0.5185185185  0.0000000000
  C  0.4259259259  0.5370370370  0.0000000000
  C  0.4074074074  0.5740740741  0.0000000000
  C  0.4259259259  0.5925925926  0.0000000000
  C  0.4074074074  0.6296296296  0.0000000000
  C  0.4259259259  0.6481481481  0.0000000000
  C  0.4074074074  0.6851851852  0.0000000000
  C  0.4259259259  0.7037037037  0.0000000000
  C  0.4074074074  0.7407407407  0.0000000000
  C  0.4259259259  0.7592592593  0.0000000000
  C  0.4074074074  0.7962962963  0.0000000000
  C  0.4259259259  0.8148148148  0.0000000000
  C  0.4074074074  0.8518518519  0.0000000000
  C  0.4259259259  0.8703703704  0.0000000000
  C  0.4074074074  0.9074074074  0.0000000000
  C  0.4259259259  0.9259259259  0.0000000000
  C  0.4074074074  0.9629629630  0.0000000000
  C  0.4259259259  0.9814814815  0.0000000000
  C  0.4629629630  0.0185185185  0.0000000000
  C  0.4814814815  0.0370370370  0.0000000000
  C  0.4629629630  0.0740740741  0.0000000000
  C  0.4814814815  0.0925925926  0.0000000000
  C  0.4629629630  0.1296296296  0.0000000000
  C  0.4814814815  0.1481481481  0.0000000000
  C  0.4629629630  0.1851851852  0.0000000000
  C  0.4814814815  0.2037037037  0.0000000000
  C  0.4629629630  0.2407407407  0.0000000000
  C  0.4814814815  0.2592592593  0.0000000000
  C  0.4629629630  0.2962962963  0.0000000000
  C  0.4814814815  0.3148148148  0.0000000000
  C  0.4629629630  0.3518518519  0.0000000000
  C  0.4814814815  0.3703703704  0.0000000000
  C  0.4629629630  0.4074074074  0.0000000000
  C  0.4814814815  0.4259259259  0.0000000000
  C  0.4629629630  0.4629629630  0.0000000000
  C  0.4814814815  0.4814814815  0.0000000000
  C  0.4629629630  0.5185185185  0.0000000000
  C  0.4814814815  0.5370370370  0.0000000000
  C  0.4629629630  0.5740740741  0.0000000000
  C  0.4814814815  0.5925925926  0.0000000000
  C  0.4629629630  0.6296296296  0.0000000000
  C  0.4814814815  0.6481481481  0.0000000000
  C  0.4629629630  0.6851851852  0.0000000000
  C  0.4814814815  0.7037037037  0.0000000000
  C  0.4629629630  0.7407407407  0.0000000000
  C  0.4814814815  0.7592592593  0.0000000000
  C  0.4629629630  0.7962962963  0.0000000000
  C  0.4814814815  0.8148148148  0.0000000000
  C  0.4629629630  0.8518518519  0.0000000000
  C  0.4814814815  0.8703703704  0.0000000000
  C  0.4629629630  0.9074074074  0.0000000000
  C  0.4814814815  0.9259259259  0.0000000000
  C  0.4629629630  0.9629629630  0.0000000000
  C  0.4814814815  0.9814814815  0.0000000000
  C  0.5185185185  0.0185185185  0.0000000000
  C  0.5370370370  0.0370370370  0.0000000000
  C  0.5185185185  0.0740740741  0.0000000000
  C  0.5370370370  0.0925925926  0.0000000000
  C  0.5185185185  0.1296296296  0.0000000000
  C  0.5370370370  0.1481481481  0.0000000000
  C  0.5185185185  0.1851851852  0.0000000000
  C  0.5370370370  0.2037037037  0.0000000000
  C  0.5185185185  0.2407407407  0.0000000000
  C  0.5370370370  0.2592592593  0.0000000000
  C  0.5185185185  0.2962962963  0.0000000000
  C  0.5370370370  0.3148148148  0.0000000000
  C  0.5185185185  0.3518518519  0.0000000000
  C  0.5370370370  0.3703703704  0.0000000000
  C  0.5185185185  0.4074074074  0.0000000000
  C  0.5370370370  0.4259259259  0.0000000000
  C  0.5185185185  0.4629629630  0.0000000000
  C  0.5370370370  0.4814814815  0.0000000000
  C  0.5185185185  0.5185185185  0.0000000000
  C  0.5370370370  0.5370370370  0.0000000000
  C  0.5185185185  0.5740740741  0.0000000000
  C  0.5370370370  0.5925925926  0.0000000000
  C  0.5185185185  0.6296296296  0.0000000000
  C  0.5370370370  0.6481481481  0.0000000000
  C  0.5185185185  0.6851851852  0.0000000000
  C  0.5370370370  0.7037037037  0.0000000000
  C  0.5185185185  0.7407407407  0.0000000000
  C  0.5370370370  0.7592592593  0.0000000000
  C  0.5185185185  0.7962962963  0.0000000000
  C  0.5370370370  0.8148148148  0.0000000000
  C  0.5185185185  0.8518518519  0.0000000000
  C  0.5370370370  0.8703703704  0.0000000000
  C  0.5185185185  0.9074074074  0.0000000000
  C  0.5370370370  0.9259259259  0.0000000000
  C  0.5185185185  0.9629629630  0.0000000000
  C  0.5370370370  0.9814814815  0.0000000000
  C  0.5740740741  0.0185185185  0.0000000000
  C  0.5925925926  0.0370370370  0.0000000000
  C  0.5740740741  0.0740740741  0.0000000000
  C  0.5925925926  0.0925925926  0.0000000000
  C  0.5740740741  0.1296296296  0.0000000000
  C  0.5925925926  0.1481481481  0.0000000000
  C  0.5740740741  0.1851851852  0.0000000000
  C  0.5925925926  0.2037037037  0.0000000000
  C  0.5740740741  0.2407407407  0.0000000000
  C  0.5925925926  0.2592592593  0.0000000000
  C  0.5740740741  0.2962962963  0.0000000000
  C  0.5925925926  0.3148148148  0.0000000000
  C  0.5740740741  0.3518518519  0.0000000000
  C  0.5925925926  0.3703703704  0.0000000000
  C  0.5740740741  0.4074074074  0.0000000000
  C  0.5925925926  0.4259259259  0.0000000000
  C  0.5740740741  0.4629629630  0.0000000000
  C  0.5925925926  0.4814814815  0.0000000000
  C  0.5740740741  0.5185185185  0.0000000000
  C  0.5925925926  0.5370370370  0.0000000000
  C  0.5740740741  0.5740740741  0.0000000000
  C  0.5925925926  0.5925925926  0.0000000000
  C  0.5740740741  0.6296296296  0.0000000000
  C  0.5925925926  0.6481481481  0.0000000000
  C  0.5740740741  0.6851851852  0.0000000000
  C  0.5925925926  0.7037037037  0.0000000000
  C  0.5740740741  0.7407407407  0.0000000000
  C  0.5925925926  0.7592592593  0.0000000000
  C  0.5740740741  0.7962962963  0.0000000000
  C  0.5925925926  0.8148148148  0.0000000000
  C  0.5740740741  0.8518518519  0.0000000000
  C  0.5925925926  0.8703703704  0.0000000000
  C  0.5740740741  0.9074074074  0.0000000000
  C  0.5925925926  0.9259259259  0.0000000000
  C  0.5740740741  0.9629629630  0.0000000000
  C  0.5925925926  0.9814814815  0.0000000000
  C  0.6296296296  0.0185185185  0.0000000000
  C  0.6481481481  0.0370370370  0.0000000000
  C  0.6296296296  0.0740740741  0.0000000000
  C  0.6481481481  0.0925925926  0.0000000000
  C  0.6296296296  0.1296296296  0.0000000000
  C  0.6481481481  0.1481481481  0.0000000000
  C  0.6296296296  0.1851851852  0.0000000000
  C  0.6481481481  0.2037037037  0.0000000000
  C  0.6296296296  0.2407407407  0.0000000000
  C  0.6481481481  0.2592592593  0.0000000000
  C  0.6296296296  0.2962962963  0.0000000000
  C  0.6481481481  0.3148148148  0.0000000000
  C  0.6296296296  0.3518518519  0.0000000000
  C  0.6481481481  0.3703703704  0.0000000000
  C  0.6296296296  0.4074074074  0.0000000000
  C  0.6481481481  0.4259259259  0.0000000000
  C  0.6296296296  0.4629629630  0.0000000000
  C  0.6481481481  0.4814814815  0.0000000000
  C  0.6296296296  0.5185185185  0.0000000000
  C  0.6481481481  0.5370370370  0.0000000000
  C  0.6296296296  0.5740740741  0.0000000000
  C  0.6481481481  0.5925925926  0.0000000000
  C  0.6296296296  0.6296296296  0.0000000000
  C  0.6481481481  0.6481481481  0.0000000000
  C  0.6296296296  0.6851851852  0.0000000000
  C  0.6481481481  0.7037037037  0.0000000000
  C  0.6296296296  0.7407407407  0.0000000000
  C  0.6481481481  0.7592592593  0.0000000000
  C  0.6296296296  0.7962962963  0.0000000000
  C  0.6481481481  0.8148148148  0.0000000000
  C  0.6296296296  0.8518518519  0.0000000000
  C  0.6481481481  0.8703703704  0.0000000000
  C  0.6296296296  0.9074074074  0.0000000000
  C  0.6481481481  0.9259259259  0.0000000000
  C  0.6296296296  0.9629629630  0.0000000000
  C  0.6481481481  0.9814814815  0.0000000000
  C  0.6851851852  0.0185185185  0.0000000000
  C  0.7037037037  0.0370370370  0.0000000000
  C  0.6851851852  0.0740740741  0.0000000000
  C  0.7037037037  0.0925925926  0.0000000000
  C  0.6851851852  0.1296296296  0.0000000000
  C  0.7037037037  0.1481481481  0.0000000000
  C  0.6851851852  0.1851851852  0.0000000000
  C  0.7037037037  0.2037037037  0.0000000000
  C  0.6851851852  0.2407407407  0.0000000000
  C  0.7037037037  0.2592592593  0.0000000000
  C  0.6851851852  0.2962962963  0.0000000000
  C  0.7037037037  0.3148148148  0.0000000000
  C  0.6851851852  0.3518518519  0.0000000000
  C  0.7037037037  0.3703703704  0.0000000000
  C  0.6851851852  0.4074074074  0.0000000000
  C  0.7037037037  0.4259259259  0.0000000000
  C  0.6851851852  0.4629629630  0.0000000000
  C  0.7037037037  0.4814814815  0.0000000000
  C  0.6851851852  0.5185185185  0.0000000000
  C  0.7037037037  0.5370370370  0.0000000000
  C  0.6851851852  0.5740740741  0.0000000000
  C  0.7037037037  0.5925925926  0.0000000000
  C  0.6851851852  0.6296296296  0.0000000000
  C  0.7037037037  0.6481481481  0.0000000000
  C  0.6851851852  0.6851851852  0.0000000000
  C  0.7037037037  0.7037037037  0.0000000000
  C  0.6851851852  0.7407407407  0.0000000000
  C  0.7037037037  0.7592592593  0.0000000000
  C  0.6851851852  0.7962962963  0.0000000000
  C  0.7037037037  0.8148148148  0.0000000000
  C  0.6851851852  0.8518518519  0.0000000000
  C  0.7037037037  0.8703703704  0.0000000000
  C  0.6851851852  0.9074074074  0.0000000000
  C  0.7037037037  0.9259259259  0.0000000000
  C  0.6851851852  0.9629629630  0.0000000000
  C  0.7037037037  0.9814814815  0.0000000000
  C  0.7407407407  0.0185185185  0.0000000000
  C  0.7592592593  0.0370370370  0.0000000000
  C  0.7407407407  0.0740740741  0.0000000000
  C  0.7592592593  0.0925925926  0.0000000000
  C  0.7407407407  0.1296296296  0.0000000000
  C  0.7592592593  0.1481481481  0.0000000000
  C  0.7407407407  0.1851851852  0.0000000000
  C  0.7592592593  0.2037037037  0.0000000000
  C  0.7407407407  0.2407407407  0.0000000000
  C  0.7592592593  0.2592592593  0.0000000000
  C  0.7407407407  0.2962962963  0.0000000000
  C  0.7592592593  0.3148148148  0.0000000000
  C  0.7407407407  0.3518518519  0.0000000000
  C  0.7592592593  0.3703703704  0.0000000000
  C  0.7407407407  0.4074074074  0.0000000000
  C  0.7592592593  0.4259259259  0.0000000000
  C  0.7407407407  0.4629629630  0.0000000000
  C  0.7592592593  0.4814814815  0.0000000000
  C  0.7407407407  0.5185185185  0.0000000000
  C  0.7592592593  0.5370370370  0.0000000000
  C  0.7407407407  0.5740740741  0.0000000000
  C  0.7592592593  0.5925925926  0.0000000000
  C  0.7407407407  0.6296296296  0.0000000000
  C  0.7592592593  0.6481481481  0.0000000000
  C  0.7407407407  0.6851851852  0.0000000000
  C  0.7592592593  0.7037037037  0.0000000000
  C  0.7407407407  0.7407407407  0.0000000000
  C  0.7592592593  0.7592592593  0.0000000000
  C  0.7407407407  0.7962962963  0.0000000000
  C  0.7592592593  0.8148148148  0.0000000000
  C  0.7407407407  0.8518518519  0.0000000000
  C  0.7592592593  0.8703703704  0.0000000000
  C  0.7407407407  0.9074074074  0.0000000000
  C  0.7592592593  0.9259259259  0.0000000000
  C  0.7407407407  0.9629629630  0.0000000000
  C  0.7592592593  0.9814814815  0.0000000000
  C  0.7962962963  0.0185185185  0.0000000000
  C  0.8148148148  0.0370370370  0.0000000000
  C  0.7962962963  0.0740740741  0.0000000000
  C  0.8148148148  0.0925925926  0.0000000000
  C  0.7962962963  0.1296296296  0.0000000000
  C  0.8148148148  0.1481481481  0.0000000000
  C  0.7962962963  0.1851851852  0.0000000000
  C  0.8148148148  0.2037037037  0.0000000000
  C  0.7962962963  0.2407407407  0.0000000000
  C  0.8148148148  0.2592592593  0.0000000000
  C  0.7962962963  0.2962962963  0.0000000000
  C  0.8148148148  0.3148148148  0.0000000000
  C  0.7962962963  0.3518518519  0.0000000000
  C  0.8148148148  0.3703703704  0.0000000000
  C  0.7962962963  0.4074074074  0.0000000000
  C  0.8148148148  0.4259259259  0.0000000000
  C  0.7962962963  0.4629629630  0.0000000000
  C  0.8148148148  0.4814814815  0.0000000000
  C  0.7962962963  0.5185185185  0.0000000000
  C  0.8148148148  0.5370370370  0.0000000000
  C  0.7962962963  0.5740740741  0.0000000000
  C  0.8148148148  0.5925925926  0.0000000000
  C  0.7962962963  0.6296296296  0.0000000000
  C  0.8148148148  0.6481481481  0.0000000000
  C  0.7962962963  0.6851851852  0.0000000000
  C  0.8148148148  0.7037037037  0.0000000000
  C  0.7962962963  0.7407407407  0.0000000000
  C  0.8148148148  0.7592592593  0.0000000000
  C  0.7962962963  0.7962962963  0.0000000000
  C  0.8148148148  0.8148148148  0.0000000000
  C  0.7962962963  0.8518518519  0.0000000000
  C  0.8148148148  0.8703703704  0.0000000000
  C  0.7962962963  0.9074074074  0.0000000000
  C  0.8148148148  0.9259259259  0.0000000000
  C  0.7962962963  0.9629629630  0.0000000000
  C  0.8148148148  0.9814814815  0.0000000000
  C  0.8518518519  0.0185185185  0.0000000000
  C  0.8703703704  0.0370370370  0.0000000000
  C  0.8518518519  0.0740740741  0.0000000000
  C  0.8703703704  0.0925925926  0.0000000000
  C  0.8518518519  0.1296296296  0.0000000000
  C  0.8703703704  0.1481481481  0.0000000000
  C  0.8518518519  0.1851851852  0.0000000000
  C  0.8703703704  0.2037037037  0.0000000000
  C  0.8518518519  0.2407407407  0.0000000000
  C  0.8703703704  0.2592592593  0.0000000000
  C  0.8518518519  0.2962962963  0.0000000000
  C  0.8703703704  0.3148148148  0.0000000000
  C  0.8518518519  0.3518518519  0.0000000000
  C  0.8703703704  0.3703703704  0.0000000000
  C  0.8518518519  0.4074074074  0.0000000000
  C  0.8703703704  0.4259259259  0.0000000000
  C  0.8518518519  0.4629629630  0.0000000000
  C  0.8703703704  0.4814814815  0.0000000000
  C  0.8518518519  0.5185185185  0.0000000000
  C  0.8703703704  0.5370370370  0.0000000000
  C  0.8518518519  0.5740740741  0.0000000000
  C  0.8703703704  0.5925925926  0.0000000000
  C  0.8518518519  0.6296296296  0.0000000000
  C  0.8703703704  0.6481481481  0.0000000000
  C  0.8518518519  0.6851851852  0.0000000000
  C  0.8703703704  0.7037037037  0.0000000000
  C  0.8518518519  0.7407407407  0.0000000000
  C  0.8703703704  0.7592592593  0.0000000000
  C  0.8518518519  0.7962962963  0.0000000000
  C  0.8703703704  0.8148148148  0.0000000000
  C  0.8518518519  0.8518518519  0.0000000000
  C  0.8703703704  0.8703703704  0.0000000000
  C  0.8518518519  0.9074074074  0.0000000000
  C  0.8703703704  0.9259259259  0.0000000000
  C  0.8518518519  0.9629629630  0.0000000000
  C  0.8703703704  0.9814814815  0.0000000000
  C  0.9074074074  0.0185185185  0.0000000000
  C  0.9259259259  0.0370370370  0.0000000000
  C  0.9074074074  0.0740740741  0.0000000000
  C  0.9259259259  0.0925925926  0.0000000000
  C  0.9074074074  0.1296296296  0.0000000000
  C  0.9259259259  0.1481481481  0.0000000000
  C  0.9074074074  0.1851851852  0.0000000000
  C  0.9259259259  0.2037037037  0.0000000000
  C  0.9074074074  0.2407407407  0.0000000000
  C  0.9259259259  0.2592592593  0.0000000000
  C  0.9074074074  0.2962962963  0.0000000000
  C  0.9259259259  0.3148148148  0.0000000000
  C  0.9074074074  0.3518518519  0.0000000000
  C  0.9259259259  0.3703703704  0.0000000000
  C  0.9074074074  0.4074074074  0.0000000000
  C  0.9259259259  0.4259259259  0.0000000000
  C  0.9074074074  0.4629629630  0.0000000000
  C  0.9259259259  0.4814814815  0.0000000000
  C  0.9074074074  0.5185185185  0.0000000000
  C  0.9259259259  0.5370370370  0.0000000000
  C  0.9074074074  0.5740740741  0.0000000000
  C  0.9259259259  0.5925925926  0.0000000000
  C  0.9074074074  0.6296296296  0.0000000000
  C  0.9259259259  0.6481481481  0.0000000000
  C  0.9074074074  0.6851851852  0.0000000000
  C  0.9259259259  0.7037037037  0.0000000000
  C  0.9074074074  0.7407407407  0.0000000000
  C  0.9259259259  0.7592592593  0.0000000000
  C  0.9074074074  0.7962962963  0.0000000000
  C  0.9259259259  0.8148148148  0.0000000000
  C  0.9074074074  0.8518518519  0.0000000000
  C  0.9259259259  0.8703703704  0.0000000000
  C  0.9074074074  0.9074074074  0.0000000000
  C  0.9259259259  0.9259259259  0.0000000000
  C  0.9074074074  0.9629629630  0.0000000000
  C  0.9259259259  0.9814814815  0.0000000000
  C  0.9629629630  0.0185185185  0.0000000000
  C  0.9814814815  0.0370370370  0.0000000000
  C  0.9629629630  0.0740740741  0.0000000000
  C  0.9814814815  0.0925925926  0.0000000000
  C  0.9629629630  0.1296296296  0.0000000000
  C  0.9814814815  0.1481481481  0.0000000000
  C  0.9629629630  0.1851851852  0.0000000000
  C  0.9814814815  0.2037037037  0.0000000000
  C  0.9629629630  0.2407407407  0.0000000000
  C  0.9814814815  0.2592592593  0.0000000000
  C  0.9629629630  0.2962962963  0.0000000000
  C  0.9814814815  0.3148148148  0.0000000000
  C  0.9629629630  0.3518518519  0.0000000000
  C  0.9814814815  0.3703703704  0.0000000000
  C  0.9629629630  0.4074074074  0.0000000000
  C  0.9814814815  0.4259259259  0.0000000000
  C  0.9629629630  0.4629629630  0.0000000000
  C  0.9814814815  0.4814814815  0.0000000000
  C  0.9629629630  0.5185185185  0.0000000000
  C  0.9814814815  0.5370370370  0.0000000000
  C  0.9629629630  0.5740740741  0.0000000000
  C  0.9814814815  0.5925925926  0.0000000000
  C  0.9629629630  0.6296296296  0.0000000000
  C  0.9814814815  0.6481481481  0.0000000000
  C  0.9629629630  0.6851851852  0.0000000000
  C  0.9814814815  0.7037037037  0.0000000000
  C  0.9629629630  0.7407407407  0.0000000000
  C  0.9814814815  0.7592592593  0.0000000000
  C  0.9629629630  0.7962962963  0.0000000000
  C  0.9814814815  0.8148148148  0.0000000000
  C  0.9629629630  0.8518518519  0.0000000000
  C  0.9814814815  0.8703703704  0.0000000000
  C  0.9629629630  0.9074074074  0.0000000000
  C  0.9814814815  0.9259259259  0.0000000000
  C  0.9629629630  0.9629629630  0.0000000000
  C  0.9814814815  0.9814814815  0.0000000000

K_POINTS gamma