  0.20000000E+00  0.19211351E+03 -0.10464511E+02
  0.21000000E+00  0.19215836E+03 -0.10692877E+02
  0.22000000E+00  0.19220537E+03 -0.10930952E+02
  0.23000000E+00  0.19225457E+03 -0.11177833E+02
  0.24000000E+00  0.19230598E+03 -0.11432697E+02
  0.25000000E+00  0.19235961E+03 -0.11694892E+02
  0.26000000E+00  0.19241545E+03 -0.11963677E+02
  0.27000000E+00  0.19247352E+03 -0.12238580E+02
  0.28000000E+00  0.19253380E+03 -0.12518999E+02
  0.29000000E+00  0.19259632E+03 -0.12804511E+02
  0.30000000E+00  0.19266106E+03 -0.13094724E+02
  0.31000000E+00  0.19272804E+03 -0.13389180E+02
  0.32000000E+00  0.19279726E+03 -0.13687682E+02
  0.33000000E+00  0.19286872E+03 -0.13989772E+02
  0.34000000E+00  0.19294242E+03 -0.14295320E+02
  0.35000000E+00  0.19301838E+03 -0.14603993E+02
  0.36000000E+00  0.19309659E+03 -0.14915586E+02
  0.37000000E+00  0.19317707E+03 -0.15229964E+02
  0.38000000E+00  0.19325981E+03 -0.15546816E+02
  0.39000000E+00  0.19334482E+03 -0.15866142E+02
  0.40000000E+00  0.19343211E+03 -0.16187635E+02
  0.41000000E+00  0.19352167E+03 -0.16511271E+02
  0.42000000E+00  0.19361353E+03 -0.16836884E+02
  0.43000000E+00  0.19370767E+03 -0.17164328E+02
  0.44000000E+00  0.19380411E+03 -0.17493592E+02
  0.45000000E+00  0.19390285E+03 -0.17824458E+02
  0.46000000E+00  0.19400391E+03 -0.18156953E+02
  0.47000000E+00  0.19410727E+03 -0.18490928E+02
  0.48000000E+00  0.19421296E+03 -0.18826313E+02
  0.49000000E+00  0.19432097E+03 -0.19163099E+02
  0.50000000E+00  0.19443132E+03 -0.19501126E+02
  0.51000000E+00  0.19454401E+03 -0.19840436E+02
  0.52000000E+00  0.19465904E+03 -0.20180912E+02
  0.53000000E+00  0.19477643E+03 -0.20522505E+02
  0.54000000E+00  0.19489618E+03 -0.20865241E+02
  0.55000000E+00  0.19501829E+03 -0.21208951E+02
  0.56000000E+00  0.19514278E+03 -0.21553741E+02
  0.57000000E+00  0.19526965E+03 -0.21899456E+02
  0.58000000E+00  0.19539891E+03 -0.22246117E+02
  0.59000000E+00  0.19553057E+03 -0.22593720E+02
  0.60000000E+00  0.19566463E+03 -0.22942135E+02
  0.61000000E+00  0.19580110E+03 -0.23291477E+02
  0.62000000E+00  0.19593999E+03 -0.23641583E+02
  0.63000000E+00  0.19608132E+03 -0.23992519E+02
  0.64000000E+00  0.19622508E+03 -0.24344250E+02
  0.65000000E+00  0.19637128E+03 -0.24696692E+02
  0.66000000E+00  0.19651994E+03 -0.25049939E+02
  0.67000000E+00  0.19667106E+03 -0.25403857E+02
  0.68000000E+00  0.19682466E+03 -0.25758501E+02
  0.69000000E+00  0.19698073E+03 -0.26113860E+02
  0.70000000E+00  0.19713930E+03 -0.26469836E+02
  0.71000000E+00  0.19730036E+03 -0.26826552E+02
  0.72000000E+00  0.19746393E+03 -0.27183854E+02
  0.73000000E+00  0.19763002E+03 -0.27541826E+02
  0.74000000E+00  0.19779864E+03 -0.27900442E+02
  0.75000000E+00  0.19796979E+03 -0.28259620E+02
  0.76000000E+00  0.19814350E+03 -0.28619483E+02
  0.77000000E+00  0.19831976E+03 -0.28979880E+02
  0.78000000E+00  0.19849859E+03 -0.29340899E+02
  0.79000000E+00  0.19868000E+03 -0.29702519E+02
  0.80000000E+00  0.19886399E+03 -0.30064659E+02
  0.81000000E+00  0.19905059E+03 -0.30427442E+02
  0.82000000E+00  0.19923980E+03 -0.30790730E+02
  0.83000000E+00  0.19943163E+03 -0.31154595E+02
  0.84000000E+00  0.19962609E+03 -0.31519043E+02
  0.85000000E+00  0.19982320E+03 -0.31883970E+02
  0.86000000E+00  0.20002296E+03 -0.32249522E+02
  0.87000000E+00  0.20022540E+03 -0.32615550E+02
  0.88000000E+00  0.20043051E+03 -0.32982131E+02
  0.89000000E+00  0.20063831E+03 -0.33349277E+02
  0.90000000E+00  0.20084882E+03 -0.33716881E+02
  0.91000000E+00  0.20106204E+03 -0.34085085E+02
  0.92000000E+00  0.20127799E+03 -0.34453764E+02
  0.93000000E+00  0.20149669E+03 -0.34822959E+02
  0.94000000E+00  0.20171813E+03 -0.35192726E+02
  0.95000000E+00  0.20194235E+03 -0.35562924E+02
  0.96000000E+00  0.20216934E+03 -0.35933713E+02
  0.97000000E+00  0.20239913E+03 -0.36304975E+02
  0.98000000E+00  0.20263173E+03 -0.36676730E+02
  0.99000000E+00  0.20286714E+03 -0.37049058E+02
  0.10000000E+01  0.20310539E+03 -0.37421811E+02
  0.10100000E+01  0.20334649E+03 -0.37795133E+02
  0.10200000E+01  0.20359045E+03 -0.38168948E+02
  0.10300000E+01  0.20383729E+03 -0.38543224E+02
  0.10400000E+01  0.20408702E+03 -0.38918087E+02
  0.10500000E+01  0.20433966E+03 -0.39293370E+02
  0.10600000E+01  0.20459522E+03 -0.39669204E+02
  0.10700000E+01  0.20485372E+03 -0.40045553E+02
  0.10800000E+01  0.20511516E+03 -0.40422342E+02
  0.10900000E+01  0.20537958E+03 -0.40799721E+02
  0.11000000E+01  0.20564697E+03 -0.41177537E+02
  0.11100000E+01  0.20591737E+03 -0.41555872E+02
  0.11200000E+01  0.20619078E+03 -0.41934758E+02
  0.11300000E+01  0.20646722E+03 -0.42314063E+02
  0.11400000E+01  0.20674671E+03 -0.42693961E+02
  0.11500000E+01  0.20702927E+03 -0.43074320E+02
  0.11600000E+01  0.20731490E+03 -0.43455168E+02
  0.11700000E+01  0.20760364E+03 -0.43836598E+02
  0.11800000E+01  0.20789549E+03 -0.44218446E+02
  0.11900000E+01  0.20819047E+03 -0.44600869E+02
  0.12000000E+01  0.20848860E+03 -0.44983799E+02
  0.12100000E+01  0.20878991E+03 -0.45367182E+02
  0.12200000E+01  0.20909440E+03 -0.45751175E+02
  0.12300000E+01  0.20940209E+03 -0.46135600E+02
  0.12400000E+01  0.20971301E+03 -0.46520571E+02
  0.12500000E+01  0.21002717E+03 -0.46906101E+02
  0.12600000E+01  0.21034460E+03 -0.47292062E+02
  0.12700000E+01  0.21066530E+03 -0.47678637E+02
  0.12800000E+01  0.21098931E+03 -0.48065688E+02
  0.12900000E+01  0.21131664E+03 -0.48453242E+02
  0.13000000E+01  0.21164731E+03 -0.48841405E+02
  0.13100000E+01  0.21198134E+03 -0.49229998E+02
  0.13200000E+01  0.21231876E+03 -0.49619186E+02
  0.13300000E+01  0.21265958E+03 -0.50008913E+02
  0.13400000E+01  0.21300382E+03 -0.50399102E+02
  0.13500000E+01  0.21335151E+03 -0.50789931E+02
  0.13600000E+01  0.21370266E+03 -0.51181223E+02
  0.13700000E+01  0.21405731E+03 -0.51573066E+02
  0.13800000E+01  0.21441546E+03 -0.51965517E+02
  0.13900000E+01  0.21477715E+03 -0.52358411E+02
  0.14000000E+01  0.21514240E+03 -0.52751942E+02
  0.14100000E+01  0.21551123E+03 -0.53146001E+02
  0.14200000E+01  0.21588366E+03 -0.53540560E+02
  0.14300000E+01  0.21625972E+03 -0.53935779E+02
  0.14400000E+01  0.21663944E+03 -0.54331462E+02
  0.14500000E+01  0.21702283E+03 -0.54727741E+02
  0.14600000E+01  0.21740991E+03 -0.55124633E+02
  0.14700000E+01  0.21780073E+03 -0.55521990E+02
  0.14800000E+01  0.21819530E+03 -0.55920018E+02
  0.14900000E+01  0.21859364E+03 -0.56318579E+02
  0.15000000E+01  0.21899579E+03 -0.56717675E+02
  0.15100000E+01  0.21940177E+03 -0.57117453E+02
  0.15200000E+01  0.21981160E+03 -0.57517709E+02
  0.15300000E+01  0.22022532E+03 -0.57918598E+02
  0.15400000E+01  0.22064295E+03 -0.58320116E+02
  0.15500000E+01  0.22106452E+03 -0.58722123E+02
  0.15600000E+01  0.22149006E+03 -0.59124834E+02
  0.15700000E+01  0.22191960E+03 -0.59528095E+02
  0.15800000E+01  0.22235316E+03 -0.59931921E+02
  0.15900000E+01  0.22279077E+03 -0.60336458E+02
  0.16000000E+01  0.22323248E+03 -0.60741495E+02
  0.16100000E+01  0.22367829E+03 -0.61147196E+02
  0.16200000E+01  0.22412826E+03 -0.61553555E+02
  0.16300000E+01  0.22458240E+03 -0.61960427E+02
  0.16400000E+01  0.22504076E+03 -0.62368036E+02
  0.16500000E+01  0.22550335E+03 -0.62776226E+02
  0.16600000E+01  0.22597022E+03 -0.63185002E+02
  0.16700000E+01  0.22644140E+03 -0.63594528E+02
  0.16800000E+01  0.22691692E+03 -0.64004584E+02
  0.16900000E+01  0.22739682E+03 -0.64415326E+02
  0.17000000E+01  0.22788113E+03 -0.64826772E+02
  0.17100000E+01  0.22836988E+03 -0.65238752E+02
  0.17200000E+01  0.22886312E+03 -0.65651500E+02
  0.17300000E+01  0.22936088E+03 -0.66064876E+02
  0.17400000E+01  0.22986319E+03 -0.66478853E+02
  0.17500000E+01  0.23037009E+03 -0.66893625E+02
  0.17600000E+01  0.23088162E+03 -0.67308966E+02
  0.17700000E+01  0.23139783E+03 -0.67725007E+02
  0.17800000E+01  0.23191874E+03 -0.68141811E+02
  0.17900000E+01  0.23244440E+03 -0.68559173E+02
  0.18000000E+01  0.23297485E+03 -0.68977329E+02
  0.18100000E+01  0.23351013E+03 -0.69396177E+02
  0.18200000E+01  0.23405028E+03 -0.69815635E+02
  0.18300000E+01  0.23459534E+03 -0.70235934E+02
  0.18400000E+01  0.23514537E+03 -0.70656857E+02
  0.18500000E+01  0.23570039E+03 -0.71078483E+02
  0.18600000E+01  0.23626046E+03 -0.71500941E+02
  0.18700000E+01  0.23682562E+03 -0.71923991E+02
  0.18800000E+01  0.23739592E+03 -0.72347846E+02
  0.18900000E+01  0.23797141E+03 -0.72772477E+02
  0.19000000E+01  0.23855212E+03 -0.73197725E+02
  0.19100000E+01  0.23913812E+03 -0.73623852E+02
  0.19200000E+01  0.23972944E+03 -0.74050681E+02
  0.19300000E+01  0.24032614E+03 -0.74478204E+02
  0.19400000E+01  0.24092828E+03 -0.74906629E+02
  0.19500000E+01  0.24153589E+03 -0.75335700E+02
  0.19600000E+01  0.24214904E+03 -0.75765570E+02
  0.19700000E+01  0.24276778E+03 -0.76196309E+02
  0.19800000E+01  0.24339216E+03 -0.76627687E+02
  0.19900000E+01  0.24402224E+03 -0.77059959E+02
  0.20000000E+01  0.24465807E+03 -0.77493035E+02
  0.20100000E+01  0.24529971E+03 -0.77926794E+02
  0.20200000E+01  0.24594722E+03 -0.78361506E+02
  0.20300000E+01  0.24660066E+03 -0.78796953E+02
  0.20400000E+01  0.24726009E+03 -0.79233170E+02
  0.20500000E+01  0.24792557E+03 -0.79670349E+02
  0.20600000E+01  0.24859717E+03 -0.80108216E+02
  0.20700000E+01  0.24927494E+03 -0.80546959E+02
  0.20800000E+01  0.24995895E+03 -0.80986624E+02
  0.20900000E+01  0.25064927E+03 -0.81426978E+02
  0.21000000E+01  0.25134596E+03 -0.81868299E+02
  0.21100000E+01  0.25204910E+03 -0.82310475E+02
  0.21200000E+01  0.25275875E+03 -0.82753389E+02
  0.21300000E+01  0.25347499E+03 -0.83197325E+02
  0.21400000E+01  0.25419787E+03 -0.83642046E+02
  0.21500000E+01  0.25492749E+03 -0.84087591E+02
  0.21600000E+01  0.25566392E+03 -0.84534167E+02
  0.21700000E+01  0.25640722E+03 -0.84981479E+02
  0.21800000E+01  0.25715748E+03 -0.85429719E+02
  0.21900000E+01  0.25791478E+03 -0.85878951E+02
  0.22000000E+01  0.25867919E+03 -0.86328914E+02
  0.22100000E+01  0.25945081E+03 -0.86779897E+02
  0.22200000E+01  0.26022971E+03 -0.87231805E+02
  0.22300000E+01  0.26101597E+03 -0.87684481E+02
  0.22400000E+01  0.26180970E+03 -0.88138239E+02
  0.22500000E+01  0.26261096E+03 -0.88592845E+02
  0.22600000E+01  0.26341986E+03 -0.89048298E+02
  0.22700000E+01  0.26423649E+03 -0.89504848E+02
  0.22800000E+01  0.26506093E+03 -0.89962186E+02
  0.22900000E+01  0.26589329E+03 -0.90420466E+02
  0.23000000E+01  0.26673366E+03 -0.90879816E+02
  0.23100000E+01  0.26758214E+03 -0.91339925E+02
  0.23200000E+01  0.26843883E+03 -0.91801071E+02
  0.23300000E+01  0.26930384E+03 -0.92263222E+02
  0.23400000E+01  0.27017726E+03 -0.92726145E+02
  0.23500000E+01  0.27105921E+03 -0.93190177E+02
  0.23600000E+01  0.27194980E+03 -0.93655131E+02
  0.23700000E+01  0.27284913E+03 -0.94120907E+02
  0.23800000E+01  0.27375733E+03 -0.94587826E+02
  0.23900000E+01  0.27467450E+03 -0.95055587E+02
  0.24000000E+01  0.27560076E+03 -0.95524247E+02
  0.24100000E+01  0.27653623E+03 -0.95994040E+02
  0.24200000E+01  0.27748104E+03 -0.96464611E+02
  0.24300000E+01  0.27843531E+03 -0.96936171E+02
  0.24400000E+01  0.27939916E+03 -0.97408811E+02
  0.24500000E+01  0.28037273E+03 -0.97882198E+02
  0.24600000E+01  0.28135615E+03 -0.98356652E+02
  0.24700000E+01  0.28234956E+03 -0.98832103E+02
  0.24800000E+01  0.28335308E+03 -0.99308305E+02
  0.24900000E+01  0.28436687E+03 -0.99785627E+02
  0.25000000E+01  0.28539107E+03 -0.10026385E+03
  0.25100000E+01  0.28642581E+03 -0.10074285E+03
  0.25200000E+01  0.28747125E+03 -0.10122299E+03
  0.25300000E+01  0.28852755E+03 -0.10170393E+03
  0.25400000E+01  0.28959485E+03 -0.10218571E+03
  0.25500000E+01  0.29067332E+03 -0.10266860E+03
  0.25600000E+01  0.29176311E+03 -0.10315220E+03
  0.25700000E+01  0.29286439E+03 -0.10363671E+03
  0.25800000E+01  0.29397733E+03 -0.10412226E+03
  0.25900000E+01  0.29510210E+03 -0.10460846E+03
  0.26000000E+01  0.29623887E+03 -0.10509562E+03
  0.26100000E+01  0.29738782E+03 -0.10558372E+03
  0.26200000E+01  0.29854914E+03 -0.10607243E+03
  0.26300000E+01  0.29972301E+03 -0.10656214E+03
  0.26400000E+01  0.30090961E+03 -0.10705266E+03
  0.26500000E+01  0.30210914E+03 -0.10754379E+03
  0.26600000E+01  0.30332180E+03 -0.10803592E+03
  0.26700000E+01  0.30454779E+03 -0.10852873E+03
  0.26800000E+01  0.30578732E+03 -0.10902214E+03
  0.26900000E+01  0.30704058E+03 -0.10951653E+03
  0.27000000E+01  0.30830781E+03 -0.11001145E+03
  0.27100000E+01  0.30958921E+03 -0.11050701E+03
  0.27200000E+01  0.31088501E+03 -0.11100347E+03
  0.27300000E+01  0.31219544E+03 -0.11150032E+03
  0.27400000E+01  0.31352072E+03 -0.11199784E+03
  0.27500000E+01  0.31486110E+03 -0.11249614E+03
  0.27600000E+01  0.31621682E+03 -0.11299472E+03
  0.27700000E+01  0.31758812E+03 -0.11349398E+03
  0.27800000E+01  0.31897526E+03 -0.11399386E+03
  0.27900000E+01  0.32037850E+03 -0.11449394E+03
  0.28000000E+01  0.32179810E+03 -0.11499469E+03
  0.28100000E+01  0.32323433E+03 -0.11549586E+03
  0.28200000E+01  0.32468746E+03 -0.11599717E+03
  0.28300000E+01  0.32615778E+03 -0.11649910E+03
  0.28400000E+01  0.32764557E+03 -0.11700125E+03
  0.28500000E+01  0.32915113E+03 -0.11750349E+03
  0.28600000E+01  0.33067476E+03 -0.11800627E+03
  0.28700000E+01  0.33221677E+03 -0.11850906E+03
  0.28800000E+01  0.33377747E+03 -0.11901189E+03
  0.28900000E+01  0.33535718E+03 -0.11951513E+03
  0.29000000E+01  0.33695624E+03 -0.12001816E+03
  0.29100000E+01  0.33857498E+03 -0.12052119E+03
  0.29200000E+01  0.34021374E+03 -0.12102447E+03
  0.29300000E+01  0.34187288E+03 -0.12152732E+03
  0.29400000E+01  0.34355276E+03 -0.12203014E+03
  0.29500000E+01  0.34525375E+03 -0.12253297E+03
  0.29600000E+01  0.34697624E+03 -0.12303518E+03
  0.29700000E+01  0.34872060E+03 -0.12353730E+03
  0.29800000E+01  0.35048725E+03 -0.12403917E+03
  0.29900000E+01  0.35227659E+03 -0.12454023E+03
  0.30000000E+01  0.35408904E+03 -0.12504112E+03
  0.30100000E+01  0.35592504E+03 -0.12554146E+03
  0.30200000E+01  0.35778502E+03 -0.12604082E+03
  0.30300000E+01  0.35966944E+03 -0.12653990E+03
  0.30400000E+01  0.36157877E+03 -0.12703808E+03
  0.30500000E+01  0.36351349E+03 -0.12753513E+03
  0.30600000E+01  0.36547410E+03 -0.12803175E+03
  0.30700000E+01  0.36746110E+03 -0.12852710E+03
  0.30800000E+01  0.36947501E+03 -0.12902119E+03
  0.30900000E+01  0.37151639E+03 -0.12951464E+03
  0.31000000E+01  0.37358578E+03 -0.13000640E+03
  0.31100000E+01  0.37568375E+03 -0.13049682E+03
  0.31200000E+01  0.37781091E+03 -0.13098631E+03
  0.31300000E+01  0.37996784E+03 -0.13147370E+03
  0.31400000E+01  0.38215520E+03 -0.13195967E+03
  0.31500000E+01  0.38437362E+03 -0.13244432E+03
  0.31600000E+01  0.38662379E+03 -0.13292645E+03
  0.31700000E+01  0.38890639E+03 -0.13340712E+03
  0.31800000E+01  0.39122215E+03 -0.13388595E+03
  0.31900000E+01  0.39357181E+03 -0.13436190E+03
  0.32000000E+01  0.39595614E+03 -0.13483630E+03
  0.32100000E+01  0.39837595E+03 -0.13530820E+03
  0.32200000E+01  0.40083207E+03 -0.13577698E+03
  0.32300000E+01  0.40332537E+03 -0.13624401E+03
  0.32400000E+01  0.40585673E+03 -0.13670774E+03
  0.32500000E+01  0.40842709E+03 -0.13716826E+03
  0.32600000E+01  0.41103742E+03 -0.13762659E+03
  0.32700000E+01  0.41368874E+03 -0.13808084E+03
  0.32800000E+01  0.41638208E+03 -0.13853188E+03
  0.32900000E+01  0.41911857E+03 -0.13897991E+03
  0.33000000E+01  0.42189932E+03 -0.13942329E+03
  0.33100000E+01  0.42472555E+03 -0.13986329E+03
  0.33200000E+01  0.42759850E+03 -0.14029924E+03
  0.33300000E+01  0.43051947E+03 -0.14073021E+03
  0.33400000E+01  0.43348984E+03 -0.14115718E+03
  0.33500000E+01  0.43651102E+03 -0.14157914E+03
  0.33600000E+01  0.43958453E+03 -0.14199572E+03
  0.33700000E+01  0.44271192E+03 -0.14240732E+03
  0.33800000E+01  0.44589486E+03 -0.14281314E+03
  0.33900000E+01  0.44913506E+03 -0.14321274E+03
  0.34000000E+01  0.45243434E+03 -0.14360636E+03
  0.34100000E+01  0.45579462E+03 -0.14399323E+03
  0.34200000E+01  0.45921791E+03 -0.14437275E+03
  0.34300000E+01  0.46270632E+03 -0.14474523E+03
  0.34400000E+01  0.46626209E+03 -0.14510955E+03
  0.34500000E+01  0.46988757E+03 -0.14546533E+03
  0.34600000E+01  0.47358523E+03 -0.14581252E+03
  0.34700000E+01  0.47735771E+03 -0.14614998E+03
  0.34800000E+01  0.48120776E+03 -0.14647723E+03
  0.34900000E+01  0.48513832E+03 -0.14679402E+03
  0.35000000E+01  0.48915249E+03 -0.14709904E+03
  0.35100000E+01  0.49325356E+03 -0.14739173E+03
  0.35200000E+01  0.49744499E+03 -0.14767156E+03
  0.35300000E+01  0.50173049E+03 -0.14793700E+03
  0.35400000E+01  0.50611397E+03 -0.14818735E+03
  0.35500000E+01  0.51059961E+03 -0.14842171E+03
  0.35600000E+01  0.51519182E+03 -0.14863832E+03
  0.35700000E+01  0.51989534E+03 -0.14883621E+03
  0.35800000E+01  0.52471520E+03 -0.14901404E+03
  0.35900000E+01  0.52965675E+03 -0.14916971E+03
  0.36000000E+01  0.53472572E+03 -0.14930185E+03
  0.36100000E+01  0.53992825E+03 -0.14940859E+03
  0.36200000E+01  0.54527090E+03 -0.14948732E+03
  0.36300000E+01  0.55076069E+03 -0.14953614E+03
  0.36400000E+01  0.55640517E+03 -0.14955243E+03
  0.36500000E+01  0.56221245E+03 -0.14953292E+03
  0.36600000E+01  0.56819128E+03 -0.14947490E+03
  0.36700000E+01  0.57435106E+03 -0.14937480E+03
  0.36800000E+01  0.58070197E+03 -0.14922836E+03
  0.36900000E+01  0.58725503E+03 -0.14903175E+03
  0.37000000E+01  0.59402217E+03 -0.14878003E+03
  0.37100000E+01  0.60101639E+03 -0.14846757E+03
  0.37200000E+01  0.60825183E+03 -0.14808886E+03
  0.37300000E+01  0.61574396E+03 -0.14763708E+03
  0.37400000E+01  0.62350971E+03 -0.14710451E+03
  0.37500000E+01  0.63156772E+03 -0.14648321E+03
  0.37600000E+01  0.63993851E+03 -0.14576352E+03
  0.37700000E+01  0.64864486E+03 -0.14493459E+03
  0.37800000E+01  0.65771205E+03 -0.14398475E+03
  0.37900000E+01  0.66716835E+03 -0.14290004E+03
  0.38000000E+01  0.67704551E+03 -0.14166463E+03
  0.38100000E+01  0.68737940E+03 -0.14026099E+03
  0.38200000E+01  0.69821082E+03 -0.13866821E+03
  0.38300000E+01  0.70958652E+03 -0.13686235E+03
  0.38400000E+01  0.72156056E+03 -0.13481610E+03
  0.38500000E+01  0.73419612E+03 -0.13249685E+03
  0.38600000E+01  0.74756792E+03 -0.12986660E+03
  0.38700000E+01  0.76176571E+03 -0.12688087E+03
  0.38800000E+01  0.77689931E+03 -0.12348607E+03
  0.38900000E+01  0.79310584E+03 -0.11961836E+03
  0.39000000E+01  0.81056036E+03 -0.11520112E+03
  0.39100000E+01  0.82949045E+03 -0.11014052E+03
  0.39200000E+01  0.85019492E+03 -0.10432207E+03
  0.39300000E+01  0.87306351E+03 -0.97604813E+02
  0.39400000E+01  0.89859019E+03 -0.89812833E+02
  0.39500000E+01  0.92736454E+03 -0.80726544E+02
  0.39600000E+01  0.96001883E+03 -0.70070301E+02
  0.39700000E+01  0.99710539E+03 -0.57496591E+02
  0.39800000E+01  0.10388888E+04 -0.42570611E+02
  0.39900000E+01  0.10850648E+04 -0.24755790E+02
  0.40000000E+01  0.11344627E+04 -0.34104913E+01
  0.40100000E+01  0.11848336E+04  0.22180528E+02
  0.40200000E+01  0.12328489E+04  0.52704556E+02
  0.40300000E+01  0.12744049E+04  0.88596998E+02
  0.40400000E+01  0.13052396E+04  0.12967222E+03
  0.40500000E+01  0.13217456E+04  0.17473079E+03
  0.40600000E+01  0.13217558E+04  0.22147393E+03
  0.40700000E+01  0.13050529E+04  0.26703046E+03
  0.40800000E+01  0.12734264E+04  0.30889139E+03
  0.40900000E+01  0.12302579E+04  0.34558668E+03
  0.41000000E+01  0.11797757E+04  0.37673346E+03
  0.41100000E+01  0.11262226E+04  0.40267838E+03
  0.41200000E+01  0.10731740E+04  0.42410030E+03
  0.41300000E+01  0.10231539E+04  0.44174503E+03
  0.41400000E+01  0.97757053E+03  0.45629706E+03
  0.41500000E+01  0.93689246E+03  0.46833634E+03
  0.41600000E+01  0.90094009E+03  0.47833451E+03
  0.41700000E+01  0.86918175E+03  0.48666859E+03
  0.41800000E+01  0.84096464E+03  0.49363849E+03
  0.41900000E+01  0.81565903E+03  0.49948195E+03
  0.42000000E+01  0.79272657E+03  0.50438846E+03
  0.42100000E+01  0.77173720E+03  0.50851029E+03
  0.42200000E+01  0.75235914E+03  0.51196990E+03
  0.42300000E+01  0.73433917E+03  0.51486682E+03
  0.42400000E+01  0.71748279E+03  0.51728294E+03
  0.42500000E+01  0.70163812E+03  0.51928534E+03
  0.42600000E+01  0.68668408E+03  0.52092976E+03
  0.42700000E+01  0.67252210E+03  0.52226320E+03
  0.42800000E+01  0.65907048E+03  0.52332477E+03
  0.42900000E+01  0.64626044E+03  0.52414762E+03
  0.43000000E+01  0.63403339E+03  0.52476037E+03
  0.43100000E+01  0.62233881E+03  0.52518708E+03
  0.43200000E+01  0.61113285E+03  0.52544850E+03
  0.43300000E+01  0.60037709E+03  0.52556298E+03
  0.43400000E+01  0.59003765E+03  0.52554601E+03
  0.43500000E+01  0.58008452E+03  0.52541114E+03
  0.43600000E+01  0.57049090E+03  0.52517067E+03
  0.43700000E+01  0.56123284E+03  0.52483493E+03
  0.43800000E+01  0.55228873E+03  0.52441314E+03
  0.43900000E+01  0.54363910E+03  0.52391380E+03
  0.44000000E+01  0.53526625E+03  0.52334406E+03
  0.44100000E+01  0.52715411E+03  0.52271035E+03
  0.44200000E+01  0.51928800E+03  0.52201877E+03
  0.44300000E+01  0.51165448E+03  0.52127438E+03
  0.44400000E+01  0.50424120E+03  0.52048178E+03
  0.44500000E+01  0.49703682E+03  0.51964547E+03
  0.44600000E+01  0.49003084E+03  0.51876910E+03
  0.44700000E+01  0.48321359E+03  0.51785605E+03
  0.44800000E+01  0.47657607E+03  0.51690971E+03
  0.44900000E+01  0.47010996E+03  0.51593279E+03
  0.45000000E+01  0.46380748E+03  0.51492776E+03
  0.45100000E+01  0.45766141E+03  0.51389728E+03
  0.45200000E+01  0.45166499E+03  0.51284335E+03
  0.45300000E+01  0.44581190E+03  0.51176785E+03
  0.45400000E+01  0.44009622E+03  0.51067287E+03
  0.45500000E+01  0.43451240E+03  0.50955991E+03
  0.45600000E+01  0.42905522E+03  0.50843042E+03
  0.45700000E+01  0.42371978E+03  0.50728607E+03
  0.45800000E+01  0.41850145E+03  0.50612802E+03
  0.45900000E+01  0.41339586E+03  0.50495736E+03
  0.46000000E+01  0.40839889E+03  0.50377547E+03
  0.46100000E+01  0.40350666E+03  0.50258323E+03
  0.46200000E+01  0.39871548E+03  0.50138150E+03
  0.46300000E+01  0.39402184E+03  0.50017140E+03
  0.46400000E+01  0.38942245E+03  0.49895364E+03
  0.46500000E+01  0.38491414E+03  0.49772885E+03
  0.46600000E+01  0.38049395E+03  0.49649801E+03
  0.46700000E+01  0.37615901E+03  0.49526164E+03
  0.46800000E+01  0.37190663E+03  0.49402025E+03
  0.46900000E+01  0.36773422E+03  0.49277466E+03
  0.47000000E+01  0.36363932E+03  0.49152529E+03
  0.47100000E+01  0.35961959E+03  0.49027251E+03
  0.47200000E+01  0.35567279E+03  0.48901704E+03
  0.47300000E+01  0.35179677E+03  0.48775921E+03
  0.47400000E+01  0.34798949E+03  0.48649929E+03
  0.47500000E+01  0.34424897E+03  0.48523791E+03
  0.47600000E+01  0.34057335E+03  0.48397534E+03
  0.47700000E+01  0.33696082E+03  0.48271176E+03
  0.47800000E+01  0.33340965E+03  0.48144774E+03
  0.47900000E+01  0.32991819E+03  0.48018348E+03
  0.48000000E+01  0.32648485E+03  0.47891912E+03
  0.48100000E+01  0.32310809E+03  0.47765514E+03
  0.48200000E+01  0.31978645E+03  0.47639173E+03
  0.48300000E+01  0.31651851E+03  0.47512895E+03
  0.48400000E+01  0.31330291E+03  0.47386725E+03
  0.48500000E+01  0.31013834E+03  0.47260678E+03
  0.48600000E+01  0.30702355E+03  0.47134756E+03
  0.48700000E+01  0.30395731E+03  0.47008998E+03
  0.48800000E+01  0.30093845E+03  0.46883419E+03
  0.48900000E+01  0.29796584E+03  0.46758015E+03
  0.49000000E+01  0.29503839E+03  0.46632824E+03
  0.49100000E+01  0.29215504E+03  0.46507858E+03
  0.49200000E+01  0.28931478E+03  0.46383110E+03
  0.49300000E+01  0.28651661E+03  0.46258614E+03
  0.49400000E+01  0.28375960E+03  0.46134381E+03
  0.49500000E+01  0.28104282E+03  0.46010402E+03
  0.49600000E+01  0.27836538E+03  0.45886708E+03
  0.49700000E+01  0.27572642E+03  0.45763309E+03
  0.49800000E+01  0.27312509E+03  0.45640195E+03
  0.49900000E+01  0.27056061E+03  0.45517392E+03
  0.50000000E+01  0.26803217E+03  0.45394912E+03
  0.50100000E+01  0.26553903E+03  0.45272741E+03
  0.50200000E+01  0.26308044E+03  0.45150903E+03
  0.50300000E+01  0.26065569E+03  0.45029411E+03
  0.50400000E+01  0.25826409E+03  0.44908249E+03
  0.50500000E+01  0.25590497E+03  0.44787438E+03
  0.50600000E+01  0.25357767E+03  0.44666991E+03
  0.50700000E+01  0.25128157E+03  0.44546892E+03
  0.50800000E+01  0.24901603E+03  0.44427160E+03
  0.50900000E+01  0.24678047E+03  0.44307806E+03
  0.51000000E+01  0.24457430E+03  0.44188815E+03
  0.51100000E+01  0.24239696E+03  0.44070203E+03
  0.51200000E+01  0.24024789E+03  0.43951982E+03
  0.51300000E+01  0.23812657E+03  0.43834135E+03
  0.51400000E+01  0.23603247E+03  0.43716676E+03
  0.51500000E+01  0.23396507E+03  0.43599619E+03
  0.51600000E+01  0.23192390E+03  0.43482946E+03
  0.51700000E+01  0.22990847E+03  0.43366669E+03
  0.51800000E+01  0.22791830E+03  0.43250801E+03
  0.51900000E+01  0.22595295E+03  0.43135326E+03
  0.52000000E+01  0.22401197E+03  0.43020252E+03
  0.52100000E+01  0.22209492E+03  0.42905593E+03
  0.52200000E+01  0.22020139E+03  0.42791334E+03
  0.52300000E+01  0.21833095E+03  0.42677479E+03
  0.52400000E+01  0.21648322E+03  0.42564046E+03
  0.52500000E+01  0.21465779E+03  0.42451016E+03
  0.52600000E+01  0.21285428E+03  0.42338394E+03
  0.52700000E+01  0.21107232E+03  0.42226197E+03
  0.52800000E+01  0.20931154E+03  0.42114407E+03
  0.52900000E+01  0.20757160E+03  0.42003026E+03
  0.53000000E+01  0.20585213E+03  0.41892072E+03
  0.53100000E+01  0.20415281E+03  0.41781529E+03
  0.53200000E+01  0.20247329E+03  0.41671396E+03
  0.53300000E+01  0.20081325E+03  0.41561691E+03
  0.53400000E+01  0.19917239E+03  0.41452398E+03
  0.53500000E+01  0.19755038E+03  0.41343515E+03
  0.53600000E+01  0.19594692E+03  0.41235060E+03
  0.53700000E+01  0.19436172E+03  0.41127020E+03
  0.53800000E+01  0.19279448E+03  0.41019388E+03
  0.53900000E+01  0.19124493E+03  0.40912184E+03
  0.54000000E+01  0.18971279E+03  0.40805394E+03
  0.54100000E+01  0.18819778E+03  0.40699012E+03
  0.54200000E+01  0.18669964E+03  0.40593056E+03
  0.54300000E+01  0.18521811E+03  0.40487515E+03
  0.54400000E+01  0.18375293E+03  0.40382380E+03
  0.54500000E+01  0.18230386E+03  0.40277669E+03
  0.54600000E+01  0.18087065E+03  0.40173372E+03
  0.54700000E+01  0.17945306E+03  0.40069479E+03
  0.54800000E+01  0.17805085E+03  0.39966006E+03
  0.54900000E+01  0.17666381E+03  0.39862948E+03
  0.55000000E+01  0.17529169E+03  0.39760291E+03
  0.55100000E+01  0.17393429E+03  0.39658051E+03
  0.55200000E+01  0.17259138E+03  0.39556225E+03
  0.55300000E+01  0.17126276E+03  0.39454796E+03
  0.55400000E+01  0.16994822E+03  0.39353782E+03
  0.55500000E+01  0.16864754E+03  0.39253178E+03
  0.55600000E+01  0.16736054E+03  0.39152970E+03
  0.55700000E+01  0.16608702E+03  0.39053172E+03
  0.55800000E+01  0.16482679E+03  0.38953783E+03
  0.55900000E+01  0.16357965E+03  0.38854786E+03
  0.56000000E+01  0.16234542E+03  0.38756194E+03
  0.56100000E+01  0.16112392E+03  0.38658010E+03
  0.56200000E+01  0.15991498E+03  0.38560215E+03
  0.56300000E+01  0.15871841E+03  0.38462820E+03
  0.56400000E+01  0.15753405E+03  0.38365829E+03
  0.56500000E+01  0.15636173E+03  0.38269225E+03
  0.56600000E+01  0.15520128E+03  0.38173015E+03
  0.56700000E+01  0.15405254E+03  0.38077207E+03
  0.56800000E+01  0.15291535E+03  0.37981783E+03
  0.56900000E+01  0.15178956E+03  0.37886748E+03
  0.57000000E+01  0.15067501E+03  0.37792111E+03
  0.57100000E+01  0.14957154E+03  0.37697854E+03
  0.57200000E+01  0.14847902E+03  0.37603981E+03
  0.57300000E+01  0.14739729E+03  0.37510503E+03
  0.57400000E+01  0.14632622E+03  0.37417402E+03
  0.57500000E+01  0.14526566E+03  0.37324680E+03
  0.57600000E+01  0.14421547E+03  0.37232348E+03
  0.57700000E+01  0.14317551E+03  0.37140390E+03
  0.57800000E+01  0.14214566E+03  0.37048806E+03
  0.57900000E+01  0.14112578E+03  0.36957607E+03
  0.58000000E+01  0.14011575E+03  0.36866780E+03
  0.58100000E+01  0.13911543E+03  0.36776321E+03
  0.58200000E+01  0.13812470E+03  0.36686242E+03
  0.58300000E+01  0.13714344E+03  0.36596532E+03
  0.58400000E+01  0.13617152E+03  0.36507185E+03
  0.58500000E+01  0.13520884E+03  0.36418213E+03
  0.58600000E+01  0.13425527E+03  0.36329607E+03
  0.58700000E+01  0.13331069E+03  0.36241358E+03
  0.58800000E+01  0.13237499E+03  0.36153481E+03
  0.58900000E+01  0.13144807E+03  0.36065965E+03
  0.59000000E+01  0.13052981E+03  0.35978801E+03
  0.59100000E+01  0.12962011E+03  0.35892003E+03
  0.59200000E+01  0.12871886E+03  0.35805564E+03
  0.59300000E+01  0.12782595E+03  0.35719472E+03
  0.59400000E+01  0.12694128E+03  0.35633740E+03
  0.59500000E+01  0.12606475E+03  0.35548364E+03
  0.59600000E+01  0.12519626E+03  0.35463330E+03
  0.59700000E+01  0.12433572E+03  0.35378650E+03
  0.59800000E+01  0.12348302E+03  0.35294323E+03
  0.59900000E+01  0.12263808E+03  0.35210333E+03
  0.60000000E+01  0.12180080E+03  0.35126692E+03
