  0.20000000E+00 -0.11136939E-06  0.12834419E-05
  0.21000000E+00 -0.11143825E-06  0.12309267E-05
  0.22000000E+00 -0.11148610E-06  0.11821991E-05
  0.23000000E+00 -0.11152889E-06  0.11369376E-05
  0.24000000E+00 -0.11157155E-06  0.10947885E-05
  0.25000000E+00 -0.11161561E-06  0.10555016E-05
  0.26000000E+00 -0.11166135E-06  0.10187923E-05
  0.27000000E+00 -0.11170890E-06  0.98444626E-06
  0.28000000E+00 -0.11175841E-06  0.95225621E-06
  0.29000000E+00 -0.11180974E-06  0.92202449E-06
  0.30000000E+00 -0.11186291E-06  0.89360777E-06
  0.31000000E+00 -0.11191796E-06  0.86683182E-06
  0.32000000E+00 -0.11197482E-06  0.84158432E-06
  0.33000000E+00 -0.11203355E-06  0.81773225E-06
  0.34000000E+00 -0.11209410E-06  0.79516873E-06
  0.35000000E+00 -0.11215645E-06  0.77380355E-06
  0.36000000E+00 -0.11222072E-06  0.75353445E-06
  0.37000000E+00 -0.11228666E-06  0.73429387E-06
  0.38000000E+00 -0.11235450E-06  0.71600081E-06
  0.39000000E+00 -0.11242433E-06  0.69858847E-06
  0.40000000E+00 -0.11249600E-06  0.68200591E-06
  0.41000000E+00 -0.11256958E-06  0.66618060E-06
  0.42000000E+00 -0.11264501E-06  0.65108144E-06
  0.43000000E+00 -0.11272233E-06  0.63664694E-06
  0.44000000E+00 -0.11280152E-06  0.62284005E-06
  0.45000000E+00 -0.11288272E-06  0.60962781E-06
  0.46000000E+00 -0.11296574E-06  0.59695656E-06
  0.47000000E+00 -0.11305065E-06  0.58481973E-06
  0.48000000E+00 -0.11313747E-06  0.57315750E-06
  0.49000000E+00 -0.11322624E-06  0.56196555E-06
  0.50000000E+00 -0.11331689E-06  0.55120614E-06
  0.51000000E+00 -0.11340948E-06  0.54085105E-06
  0.52000000E+00 -0.11350404E-06  0.53089443E-06
  0.53000000E+00 -0.11360066E-06  0.52129209E-06
  0.54000000E+00 -0.11369913E-06  0.51204768E-06
  0.55000000E+00 -0.11379951E-06  0.50312688E-06
  0.56000000E+00 -0.11390196E-06  0.49451727E-06
  0.57000000E+00 -0.11400626E-06  0.48621199E-06
  0.58000000E+00 -0.11411257E-06  0.47817740E-06
  0.59000000E+00 -0.11422082E-06  0.47042063E-06
  0.60000000E+00 -0.11433110E-06  0.46291389E-06
  0.61000000E+00 -0.11444340E-06  0.45564781E-06
  0.62000000E+00 -0.11455771E-06  0.44862296E-06
  0.63000000E+00 -0.11467401E-06  0.44180581E-06
  0.64000000E+00 -0.11479235E-06  0.43521245E-06
  0.65000000E+00 -0.11491270E-06  0.42881199E-06
  0.66000000E+00 -0.11503504E-06  0.42260587E-06
  0.67000000E+00 -0.11515964E-06  0.41658926E-06
  0.68000000E+00 -0.11528619E-06  0.41073826E-06
  0.69000000E+00 -0.11541486E-06  0.40506952E-06
  0.70000000E+00 -0.11554564E-06  0.39955207E-06
  0.71000000E+00 -0.11567841E-06  0.39419243E-06
  0.72000000E+00 -0.11581342E-06  0.38898774E-06
  0.73000000E+00 -0.11595046E-06  0.38391461E-06
  0.74000000E+00 -0.11608954E-06  0.37899048E-06
  0.75000000E+00 -0.11623093E-06  0.37419074E-06
  0.76000000E+00 -0.11637417E-06  0.36951829E-06
  0.77000000E+00 -0.11651979E-06  0.36497463E-06
  0.78000000E+00 -0.11666740E-06  0.36053672E-06
  0.79000000E+00 -0.11681722E-06  0.35622414E-06
  0.80000000E+00 -0.11696918E-06  0.35201061E-06
  0.81000000E+00 -0.11712343E-06  0.34790626E-06
  0.82000000E+00 -0.11727986E-06  0.34390721E-06
  0.83000000E+00 -0.11743854E-06  0.33999557E-06
  0.84000000E+00 -0.11759942E-06  0.33618842E-06
  0.85000000E+00 -0.11776271E-06  0.33246646E-06
  0.86000000E+00 -0.11792808E-06  0.32883086E-06
  0.87000000E+00 -0.11809577E-06  0.32528914E-06
  0.88000000E+00 -0.11826577E-06  0.32181601E-06
  0.89000000E+00 -0.11843800E-06  0.31843412E-06
  0.90000000E+00 -0.11861234E-06  0.31512211E-06
  0.91000000E+00 -0.11878920E-06  0.31188334E-06
  0.92000000E+00 -0.11896837E-06  0.30872556E-06
  0.93000000E+00 -0.11914985E-06  0.30562346E-06
  0.94000000E+00 -0.11933368E-06  0.30260047E-06
  0.95000000E+00 -0.11951988E-06  0.29963829E-06
  0.96000000E+00 -0.11970853E-06  0.29673523E-06
  0.97000000E+00 -0.11989953E-06  0.29390392E-06
  0.98000000E+00 -0.12009287E-06  0.29111982E-06
  0.99000000E+00 -0.12028892E-06  0.28840091E-06
  0.10000000E+01 -0.12048727E-06  0.28573887E-06
  0.10100000E+01 -0.12068787E-06  0.28312274E-06
  0.10200000E+01 -0.12089117E-06  0.28057223E-06
  0.10300000E+01 -0.12109675E-06  0.27806067E-06
  0.10400000E+01 -0.12130484E-06  0.27560591E-06
  0.10500000E+01 -0.12151567E-06  0.27320181E-06
  0.10600000E+01 -0.12172870E-06  0.27083333E-06
  0.10700000E+01 -0.12194433E-06  0.26852430E-06
  0.10800000E+01 -0.12216284E-06  0.26625085E-06
  0.10900000E+01 -0.12238365E-06  0.26402029E-06
  0.11000000E+01 -0.12260726E-06  0.26184196E-06
  0.11100000E+01 -0.12283335E-06  0.25968960E-06
  0.11200000E+01 -0.12306200E-06  0.25759000E-06
  0.11300000E+01 -0.12329370E-06  0.25552332E-06
  0.11400000E+01 -0.12352791E-06  0.25349119E-06
  0.11500000E+01 -0.12376506E-06  0.25150768E-06
  0.11600000E+01 -0.12400466E-06  0.24954616E-06
  0.11700000E+01 -0.12424728E-06  0.24762865E-06
  0.11800000E+01 -0.12449253E-06  0.24574557E-06
  0.11900000E+01 -0.12474036E-06  0.24388630E-06
  0.12000000E+01 -0.12499112E-06  0.24207293E-06
  0.12100000E+01 -0.12524467E-06  0.24028106E-06
  0.12200000E+01 -0.12550126E-06  0.23852070E-06
  0.12300000E+01 -0.12576060E-06  0.23680131E-06
  0.12400000E+01 -0.12602266E-06  0.23509473E-06
  0.12500000E+01 -0.12628796E-06  0.23343081E-06
  0.12600000E+01 -0.12655601E-06  0.23178926E-06
  0.12700000E+01 -0.12682722E-06  0.23017076E-06
  0.12800000E+01 -0.12710096E-06  0.22859255E-06
  0.12900000E+01 -0.12737845E-06  0.22702344E-06
  0.13000000E+01 -0.12765830E-06  0.22549146E-06
  0.13100000E+01 -0.12794132E-06  0.22398381E-06
  0.13200000E+01 -0.12822754E-06  0.22249161E-06
  0.13300000E+01 -0.12851677E-06  0.22103560E-06
  0.13400000E+01 -0.12880935E-06  0.21959506E-06
  0.13500000E+01 -0.12910524E-06  0.21817642E-06
  0.13600000E+01 -0.12940380E-06  0.21678963E-06
  0.13700000E+01 -0.12970620E-06  0.21541119E-06
  0.13800000E+01 -0.13001149E-06  0.21406591E-06
  0.13900000E+01 -0.13032002E-06  0.21273871E-06
  0.14000000E+01 -0.13063223E-06  0.21142456E-06
  0.14100000E+01 -0.13094759E-06  0.21014348E-06
  0.14200000E+01 -0.13126634E-06  0.20886884E-06
  0.14300000E+01 -0.13158846E-06  0.20761859E-06
  0.14400000E+01 -0.13191397E-06  0.20639550E-06
  0.14500000E+01 -0.13224324E-06  0.20517435E-06
  0.14600000E+01 -0.13257580E-06  0.20398610E-06
  0.14700000E+01 -0.13291183E-06  0.20281032E-06
  0.14800000E+01 -0.13325150E-06  0.20164587E-06
  0.14900000E+01 -0.13359479E-06  0.20051389E-06
  0.15000000E+01 -0.13394192E-06  0.19938155E-06
  0.15100000E+01 -0.13429245E-06  0.19827398E-06
  0.15200000E+01 -0.13464698E-06  0.19718823E-06
  0.15300000E+01 -0.13500511E-06  0.19610079E-06
  0.15400000E+01 -0.13536703E-06  0.19504759E-06
  0.15500000E+01 -0.13573286E-06  0.19400056E-06
  0.15600000E+01 -0.13610272E-06  0.19296510E-06
  0.15700000E+01 -0.13647622E-06  0.19195783E-06
  0.15800000E+01 -0.13685388E-06  0.19094749E-06
  0.15900000E+01 -0.13723548E-06  0.18996046E-06
  0.16000000E+01 -0.13762124E-06  0.18899363E-06
  0.16100000E+01 -0.13801093E-06  0.18802372E-06
  0.16200000E+01 -0.13840486E-06  0.18708264E-06
  0.16300000E+01 -0.13880300E-06  0.18614902E-06
  0.16400000E+01 -0.13920540E-06  0.18522094E-06
  0.16500000E+01 -0.13961216E-06  0.18432280E-06
  0.16600000E+01 -0.14002324E-06  0.18342155E-06
  0.16700000E+01 -0.14043864E-06  0.18253777E-06
  0.16800000E+01 -0.14085857E-06  0.18167332E-06
  0.16900000E+01 -0.14128284E-06  0.18080318E-06
  0.17000000E+01 -0.14171159E-06  0.17996181E-06
  0.17100000E+01 -0.14214538E-06  0.17912472E-06
  0.17200000E+01 -0.14258346E-06  0.17829326E-06
  0.17300000E+01 -0.14302667E-06  0.17748878E-06
  0.17400000E+01 -0.14347400E-06  0.17667996E-06
  0.17500000E+01 -0.14392664E-06  0.17588472E-06
  0.17600000E+01 -0.14438395E-06  0.17511162E-06
  0.17700000E+01 -0.14484634E-06  0.17433103E-06
  0.17800000E+01 -0.14531362E-06  0.17357420E-06
  0.17900000E+01 -0.14578625E-06  0.17282459E-06
  0.18000000E+01 -0.14626382E-06  0.17207487E-06
  0.18100000E+01 -0.14674686E-06  0.17135325E-06
  0.18200000E+01 -0.14723494E-06  0.17062612E-06
  0.18300000E+01 -0.14772864E-06  0.16991065E-06
  0.18400000E+01 -0.14822747E-06  0.16921462E-06
  0.18500000E+01 -0.14873201E-06  0.16851225E-06
  0.18600000E+01 -0.14924234E-06  0.16782884E-06
  0.18700000E+01 -0.14975783E-06  0.16715824E-06
  0.18800000E+01 -0.15027942E-06  0.16647952E-06
  0.18900000E+01 -0.15080676E-06  0.16582949E-06
  0.19000000E+01 -0.15134018E-06  0.16517894E-06
  0.19100000E+01 -0.15187922E-06  0.16452781E-06
  0.19200000E+01 -0.15242497E-06  0.16390460E-06
  0.19300000E+01 -0.15297637E-06  0.16327318E-06
  0.19400000E+01 -0.15353444E-06  0.16265298E-06
  0.19500000E+01 -0.15409830E-06  0.16205137E-06
  0.19600000E+01 -0.15466892E-06  0.16143918E-06
  0.19700000E+01 -0.15524643E-06  0.16084845E-06
  0.19800000E+01 -0.15582994E-06  0.16026659E-06
  0.19900000E+01 -0.15642041E-06  0.15967694E-06
  0.20000000E+01 -0.15701785E-06  0.15911312E-06
  0.20100000E+01 -0.15762245E-06  0.15854669E-06
  0.20200000E+01 -0.15823347E-06  0.15798317E-06
  0.20300000E+01 -0.15885252E-06  0.15744218E-06
  0.20400000E+01 -0.15947818E-06  0.15689109E-06
  0.20500000E+01 -0.16011143E-06  0.15635410E-06
  0.20600000E+01 -0.16075233E-06  0.15583288E-06
  0.20700000E+01 -0.16140075E-06  0.15529799E-06
  0.20800000E+01 -0.16205728E-06  0.15478791E-06
  0.20900000E+01 -0.16272140E-06  0.15428011E-06
  0.21000000E+01 -0.16339361E-06  0.15376491E-06
  0.21100000E+01 -0.16407402E-06  0.15328021E-06
  0.21200000E+01 -0.16476256E-06  0.15278328E-06
  0.21300000E+01 -0.16545955E-06  0.15229309E-06
  0.21400000E+01 -0.16616521E-06  0.15182330E-06
  0.21500000E+01 -0.16687966E-06  0.15134106E-06
  0.21600000E+01 -0.16760287E-06  0.15087555E-06
  0.21700000E+01 -0.16833499E-06  0.15042244E-06
  0.21800000E+01 -0.16907652E-06  0.14995397E-06
  0.21900000E+01 -0.16982680E-06  0.14951012E-06
  0.22000000E+01 -0.17058680E-06  0.14907081E-06
  0.22100000E+01 -0.17135669E-06  0.14862077E-06
  0.22200000E+01 -0.17213650E-06  0.14819606E-06
  0.22300000E+01 -0.17292592E-06  0.14776628E-06
  0.22400000E+01 -0.17372586E-06  0.14733551E-06
  0.22500000E+01 -0.17453606E-06  0.14692988E-06
  0.22600000E+01 -0.17535675E-06  0.14650806E-06
  0.22700000E+01 -0.17618803E-06  0.14609655E-06
  0.22800000E+01 -0.17703030E-06  0.14570534E-06
  0.22900000E+01 -0.17788393E-06  0.14529338E-06
  0.23000000E+01 -0.17874887E-06  0.14490411E-06
  0.23100000E+01 -0.17962477E-06  0.14452098E-06
  0.23200000E+01 -0.18051309E-06  0.14412418E-06
  0.23300000E+01 -0.18141257E-06  0.14375558E-06
  0.23400000E+01 -0.18232475E-06  0.14338035E-06
  0.23500000E+01 -0.18324902E-06  0.14299770E-06
  0.23600000E+01 -0.18418623E-06  0.14264436E-06
  0.23700000E+01 -0.18513626E-06  0.14227395E-06
  0.23800000E+01 -0.18609889E-06  0.14190831E-06
  0.23900000E+01 -0.18707511E-06  0.14157065E-06
  0.24000000E+01 -0.18806510E-06  0.14120650E-06
  0.24100000E+01 -0.18906906E-06  0.14086192E-06
  0.24200000E+01 -0.19008713E-06  0.14052744E-06
  0.24300000E+01 -0.19111867E-06  0.14017142E-06
  0.24400000E+01 -0.19216561E-06  0.13984274E-06
  0.24500000E+01 -0.19322703E-06  0.13951659E-06
  0.24600000E+01 -0.19430397E-06  0.13917078E-06
  0.24700000E+01 -0.19539633E-06  0.13885679E-06
  0.24800000E+01 -0.19650414E-06  0.13853590E-06
  0.24900000E+01 -0.19762815E-06  0.13820159E-06
  0.25000000E+01 -0.19876864E-06  0.13789950E-06
  0.25100000E+01 -0.19992537E-06  0.13757539E-06
  0.25200000E+01 -0.20109961E-06  0.13725822E-06
  0.25300000E+01 -0.20229066E-06  0.13696475E-06
  0.25400000E+01 -0.20349990E-06  0.13664520E-06
  0.25500000E+01 -0.20472659E-06  0.13634062E-06
  0.25600000E+01 -0.20597238E-06  0.13605107E-06
  0.25700000E+01 -0.20723642E-06  0.13573637E-06
  0.25800000E+01 -0.20851951E-06  0.13544346E-06
  0.25900000E+01 -0.20982222E-06  0.13515651E-06
  0.26000000E+01 -0.21114451E-06  0.13484611E-06
  0.26100000E+01 -0.21248718E-06  0.13456163E-06
  0.26200000E+01 -0.21385022E-06  0.13427748E-06
  0.26300000E+01 -0.21523460E-06  0.13397039E-06
  0.26400000E+01 -0.21663992E-06  0.13370113E-06
  0.26500000E+01 -0.21806767E-06  0.13340934E-06
  0.26600000E+01 -0.21951700E-06  0.13310952E-06
  0.26700000E+01 -0.22099022E-06  0.13284281E-06
  0.26800000E+01 -0.22248616E-06  0.13254580E-06
  0.26900000E+01 -0.22400514E-06  0.13225859E-06
  0.27000000E+01 -0.22554860E-06  0.13199129E-06
  0.27100000E+01 -0.22711675E-06  0.13169079E-06
  0.27200000E+01 -0.22870956E-06  0.13140930E-06
  0.27300000E+01 -0.23032810E-06  0.13114003E-06
  0.27400000E+01 -0.23197271E-06  0.13083980E-06
  0.27500000E+01 -0.23364417E-06  0.13056279E-06
  0.27600000E+01 -0.23534159E-06  0.13028981E-06
  0.27700000E+01 -0.23706827E-06  0.12998135E-06
  0.27800000E+01 -0.23882264E-06  0.12971090E-06
  0.27900000E+01 -0.24060603E-06  0.12942589E-06
  0.28000000E+01 -0.24241963E-06  0.12911918E-06
  0.28100000E+01 -0.24426288E-06  0.12884873E-06
  0.28200000E+01 -0.24613673E-06  0.12855304E-06
  0.28300000E+01 -0.24804191E-06  0.12824687E-06
  0.28400000E+01 -0.24997896E-06  0.12797348E-06
  0.28500000E+01 -0.25195001E-06  0.12766656E-06
  0.28600000E+01 -0.25395333E-06  0.12736086E-06
  0.28700000E+01 -0.25599055E-06  0.12707876E-06
  0.28800000E+01 -0.25806361E-06  0.12675726E-06
  0.28900000E+01 -0.26017273E-06  0.12644831E-06
  0.29000000E+01 -0.26231738E-06  0.12615413E-06
  0.29100000E+01 -0.26450042E-06  0.12581693E-06
  0.29200000E+01 -0.26672069E-06  0.12551136E-06
  0.29300000E+01 -0.26898024E-06  0.12519987E-06
  0.29400000E+01 -0.27128067E-06  0.12485314E-06
  0.29500000E+01 -0.27362173E-06  0.12453788E-06
  0.29600000E+01 -0.27600335E-06  0.12421217E-06
  0.29700000E+01 -0.27842917E-06  0.12385143E-06
  0.29800000E+01 -0.28089857E-06  0.12352800E-06
  0.29900000E+01 -0.28341395E-06  0.12317885E-06
  0.30000000E+01 -0.28597542E-06  0.12280540E-06
  0.30100000E+01 -0.28858318E-06  0.12247011E-06
  0.30200000E+01 -0.29123982E-06  0.12209535E-06
  0.30300000E+01 -0.29394734E-06  0.12171219E-06
  0.30400000E+01 -0.29670451E-06  0.12136207E-06
  0.30500000E+01 -0.29951547E-06  0.12096079E-06
  0.30600000E+01 -0.30238018E-06  0.12056430E-06
  0.30700000E+01 -0.30529969E-06  0.12019063E-06
  0.30800000E+01 -0.30827683E-06  0.11976054E-06
  0.30900000E+01 -0.31131382E-06  0.11935211E-06
  0.31000000E+01 -0.31441009E-06  0.11895421E-06
  0.31100000E+01 -0.31756859E-06  0.11849437E-06
  0.31200000E+01 -0.32079255E-06  0.11807514E-06
  0.31300000E+01 -0.32408141E-06  0.11764220E-06
  0.31400000E+01 -0.32743852E-06  0.11715628E-06
  0.31500000E+01 -0.33086596E-06  0.11671389E-06
  0.31600000E+01 -0.33436741E-06  0.11624166E-06
  0.31700000E+01 -0.33794379E-06  0.11573318E-06
  0.31800000E+01 -0.34159727E-06  0.11526706E-06
  0.31900000E+01 -0.34533264E-06  0.11474788E-06
  0.32000000E+01 -0.34915110E-06  0.11421376E-06
  0.32100000E+01 -0.35305549E-06  0.11371683E-06
  0.32200000E+01 -0.35704813E-06  0.11315802E-06
  0.32300000E+01 -0.36113580E-06  0.11259127E-06
  0.32400000E+01 -0.36531941E-06  0.11204557E-06
  0.32500000E+01 -0.36960302E-06  0.11144433E-06
  0.32600000E+01 -0.37399113E-06  0.11084582E-06
  0.32700000E+01 -0.37848794E-06  0.11024792E-06
  0.32800000E+01 -0.38309729E-06  0.10960406E-06
  0.32900000E+01 -0.38782532E-06  0.10894941E-06
  0.33000000E+01 -0.39267569E-06  0.10830584E-06
  0.33100000E+01 -0.39765310E-06  0.10759860E-06
  0.33200000E+01 -0.40276688E-06  0.10689395E-06
  0.33300000E+01 -0.40801813E-06  0.10619156E-06
  0.33400000E+01 -0.41341595E-06  0.10540556E-06
  0.33500000E+01 -0.41896765E-06  0.10464476E-06
  0.33600000E+01 -0.42467969E-06  0.10385553E-06
  0.33700000E+01 -0.43055955E-06  0.10299397E-06
  0.33800000E+01 -0.43661485E-06  0.10216465E-06
  0.33900000E+01 -0.44285509E-06  0.10126917E-06
  0.34000000E+01 -0.44929315E-06  0.10032020E-06
  0.34100000E+01 -0.45593211E-06  0.99379463E-07
  0.34200000E+01 -0.46278706E-06  0.98369471E-07
  0.34300000E+01 -0.46986790E-06  0.97309027E-07
  0.34400000E+01 -0.47718766E-06  0.96237314E-07
  0.34500000E+01 -0.48475840E-06  0.95086364E-07
  0.34600000E+01 -0.49259497E-06  0.93870575E-07
  0.34700000E+01 -0.50070935E-06  0.92642596E-07
  0.34800000E+01 -0.50911983E-06  0.91300558E-07
  0.34900000E+01 -0.51784352E-06  0.89903820E-07
  0.35000000E+01 -0.52689758E-06  0.88458034E-07
  0.35100000E+01 -0.53630309E-06  0.86889738E-07
  0.35200000E+01 -0.54607959E-06  0.85246900E-07
  0.35300000E+01 -0.55624949E-06  0.83526660E-07
  0.35400000E+01 -0.56683728E-06  0.81662206E-07
  0.35500000E+01 -0.57786941E-06  0.79698997E-07
  0.35600000E+01 -0.58937538E-06  0.77623889E-07
  0.35700000E+01 -0.60138239E-06  0.75368172E-07
  0.35800000E+01 -0.61392668E-06  0.72980836E-07
  0.35900000E+01 -0.62704261E-06  0.70434529E-07
  0.36000000E+01 -0.64076885E-06  0.67668674E-07
  0.36100000E+01 -0.65514857E-06  0.64720783E-07
  0.36200000E+01 -0.67022731E-06  0.61552327E-07
  0.36300000E+01 -0.68605281E-06  0.58103502E-07
  0.36400000E+01 -0.70268382E-06  0.54403648E-07
  0.36500000E+01 -0.72017807E-06  0.50404789E-07
  0.36600000E+01 -0.73860278E-06  0.46041690E-07
  0.36700000E+01 -0.75803108E-06  0.41333272E-07
  0.36800000E+01 -0.77854170E-06  0.36202219E-07
  0.36900000E+01 -0.80022304E-06  0.30593381E-07
  0.37000000E+01 -0.82317918E-06  0.24506883E-07
  0.37100000E+01 -0.84751736E-06  0.17836033E-07
  0.37200000E+01 -0.87336506E-06  0.10516697E-07
  0.37300000E+01 -0.90085864E-06  0.25087405E-08
  0.37400000E+01 -0.93016143E-06 -0.63052907E-08
  0.37500000E+01 -0.96145105E-06 -0.16032095E-07
  0.37600000E+01 -0.99493403E-06 -0.26748274E-07
  0.37700000E+01 -0.10308532E-05 -0.38611049E-07
  0.37800000E+01 -0.10694754E-05 -0.51785701E-07
  0.37900000E+01 -0.11111330E-05 -0.66410028E-07
  0.38000000E+01 -0.11561982E-05 -0.82735179E-07
  0.38100000E+01 -0.12051279E-05 -0.10100138E-06
  0.38200000E+01 -0.12584594E-05 -0.12146798E-06
  0.38300000E+01 -0.13168528E-05 -0.14453084E-06
  0.38400000E+01 -0.13811209E-05 -0.17059331E-06
  0.38500000E+01 -0.14522880E-05 -0.20014577E-06
  0.38600000E+01 -0.15316634E-05 -0.23383889E-06
  0.38700000E+01 -0.16209732E-05 -0.27242782E-06
  0.38800000E+01 -0.17225352E-05 -0.31682106E-06
  0.38900000E+01 -0.18395540E-05 -0.36823545E-06
  0.39000000E+01 -0.19764714E-05 -0.42813198E-06
  0.39100000E+01 -0.21394100E-05 -0.49832769E-06
  0.39200000E+01 -0.23364898E-05 -0.58123273E-06
  0.39300000E+01 -0.25776701E-05 -0.67985171E-06
  0.39400000E+01 -0.28734887E-05 -0.79803535E-06
  0.39500000E+01 -0.32318807E-05 -0.94079434E-06
  0.39600000E+01 -0.36525044E-05 -0.11144405E-05
  0.39700000E+01 -0.41187391E-05 -0.13268907E-05
  0.39800000E+01 -0.45891818E-05 -0.15877667E-05
  0.39900000E+01 -0.49923327E-05 -0.19077015E-05
  0.40000000E+01 -0.52292504E-05 -0.22964663E-05
  0.40100000E+01 -0.51881940E-05 -0.27581477E-05
  0.40200000E+01 -0.47711352E-05 -0.32814602E-05
  0.40300000E+01 -0.39263023E-05 -0.38253727E-05
  0.40400000E+01 -0.26756017E-05 -0.43073342E-05
  0.40500000E+01 -0.11244269E-05 -0.46139527E-05
  0.40600000E+01  0.55359003E-06 -0.46512101E-05
  0.40700000E+01  0.21545105E-05 -0.44064474E-05
  0.40800000E+01  0.34927704E-05 -0.39578614E-05
  0.40900000E+01  0.44432704E-05 -0.34202692E-05
  0.41000000E+01  0.49631346E-05 -0.28868182E-05
  0.41100000E+01  0.50877729E-05 -0.24085434E-05
  0.41200000E+01  0.49069145E-05 -0.20027660E-05
  0.41300000E+01  0.45320436E-05 -0.16681590E-05
  0.41400000E+01  0.40675254E-05 -0.13956553E-05
  0.41500000E+01  0.35927066E-05 -0.11744296E-05
  0.41600000E+01  0.31564359E-05 -0.99448581E-06
  0.41700000E+01  0.27808760E-05 -0.84734913E-06
  0.41800000E+01  0.24696121E-05 -0.72623991E-06
  0.41900000E+01  0.22160589E-05 -0.62583843E-06
  0.42000000E+01  0.20098390E-05 -0.54196761E-06
  0.42100000E+01  0.18405548E-05 -0.47137183E-06
  0.42200000E+01  0.16994857E-05 -0.41155060E-06
  0.42300000E+01  0.15799322E-05 -0.36049018E-06
  0.42400000E+01  0.14770070E-05 -0.31662103E-06
  0.42500000E+01  0.13871720E-05 -0.27872907E-06
  0.42600000E+01  0.13078777E-05 -0.24579111E-06
  0.42700000E+01  0.12372320E-05 -0.21700721E-06
  0.42800000E+01  0.11737988E-05 -0.19174303E-06
  0.42900000E+01  0.11164726E-05 -0.16945476E-06
  0.43000000E+01  0.10643698E-05 -0.14970284E-06
  0.43100000E+01  0.10167787E-05 -0.13215326E-06
  0.43200000E+01  0.97312269E-06 -0.11647119E-06
  0.43300000E+01  0.93291569E-06 -0.10241293E-06
  0.43400000E+01  0.89575626E-06 -0.89796803E-07
  0.43500000E+01  0.86129746E-06 -0.78412941E-07
  0.43600000E+01  0.82925681E-06 -0.68107363E-07
  0.43700000E+01  0.79937729E-06 -0.58783890E-07
  0.43800000E+01  0.77144541E-06 -0.50295476E-07
  0.43900000E+01  0.74527200E-06 -0.42558432E-07
  0.44000000E+01  0.72069670E-06 -0.35504523E-07
  0.44100000E+01  0.69757387E-06 -0.29042117E-07
  0.44200000E+01  0.67577651E-06 -0.23111612E-07
  0.44300000E+01  0.65519379E-06 -0.17680877E-07
  0.44400000E+01  0.63572477E-06 -0.12665846E-07
  0.44500000E+01  0.61728050E-06 -0.80426425E-08
  0.44600000E+01  0.59978255E-06 -0.37916277E-08
  0.44700000E+01  0.58315948E-06  0.14864738E-09
  0.44800000E+01  0.56734416E-06  0.38064061E-08
  0.44900000E+01  0.55227992E-06  0.71762102E-08
  0.45000000E+01  0.53791691E-06  0.10319402E-07
  0.45100000E+01  0.52420261E-06  0.13239207E-07
  0.45200000E+01  0.51109703E-06  0.15944031E-07
  0.45300000E+01  0.49855912E-06  0.18472144E-07
  0.45400000E+01  0.48655335E-06  0.20830268E-07
  0.45500000E+01  0.47504462E-06  0.23020806E-07
  0.45600000E+01  0.46400450E-06  0.25067084E-07
  0.45700000E+01  0.45340364E-06  0.26989694E-07
  0.45800000E+01  0.44321871E-06  0.28773686E-07
  0.45900000E+01  0.43342212E-06  0.30450775E-07
  0.46000000E+01  0.42399559E-06  0.32022442E-07
  0.46100000E+01  0.41491489E-06  0.33482964E-07
  0.46200000E+01  0.40616529E-06  0.34861370E-07
  0.46300000E+01  0.39772598E-06  0.36154195E-07
  0.46400000E+01  0.38958212E-06  0.37354648E-07
  0.46500000E+01  0.38171725E-06  0.38487196E-07
  0.46600000E+01  0.37411898E-06  0.39565869E-07
  0.46700000E+01  0.36677417E-06  0.40553770E-07
  0.46800000E+01  0.35966765E-06  0.41492509E-07
  0.46900000E+01  0.35279102E-06  0.42382790E-07
  0.47000000E+01  0.34613162E-06  0.43192761E-07
  0.47100000E+01  0.33967955E-06  0.43974149E-07
  0.47200000E+01  0.33342676E-06  0.44708723E-07
  0.47300000E+01  0.32736350E-06  0.45389024E-07
  0.47400000E+01  0.32147926E-06  0.46023942E-07
  0.47500000E+01  0.31577106E-06  0.46637760E-07
  0.47600000E+01  0.31022610E-06  0.47193179E-07
  0.47700000E+01  0.30484000E-06  0.47721117E-07
  0.47800000E+01  0.29960531E-06  0.48226377E-07
  0.47900000E+01  0.29451685E-06  0.48684468E-07
  0.48000000E+01  0.28956797E-06  0.49116402E-07
  0.48100000E+01  0.28475294E-06  0.49535822E-07
  0.48200000E+01  0.28006737E-06  0.49904915E-07
  0.48300000E+01  0.27550498E-06  0.50262450E-07
  0.48400000E+01  0.27106203E-06  0.50600655E-07
  0.48500000E+01  0.26673270E-06  0.50906536E-07
  0.48600000E+01  0.26251409E-06  0.51190009E-07
  0.48700000E+01  0.25840112E-06  0.51463702E-07
  0.48800000E+01  0.25439182E-06  0.51708644E-07
  0.48900000E+01  0.25047897E-06  0.51935443E-07
  0.49000000E+01  0.24666217E-06  0.52154061E-07
  0.49100000E+01  0.24293693E-06  0.52347243E-07
  0.49200000E+01  0.23929976E-06  0.52528294E-07
  0.49300000E+01  0.23574873E-06  0.52699463E-07
  0.49400000E+01  0.23227873E-06  0.52845145E-07
  0.49500000E+01  0.22888984E-06  0.52981597E-07
  0.49600000E+01  0.22557698E-06  0.53114682E-07
  0.49700000E+01  0.22233985E-06  0.53219545E-07
  0.49800000E+01  0.21917361E-06  0.53315556E-07
  0.49900000E+01  0.21607835E-06  0.53414101E-07
  0.50000000E+01  0.21304996E-06  0.53487861E-07
  0.50100000E+01  0.21008711E-06  0.53557399E-07
  0.50200000E+01  0.20718779E-06  0.53619094E-07
  0.50300000E+01  0.20434929E-06  0.53666646E-07
  0.50400000E+01  0.20157167E-06  0.53697157E-07
  0.50500000E+01  0.19885088E-06  0.53737436E-07
  0.50600000E+01  0.19618609E-06  0.53761328E-07
  0.50700000E+01  0.19357607E-06  0.53771754E-07
  0.50800000E+01  0.19101922E-06  0.53786223E-07
  0.50900000E+01  0.18851243E-06  0.53789998E-07
  0.51000000E+01  0.18605636E-06  0.53779917E-07
  0.51100000E+01  0.18364862E-06  0.53769832E-07
  0.51200000E+01  0.18128767E-06  0.53753242E-07
  0.51300000E+01  0.17897286E-06  0.53721260E-07
  0.51400000E+01  0.17670250E-06  0.53697713E-07
  0.51500000E+01  0.17447528E-06  0.53665645E-07
  0.51600000E+01  0.17228984E-06  0.53617263E-07
  0.51700000E+01  0.17014618E-06  0.53577303E-07
  0.51800000E+01  0.16804204E-06  0.53529333E-07
  0.51900000E+01  0.16597720E-06  0.53467014E-07
  0.52000000E+01  0.16394957E-06  0.53410490E-07
  0.52100000E+01  0.16195854E-06  0.53350665E-07
  0.52200000E+01  0.16000351E-06  0.53280396E-07
  0.52300000E+01  0.15808358E-06  0.53211142E-07
  0.52400000E+01  0.15619758E-06  0.53139614E-07
  0.52500000E+01  0.15434500E-06  0.53052925E-07
  0.52600000E+01  0.15252504E-06  0.52973054E-07
  0.52700000E+01  0.15073646E-06  0.52891721E-07
  0.52800000E+01  0.14897849E-06  0.52800987E-07
  0.52900000E+01  0.14725124E-06  0.52709771E-07
  0.53000000E+01  0.14555322E-06  0.52616887E-07
  0.53100000E+01  0.14388358E-06  0.52517381E-07
  0.53200000E+01  0.14224266E-06  0.52420840E-07
  0.53300000E+01  0.14062904E-06  0.52322952E-07
  0.53400000E+01  0.13904161E-06  0.52211635E-07
  0.53500000E+01  0.13748039E-06  0.52110127E-07
  0.53600000E+01  0.13594495E-06  0.52005130E-07
  0.53700000E+01  0.13443429E-06  0.51883252E-07
  0.53800000E+01  0.13294799E-06  0.51775796E-07
  0.53900000E+01  0.13148528E-06  0.51663699E-07
  0.54000000E+01  0.13004623E-06  0.51545833E-07
  0.54100000E+01  0.12863024E-06  0.51427661E-07
  0.54200000E+01  0.12723594E-06  0.51313792E-07
  0.54300000E+01  0.12586346E-06  0.51187295E-07
  0.54400000E+01  0.12451295E-06  0.51061539E-07
  0.54500000E+01  0.12318306E-06  0.50942899E-07
  0.54600000E+01  0.12187302E-06  0.50814675E-07
  0.54700000E+01  0.12058383E-06  0.50685962E-07
  0.54800000E+01  0.11931378E-06  0.50564289E-07
  0.54900000E+01  0.11806352E-06  0.50433469E-07
  0.55000000E+01  0.11683170E-06  0.50302149E-07
  0.55100000E+01  0.11561809E-06  0.50176471E-07
  0.55200000E+01  0.11442261E-06  0.50039511E-07
  0.55300000E+01  0.11324494E-06  0.49901634E-07
  0.55400000E+01  0.11208449E-06  0.49775619E-07
  0.55500000E+01  0.11094118E-06  0.49635828E-07
  0.55600000E+01  0.10981409E-06  0.49502352E-07
  0.55700000E+01  0.10870373E-06  0.49366021E-07
  0.55800000E+01  0.10760940E-06  0.49231343E-07
  0.55900000E+01  0.10653036E-06  0.49091620E-07
  0.56000000E+01  0.10546681E-06  0.48954316E-07
  0.56100000E+01  0.10441832E-06  0.48813051E-07
  0.56200000E+01  0.10338428E-06  0.48670249E-07
  0.56300000E+01  0.10236575E-06  0.48535919E-07
  0.56400000E+01  0.10136053E-06  0.48396031E-07
  0.56500000E+01  0.10036958E-06  0.48251081E-07
  0.56600000E+01  0.99392175E-07  0.48112441E-07
  0.56700000E+01  0.98428805E-07  0.47972003E-07
  0.56800000E+01  0.97477984E-07  0.47824684E-07
  0.56900000E+01  0.96540439E-07  0.47688918E-07
  0.57000000E+01  0.95615732E-07  0.47550622E-07
  0.57100000E+01  0.94702958E-07  0.47396617E-07
  0.57200000E+01  0.93802732E-07  0.47259035E-07
  0.57300000E+01  0.92914363E-07  0.47119238E-07
  0.57400000E+01  0.92037932E-07  0.46971482E-07
  0.57500000E+01  0.91173283E-07  0.46830253E-07
  0.57600000E+01  0.90319825E-07  0.46687668E-07
  0.57700000E+01  0.89477816E-07  0.46539422E-07
  0.57800000E+01  0.88646922E-07  0.46400426E-07
  0.57900000E+01  0.87826707E-07  0.46255742E-07
  0.58000000E+01  0.87016913E-07  0.46105295E-07
  0.58100000E+01  0.86217875E-07  0.45967532E-07
  0.58200000E+01  0.85428876E-07  0.45825076E-07
  0.58300000E+01  0.84649854E-07  0.45678457E-07
  0.58400000E+01  0.83881241E-07  0.45537915E-07
  0.58500000E+01  0.83122157E-07  0.45401348E-07
  0.58600000E+01  0.82372278E-07  0.45247634E-07
  0.58700000E+01  0.81632347E-07  0.45103626E-07
  0.58800000E+01  0.80901593E-07  0.44964457E-07
  0.58900000E+01  0.80179668E-07  0.44816875E-07
  0.59000000E+01  0.79467174E-07  0.44675665E-07
  0.59100000E+01  0.78763241E-07  0.44538719E-07
  0.59200000E+01  0.78067793E-07  0.44392304E-07
  0.59300000E+01  0.77381026E-07  0.44247923E-07
  0.59400000E+01  0.76702709E-07  0.44112982E-07
  0.59500000E+01  0.76032653E-07  0.43965864E-07
  0.59600000E+01  0.75370817E-07  0.43819385E-07
  0.59700000E+01  0.74716735E-07  0.43686170E-07
  0.59800000E+01  0.74070688E-07  0.43539189E-07
  0.59900000E+01  0.73432465E-07  0.43397777E-07
  0.60000000E+01  0.72801762E-07  0.43262629E-07
