  0.20000000E+00 -0.18184099E-11  0.39471976E-11
  0.21000000E+00 -0.19904829E-11  0.41091442E-11
  0.22000000E+00 -0.21695950E-11  0.42660629E-11
  0.23000000E+00 -0.23555579E-11  0.44177500E-11
  0.24000000E+00 -0.25481758E-11  0.45640076E-11
  0.25000000E+00 -0.27472456E-11  0.47046432E-11
  0.26000000E+00 -0.29525570E-11  0.48394681E-11
  0.27000000E+00 -0.31638926E-11  0.49683020E-11
  0.28000000E+00 -0.33810283E-11  0.50909666E-11
  0.29000000E+00 -0.36037334E-11  0.52072930E-11
  0.30000000E+00 -0.38317706E-11  0.53171165E-11
  0.31000000E+00 -0.40648966E-11  0.54202780E-11
  0.32000000E+00 -0.43028618E-11  0.55166284E-11
  0.33000000E+00 -0.45454112E-11  0.56060191E-11
  0.34000000E+00 -0.47922839E-11  0.56883156E-11
  0.35000000E+00 -0.50432138E-11  0.57633835E-11
  0.36000000E+00 -0.52979297E-11  0.58311000E-11
  0.37000000E+00 -0.55561557E-11  0.58913487E-11
  0.38000000E+00 -0.58176111E-11  0.59440168E-11
  0.39000000E+00 -0.60820110E-11  0.59890068E-11
  0.40000000E+00 -0.63490664E-11  0.60262186E-11
  0.41000000E+00 -0.66184843E-11  0.60555699E-11
  0.42000000E+00 -0.68899686E-11  0.60769789E-11
  0.43000000E+00 -0.71632196E-11  0.60903742E-11
  0.44000000E+00 -0.74379347E-11  0.60956957E-11
  0.45000000E+00 -0.77138088E-11  0.60928832E-11
  0.46000000E+00 -0.79905342E-11  0.60818953E-11
  0.47000000E+00 -0.82678013E-11  0.60626896E-11
  0.48000000E+00 -0.85452986E-11  0.60352370E-11
  0.49000000E+00 -0.88227132E-11  0.59995179E-11
  0.50000000E+00 -0.90997311E-11  0.59555140E-11
  0.51000000E+00 -0.93760375E-11  0.59032268E-11
  0.52000000E+00 -0.96513168E-11  0.58426550E-11
  0.53000000E+00 -0.99252537E-11  0.57738128E-11
  0.54000000E+00 -0.10197533E-10  0.56967239E-11
  0.55000000E+00 -0.10467838E-10  0.56114113E-11
  0.56000000E+00 -0.10735857E-10  0.55179223E-11
  0.57000000E+00 -0.11001276E-10  0.54162953E-11
  0.58000000E+00 -0.11263784E-10  0.53065910E-11
  0.59000000E+00 -0.11523070E-10  0.51888740E-11
  0.60000000E+00 -0.11778827E-10  0.50632110E-11
  0.61000000E+00 -0.12030751E-10  0.49296934E-11
  0.62000000E+00 -0.12278540E-10  0.47884001E-11
  0.63000000E+00 -0.12521893E-10  0.46394373E-11
  0.64000000E+00 -0.12760517E-10  0.44829096E-11
  0.65000000E+00 -0.12994120E-10  0.43189271E-11
  0.66000000E+00 -0.13222414E-10  0.41476227E-11
  0.67000000E+00 -0.13445117E-10  0.39691164E-11
  0.68000000E+00 -0.13661952E-10  0.37835557E-11
  0.69000000E+00 -0.13872646E-10  0.35910858E-11
  0.70000000E+00 -0.14076933E-10  0.33918555E-11
  0.71000000E+00 -0.14274552E-10  0.31860395E-11
  0.72000000E+00 -0.14465249E-10  0.29737933E-11
  0.73000000E+00 -0.14648776E-10  0.27553052E-11
  0.74000000E+00 -0.14824893E-10  0.25307561E-11
  0.75000000E+00 -0.14993367E-10  0.23003312E-11
  0.76000000E+00 -0.15153973E-10  0.20642420E-11
  0.77000000E+00 -0.15306492E-10  0.18226772E-11
  0.78000000E+00 -0.15450715E-10  0.15758597E-11
  0.79000000E+00 -0.15586443E-10  0.13240035E-11
  0.80000000E+00 -0.15713483E-10  0.10673241E-11
  0.81000000E+00 -0.15831654E-10  0.80606533E-12
  0.82000000E+00 -0.15940782E-10  0.54044406E-12
  0.83000000E+00 -0.16040705E-10  0.27071130E-12
  0.84000000E+00 -0.16131270E-10 -0.28902457E-14
  0.85000000E+00 -0.16212335E-10 -0.28012262E-12
  0.86000000E+00 -0.16283768E-10 -0.56071421E-12
  0.87000000E+00 -0.16345449E-10 -0.84442776E-12
  0.88000000E+00 -0.16397267E-10 -0.11309905E-11
  0.89000000E+00 -0.16439125E-10 -0.14201382E-11
  0.90000000E+00 -0.16470937E-10 -0.17116174E-11
  0.91000000E+00 -0.16492627E-10 -0.20051376E-11
  0.92000000E+00 -0.16504134E-10 -0.23004463E-11
  0.93000000E+00 -0.16505407E-10 -0.25972607E-11
  0.94000000E+00 -0.16496408E-10 -0.28952996E-11
  0.95000000E+00 -0.16477112E-10 -0.31943051E-11
  0.96000000E+00 -0.16447507E-10 -0.34939756E-11
  0.97000000E+00 -0.16407593E-10 -0.37940523E-11
  0.98000000E+00 -0.16357383E-10 -0.40942518E-11
  0.99000000E+00 -0.16296905E-10 -0.43942852E-11
  0.10000000E+01 -0.16226197E-10 -0.46938989E-11
  0.10100000E+01 -0.16145314E-10 -0.49927922E-11
  0.10200000E+01 -0.16054322E-10 -0.52907062E-11
  0.10300000E+01 -0.15953300E-10 -0.55873710E-11
  0.10400000E+01 -0.15842342E-10 -0.58824978E-11
  0.10500000E+01 -0.15721554E-10 -0.61758478E-11
  0.10600000E+01 -0.15591057E-10 -0.64671337E-11
  0.10700000E+01 -0.15450984E-10 -0.67561044E-11
  0.10800000E+01 -0.15301482E-10 -0.70425161E-11
  0.10900000E+01 -0.15142711E-10 -0.73260914E-11
  0.11000000E+01 -0.14974844E-10 -0.76066144E-11
  0.11100000E+01 -0.14798066E-10 -0.78838268E-11
  0.11200000E+01 -0.14612578E-10 -0.81574924E-11
  0.11300000E+01 -0.14418591E-10 -0.84274064E-11
  0.11400000E+01 -0.14216328E-10 -0.86933158E-11
  0.11500000E+01 -0.14006027E-10 -0.89550343E-11
  0.11600000E+01 -0.13787936E-10 -0.92123490E-11
  0.11700000E+01 -0.13562316E-10 -0.94650470E-11
  0.11800000E+01 -0.13329437E-10 -0.97129724E-11
  0.11900000E+01 -0.13089584E-10 -0.99559132E-11
  0.12000000E+01 -0.12843050E-10 -0.10193717E-10
  0.12100000E+01 -0.12590140E-10 -0.10426232E-10
  0.12200000E+01 -0.12331168E-10 -0.10653280E-10
  0.12300000E+01 -0.12066459E-10 -0.10874759E-10
  0.12400000E+01 -0.11796346E-10 -0.11090517E-10
  0.12500000E+01 -0.11521171E-10 -0.11300440E-10
  0.12600000E+01 -0.11241285E-10 -0.11504449E-10
  0.12700000E+01 -0.10957047E-10 -0.11702415E-10
  0.12800000E+01 -0.10668822E-10 -0.11894291E-10
  0.12900000E+01 -0.10376983E-10 -0.12080005E-10
  0.13000000E+01 -0.10081909E-10 -0.12259484E-10
  0.13100000E+01 -0.97839829E-11 -0.12432729E-10
  0.13200000E+01 -0.94835940E-11 -0.12599678E-10
  0.13300000E+01 -0.91811353E-11 -0.12760339E-10
  0.13400000E+01 -0.88770033E-11 -0.12914730E-10
  0.13500000E+01 -0.85715972E-11 -0.13062833E-10
  0.13600000E+01 -0.82653181E-11 -0.13204724E-10
  0.13700000E+01 -0.79585684E-11 -0.13340431E-10
  0.13800000E+01 -0.76517510E-11 -0.13470009E-10
  0.13900000E+01 -0.73452683E-11 -0.13593576E-10
  0.14000000E+01 -0.70395215E-11 -0.13711183E-10
  0.14100000E+01 -0.67349098E-11 -0.13822972E-10
  0.14200000E+01 -0.64318291E-11 -0.13929073E-10
  0.14300000E+01 -0.61306718E-11 -0.14029595E-10
  0.14400000E+01 -0.58318254E-11 -0.14124746E-10
  0.14500000E+01 -0.55356715E-11 -0.14214667E-10
  0.14600000E+01 -0.52425851E-11 -0.14299549E-10
  0.14700000E+01 -0.49529336E-11 -0.14379635E-10
  0.14800000E+01 -0.46670756E-11 -0.14455094E-10
  0.14900000E+01 -0.43853602E-11 -0.14526205E-10
  0.15000000E+01 -0.41081258E-11 -0.14593216E-10
  0.15100000E+01 -0.38356989E-11 -0.14656361E-10
  0.15200000E+01 -0.35683936E-11 -0.14715976E-10
  0.15300000E+01 -0.33065099E-11 -0.14772316E-10
  0.15400000E+01 -0.30503334E-11 -0.14825700E-10
  0.15500000E+01 -0.28001334E-11 -0.14876485E-10
  0.15600000E+01 -0.25561626E-11 -0.14924956E-10
  0.15700000E+01 -0.23186556E-11 -0.14971508E-10
  0.15800000E+01 -0.20878281E-11 -0.15016496E-10
  0.15900000E+01 -0.18638756E-11 -0.15060263E-10
  0.16000000E+01 -0.16469728E-11 -0.15103251E-10
  0.16100000E+01 -0.14372720E-11 -0.15145812E-10
  0.16200000E+01 -0.12349024E-11 -0.15188360E-10
  0.16300000E+01 -0.10399694E-11 -0.15231349E-10
  0.16400000E+01 -0.85255286E-12 -0.15275141E-10
  0.16500000E+01 -0.67270686E-12 -0.15320219E-10
  0.16600000E+01 -0.50045836E-12 -0.15367015E-10
  0.16700000E+01 -0.33580640E-12 -0.15415932E-10
  0.16800000E+01 -0.17872120E-12 -0.15467486E-10
  0.16900000E+01 -0.29143318E-13 -0.15522080E-10
  0.17000000E+01  0.11301720E-12 -0.15580175E-10
  0.17100000E+01  0.24788160E-12 -0.15642275E-10
  0.17200000E+01  0.37560314E-12 -0.15708771E-10
  0.17300000E+01  0.49636781E-12 -0.15780171E-10
  0.17400000E+01  0.61039499E-12 -0.15856933E-10
  0.17500000E+01  0.71793805E-12 -0.15939460E-10
  0.17600000E+01  0.81928485E-12 -0.16028271E-10
  0.17700000E+01  0.91475831E-12 -0.16123767E-10
  0.17800000E+01  0.10047168E-11 -0.16226377E-10
  0.17900000E+01  0.10895544E-11 -0.16336587E-10
  0.18000000E+01  0.11697013E-11 -0.16454747E-10
  0.18100000E+01  0.12456242E-11 -0.16581304E-10
  0.18200000E+01  0.13178260E-11 -0.16716673E-10
  0.18300000E+01  0.13868462E-11 -0.16861171E-10
  0.18400000E+01  0.14532608E-11 -0.17015235E-10
  0.18500000E+01  0.15176820E-11 -0.17179183E-10
  0.18600000E+01  0.15807585E-11 -0.17353315E-10
  0.18700000E+01  0.16431745E-11 -0.17538015E-10
  0.18800000E+01  0.17056500E-11 -0.17733500E-10
  0.18900000E+01  0.17689395E-11 -0.17940057E-10
  0.19000000E+01  0.18338323E-11 -0.18157966E-10
  0.19100000E+01  0.19011510E-11 -0.18387360E-10
  0.19200000E+01  0.19717511E-11 -0.18628489E-10
  0.19300000E+01  0.20465198E-11 -0.18881497E-10
  0.19400000E+01  0.21263753E-11 -0.19146451E-10
  0.19500000E+01  0.22122650E-11 -0.19423522E-10
  0.19600000E+01  0.23051647E-11 -0.19712709E-10
  0.19700000E+01  0.24060770E-11 -0.20014017E-10
  0.19800000E+01  0.25160294E-11 -0.20327496E-10
  0.19900000E+01  0.26360731E-11 -0.20653001E-10
  0.20000000E+01  0.27672807E-11 -0.20990471E-10
  0.20100000E+01  0.29107445E-11 -0.21339791E-10
  0.20200000E+01  0.30675739E-11 -0.21700693E-10
  0.20300000E+01  0.32388938E-11 -0.22073019E-10
  0.20400000E+01  0.34258415E-11 -0.22456469E-10
  0.20500000E+01  0.36295645E-11 -0.22850665E-10
  0.20600000E+01  0.38512177E-11 -0.23255320E-10
  0.20700000E+01  0.40919604E-11 -0.23669938E-10
  0.20800000E+01  0.43529533E-11 -0.24094044E-10
  0.20900000E+01  0.46353556E-11 -0.24527177E-10
  0.21000000E+01  0.49403212E-11 -0.24968667E-10
  0.21100000E+01  0.52689958E-11 -0.25417928E-10
  0.21200000E+01  0.56225128E-11 -0.25874299E-10
  0.21300000E+01  0.60019897E-11 -0.26336956E-10
  0.21400000E+01  0.64085244E-11 -0.26805187E-10
  0.21500000E+01  0.68431909E-11 -0.27278116E-10
  0.21600000E+01  0.73070355E-11 -0.27754789E-10
  0.21700000E+01  0.78010719E-11 -0.28234341E-10
  0.21800000E+01  0.83262776E-11 -0.28715691E-10
  0.21900000E+01  0.88835888E-11 -0.29197771E-10
  0.22000000E+01  0.94738957E-11 -0.29679539E-10
  0.22100000E+01  0.10098038E-10 -0.30159732E-10
  0.22200000E+01  0.10756801E-10 -0.30637179E-10
  0.22300000E+01  0.11450908E-10 -0.31110645E-10
  0.22400000E+01  0.12181019E-10 -0.31578724E-10
  0.22500000E+01  0.12947721E-10 -0.32040139E-10
  0.22600000E+01  0.13751529E-10 -0.32493468E-10
  0.22700000E+01  0.14592874E-10 -0.32937203E-10
  0.22800000E+01  0.15472103E-10 -0.33369953E-10
  0.22900000E+01  0.16389471E-10 -0.33790136E-10
  0.23000000E+01  0.17345138E-10 -0.34196179E-10
  0.23100000E+01  0.18339160E-10 -0.34586578E-10
  0.23200000E+01  0.19371489E-10 -0.34959633E-10
  0.23300000E+01  0.20441964E-10 -0.35313738E-10
  0.23400000E+01  0.21550304E-10 -0.35647288E-10
  0.23500000E+01  0.22696112E-10 -0.35958522E-10
  0.23600000E+01  0.23878858E-10 -0.36245829E-10
  0.23700000E+01  0.25097883E-10 -0.36507530E-10
  0.23800000E+01  0.26352393E-10 -0.36741866E-10
  0.23900000E+01  0.27641449E-10 -0.36947247E-10
  0.24000000E+01  0.28963971E-10 -0.37121971E-10
  0.24100000E+01  0.30318727E-10 -0.37264343E-10
  0.24200000E+01  0.31704334E-10 -0.37372830E-10
  0.24300000E+01  0.33119249E-10 -0.37445764E-10
  0.24400000E+01  0.34561773E-10 -0.37481588E-10
  0.24500000E+01  0.36030041E-10 -0.37478858E-10
  0.24600000E+01  0.37522026E-10 -0.37436026E-10
  0.24700000E+01  0.39035531E-10 -0.37351730E-10
  0.24800000E+01  0.40568191E-10 -0.37224673E-10
  0.24900000E+01  0.42117470E-10 -0.37053514E-10
  0.25000000E+01  0.43680662E-10 -0.36837149E-10
  0.25100000E+01  0.45254889E-10 -0.36574495E-10
  0.25200000E+01  0.46837102E-10 -0.36264513E-10
  0.25300000E+01  0.48424083E-10 -0.35906419E-10
  0.25400000E+01  0.50012446E-10 -0.35499428E-10
  0.25500000E+01  0.51598639E-10 -0.35042894E-10
  0.25600000E+01  0.53178947E-10 -0.34536420E-10
  0.25700000E+01  0.54749498E-10 -0.33979617E-10
  0.25800000E+01  0.56306264E-10 -0.33372321E-10
  0.25900000E+01  0.57845071E-10 -0.32714591E-10
  0.26000000E+01  0.59361603E-10 -0.32006537E-10
  0.26100000E+01  0.60851407E-10 -0.31248562E-10
  0.26200000E+01  0.62309908E-10 -0.30441260E-10
  0.26300000E+01  0.63732413E-10 -0.29585341E-10
  0.26400000E+01  0.65114124E-10 -0.28681853E-10
  0.26500000E+01  0.66450148E-10 -0.27732007E-10
  0.26600000E+01  0.67735512E-10 -0.26737213E-10
  0.26700000E+01  0.68965176E-10 -0.25699228E-10
  0.26800000E+01  0.70134049E-10 -0.24619970E-10
  0.26900000E+01  0.71237002E-10 -0.23501630E-10
  0.27000000E+01  0.72268892E-10 -0.22346736E-10
  0.27100000E+01  0.73224577E-10 -0.21157993E-10
  0.27200000E+01  0.74098937E-10 -0.19938441E-10
  0.27300000E+01  0.74886896E-10 -0.18691429E-10
  0.27400000E+01  0.75583446E-10 -0.17420514E-10
  0.27500000E+01  0.76183673E-10 -0.16129630E-10
  0.27600000E+01  0.76682780E-10 -0.14822981E-10
  0.27700000E+01  0.77076115E-10 -0.13505027E-10
  0.27800000E+01  0.77359204E-10 -0.12180609E-10
  0.27900000E+01  0.77527776E-10 -0.10854803E-10
  0.28000000E+01  0.77577800E-10 -0.95329885E-11
  0.28100000E+01  0.77505512E-10 -0.82208955E-11
  0.28200000E+01  0.77307457E-10 -0.69244602E-11
  0.28300000E+01  0.76980518E-10 -0.56499616E-11
  0.28400000E+01  0.76521956E-10 -0.44039596E-11
  0.28500000E+01  0.75929449E-10 -0.31932077E-11
  0.28600000E+01  0.75201131E-10 -0.20248102E-11
  0.28700000E+01  0.74335632E-10 -0.90605648E-12
  0.28800000E+01  0.73332116E-10  0.15557155E-12
  0.28900000E+01  0.72190330E-10  0.11522759E-11
  0.29000000E+01  0.70910641E-10  0.20761886E-11
  0.29100000E+01  0.69494081E-10  0.29192438E-11
  0.29200000E+01  0.67942391E-10  0.36731489E-11
  0.29300000E+01  0.66258064E-10  0.43296630E-11
  0.29400000E+01  0.64444389E-10  0.48803478E-11
  0.29500000E+01  0.62505496E-10  0.53166889E-11
  0.29600000E+01  0.60446394E-10  0.56303392E-11
  0.29700000E+01  0.58273020E-10  0.58127772E-11
  0.29800000E+01  0.55992272E-10  0.58556180E-11
  0.29900000E+01  0.53612056E-10  0.57507411E-11
  0.30000000E+01  0.51141320E-10  0.54899182E-11
  0.30100000E+01  0.48590087E-10  0.50653248E-11
  0.30200000E+01  0.45969496E-10  0.44694699E-11
  0.30300000E+01  0.43291823E-10  0.36948899E-11
  0.30400000E+01  0.40570515E-10  0.27348268E-11
  0.30500000E+01  0.37820209E-10  0.15828959E-11
  0.30600000E+01  0.35056750E-10  0.23296725E-12
  0.30700000E+01  0.32297208E-10 -0.13200792E-11
  0.30800000E+01  0.29559883E-10 -0.30809689E-11
  0.30900000E+01  0.26864311E-10 -0.50538361E-11
  0.31000000E+01  0.24231254E-10 -0.72415441E-11
  0.31100000E+01  0.21682691E-10 -0.96465266E-11
  0.31200000E+01  0.19241803E-10 -0.12270187E-10
  0.31300000E+01  0.16932935E-10 -0.15112485E-10
  0.31400000E+01  0.14781568E-10 -0.18172853E-10
  0.31500000E+01  0.12814267E-10 -0.21449192E-10
  0.31600000E+01  0.11058624E-10 -0.24937909E-10
  0.31700000E+01  0.95431902E-11 -0.28634650E-10
  0.31800000E+01  0.82973930E-11 -0.32533078E-10
  0.31900000E+01  0.73514443E-11 -0.36625383E-10
  0.32000000E+01  0.67362329E-11 -0.40902638E-10
  0.32100000E+01  0.64832039E-11 -0.45353610E-10
  0.32200000E+01  0.66242235E-11 -0.49965618E-10
  0.32300000E+01  0.71914288E-11 -0.54724448E-10
  0.32400000E+01  0.82170620E-11 -0.59613440E-10
  0.32500000E+01  0.97332885E-11 -0.64614429E-10
  0.32600000E+01  0.11771999E-10 -0.69707406E-10
  0.32700000E+01  0.14364594E-10 -0.74869867E-10
  0.32800000E+01  0.17541754E-10 -0.80077745E-10
  0.32900000E+01  0.21333189E-10 -0.85304975E-10
  0.33000000E+01  0.25767373E-10 -0.90522977E-10
  0.33100000E+01  0.30871266E-10 -0.95701705E-10
  0.33200000E+01  0.36670011E-10 -0.10080903E-09
  0.33300000E+01  0.43186624E-10 -0.10581045E-09
  0.33400000E+01  0.50441664E-10 -0.11067022E-09
  0.33500000E+01  0.58452892E-10 -0.11535055E-09
  0.33600000E+01  0.67234919E-10 -0.11981164E-09
  0.33700000E+01  0.76798835E-10 -0.12401281E-09
  0.33800000E+01  0.87151843E-10 -0.12791153E-09
  0.33900000E+01  0.98296872E-10 -0.13146390E-09
  0.34000000E+01  0.11023220E-09 -0.13462566E-09
  0.34100000E+01  0.12295107E-09 -0.13735113E-09
  0.34200000E+01  0.13644129E-09 -0.13959417E-09
  0.34300000E+01  0.15068488E-09 -0.14130897E-09
  0.34400000E+01  0.16565773E-09 -0.14244904E-09
  0.34500000E+01  0.18132918E-09 -0.14296868E-09
  0.34600000E+01  0.19766179E-09 -0.14282322E-09
  0.34700000E+01  0.21461097E-09 -0.14196869E-09
  0.34800000E+01  0.23212477E-09 -0.14036305E-09
  0.34900000E+01  0.25014365E-09 -0.13796659E-09
  0.35000000E+01  0.26860033E-09 -0.13474170E-09
  0.35100000E+01  0.28741968E-09 -0.13065421E-09
  0.35200000E+01  0.30651873E-09 -0.12567380E-09
  0.35300000E+01  0.32580669E-09 -0.11977383E-09
  0.35400000E+01  0.34518517E-09 -0.11293288E-09
  0.35500000E+01  0.36454841E-09 -0.10513494E-09
  0.35600000E+01  0.38378370E-09 -0.96369471E-10
  0.35700000E+01  0.40277196E-09 -0.86632895E-10
  0.35800000E+01  0.42138841E-09 -0.75928677E-10
  0.35900000E+01  0.43950348E-09 -0.64267420E-10
  0.36000000E+01  0.45698391E-09 -0.51668258E-10
  0.36100000E+01  0.47369404E-09 -0.38158713E-10
  0.36200000E+01  0.48949737E-09 -0.23774724E-10
  0.36300000E+01  0.50425839E-09 -0.85617757E-11
  0.36400000E+01  0.51784465E-09  0.74256215E-11
  0.36500000E+01  0.53012919E-09  0.24124145E-10
  0.36600000E+01  0.54099324E-09  0.41461020E-10
  0.36700000E+01  0.55032931E-09  0.59355137E-10
  0.36800000E+01  0.55804460E-09  0.77717775E-10
  0.36900000E+01  0.56406478E-09  0.96452748E-10
  0.37000000E+01  0.56833815E-09  0.11545843E-09
  0.37100000E+01  0.57084016E-09  0.13462932E-09
  0.37200000E+01  0.57157820E-09  0.15385739E-09
  0.37300000E+01  0.57059677E-09  0.17303539E-09
  0.37400000E+01  0.56798280E-09  0.19205967E-09
  0.37500000E+01  0.56387111E-09  0.21083316E-09
  0.37600000E+01  0.55844984E-09  0.22927033E-09
  0.37700000E+01  0.55196569E-09  0.24730176E-09
  0.37800000E+01  0.54472864E-09  0.26487903E-09
  0.37900000E+01  0.53711574E-09  0.28198160E-09
  0.38000000E+01  0.52957370E-09  0.29862323E-09
  0.38100000E+01  0.52261928E-09  0.31485873E-09
  0.38200000E+01  0.51683689E-09  0.33079242E-09
  0.38300000E+01  0.51287204E-09  0.34658555E-09
  0.38400000E+01  0.51141901E-09  0.36246362E-09
  0.38500000E+01  0.51320051E-09  0.37872418E-09
  0.38600000E+01  0.51893592E-09  0.39574226E-09
  0.38700000E+01  0.52929345E-09  0.41397351E-09
  0.38800000E+01  0.54481908E-09  0.43395502E-09
  0.38900000E+01  0.56583230E-09  0.45629956E-09
  0.39000000E+01  0.59227535E-09  0.48168234E-09
  0.39100000E+01  0.62350085E-09  0.51081787E-09
  0.39200000E+01  0.65798617E-09  0.54442040E-09
  0.39300000E+01  0.69297904E-09  0.58314384E-09
  0.39400000E+01  0.72411469E-09  0.62749457E-09
  0.39500000E+01  0.74510500E-09  0.67770605E-09
  0.39600000E+01  0.74767561E-09  0.73356655E-09
  0.39700000E+01  0.72198612E-09  0.79419092E-09
  0.39800000E+01  0.65775771E-09  0.85773009E-09
  0.39900000E+01  0.54619361E-09  0.92103414E-09
  0.40000000E+01  0.38249161E-09  0.97932689E-09
  0.40100000E+01  0.16837718E-09  0.10260392E-08
  0.40200000E+01 -0.86207946E-10  0.10531041E-08
  0.40300000E+01 -0.36314103E-09  0.10521751E-08
  0.40400000E+01 -0.63836081E-09  0.10171272E-08
  0.40500000E+01 -0.88606155E-09  0.94735009E-09
  0.40600000E+01 -0.10837847E-08  0.84976507E-09
  0.40700000E+01 -0.12168870E-08  0.73711429E-09
  0.40800000E+01 -0.12810009E-08  0.62297133E-09
  0.40900000E+01 -0.12818166E-08  0.51721556E-09
  0.41000000E+01 -0.12324905E-08  0.42468804E-09
  0.41100000E+01 -0.11497545E-08  0.34636364E-09
  0.41200000E+01 -0.10500592E-08  0.28112821E-09
  0.41300000E+01 -0.94679475E-09  0.22709097E-09
  0.41400000E+01 -0.84902623E-09  0.18228941E-09
  0.41500000E+01 -0.76158431E-09  0.14498255E-09
  0.41600000E+01 -0.68599959E-09  0.11372914E-09
  0.41700000E+01 -0.62171389E-09  0.87374792E-10
  0.41800000E+01 -0.56715636E-09  0.65008787E-10
  0.41900000E+01 -0.52049379E-09  0.45915629E-10
  0.42000000E+01 -0.48004431E-09  0.29532639E-10
  0.42100000E+01 -0.44443852E-09  0.15415769E-10
  0.42200000E+01 -0.41263245E-09  0.32120126E-11
  0.42300000E+01 -0.38385535E-09 -0.73613423E-11
  0.42400000E+01 -0.35754268E-09 -0.16532169E-10
  0.42500000E+01 -0.33327718E-09 -0.24486050E-10
  0.42600000E+01 -0.31074470E-09 -0.31375387E-10
  0.42700000E+01 -0.28970335E-09 -0.37326051E-10
  0.42800000E+01 -0.26996290E-09 -0.42443240E-10
  0.42900000E+01 -0.25137089E-09 -0.46815572E-10
  0.43000000E+01 -0.23380323E-09 -0.50517979E-10
  0.43100000E+01 -0.21715755E-09 -0.53614679E-10
  0.43200000E+01 -0.20134852E-09 -0.56161104E-10
  0.43300000E+01 -0.18630429E-09 -0.58205146E-10
  0.43400000E+01 -0.17196388E-09 -0.59788832E-10
  0.43500000E+01 -0.15827513E-09 -0.60949273E-10
  0.43600000E+01 -0.14519314E-09 -0.61719153E-10
  0.43700000E+01 -0.13267896E-09 -0.62127789E-10
  0.43800000E+01 -0.12069866E-09 -0.62201603E-10
  0.43900000E+01 -0.10922244E-09 -0.61964262E-10
  0.44000000E+01 -0.98224050E-10 -0.61437406E-10
  0.44100000E+01 -0.87680201E-10 -0.60640898E-10
  0.44200000E+01 -0.77570134E-10 -0.59592780E-10
  0.44300000E+01 -0.67875249E-10 -0.58309825E-10
  0.44400000E+01 -0.58578797E-10 -0.56807667E-10
  0.44500000E+01 -0.49665615E-10 -0.55100671E-10
  0.44600000E+01 -0.41121914E-10 -0.53202368E-10
  0.44700000E+01 -0.32935088E-10 -0.51125538E-10
  0.44800000E+01 -0.25093557E-10 -0.48882024E-10
  0.44900000E+01 -0.17586633E-10 -0.46483102E-10
  0.45000000E+01 -0.10404403E-10 -0.43939529E-10
  0.45100000E+01 -0.35376313E-11 -0.41261340E-10
  0.45200000E+01  0.30223275E-11 -0.38458165E-10
  0.45300000E+01  0.92836025E-11 -0.35539264E-10
  0.45400000E+01  0.15253870E-10 -0.32513319E-10
  0.45500000E+01  0.20940410E-10 -0.29388703E-10
  0.45600000E+01  0.26350153E-10 -0.26173521E-10
  0.45700000E+01  0.31489723E-10 -0.22875394E-10
  0.45800000E+01  0.36365476E-10 -0.19501699E-10
  0.45900000E+01  0.40983529E-10 -0.16059611E-10
  0.46000000E+01  0.45349787E-10 -0.12555890E-10
  0.46100000E+01  0.49469975E-10 -0.89970906E-11
  0.46200000E+01  0.53349648E-10 -0.53896120E-11
  0.46300000E+01  0.56994221E-10 -0.17394898E-11
  0.46400000E+01  0.60408977E-10  0.19474207E-11
  0.46500000E+01  0.63599087E-10  0.56653875E-11
  0.46600000E+01  0.66569616E-10  0.94090027E-11
  0.46700000E+01  0.69325543E-10  0.13173023E-10
  0.46800000E+01  0.71871762E-10  0.16952305E-10
  0.46900000E+01  0.74213095E-10  0.20741998E-10
  0.47000000E+01  0.76354297E-10  0.24537405E-10
  0.47100000E+01  0.78300065E-10  0.28333914E-10
  0.47200000E+01  0.80055041E-10  0.32127176E-10
  0.47300000E+01  0.81623815E-10  0.35912992E-10
  0.47400000E+01  0.83010935E-10  0.39687236E-10
  0.47500000E+01  0.84220903E-10  0.43446020E-10
  0.47600000E+01  0.85258185E-10  0.47185604E-10
  0.47700000E+01  0.86127205E-10  0.50902309E-10
  0.47800000E+01  0.86832357E-10  0.54592676E-10
  0.47900000E+01  0.87377998E-10  0.58253391E-10
  0.48000000E+01  0.87768452E-10  0.61881194E-10
  0.48100000E+01  0.88008015E-10  0.65473026E-10
  0.48200000E+01  0.88100949E-10  0.69025971E-10
  0.48300000E+01  0.88051486E-10  0.72537161E-10
  0.48400000E+01  0.87863831E-10  0.76003915E-10
  0.48500000E+01  0.87542155E-10  0.79423691E-10
  0.48600000E+01  0.87090603E-10  0.82793989E-10
  0.48700000E+01  0.86513286E-10  0.86112484E-10
  0.48800000E+01  0.85814288E-10  0.89376986E-10
  0.48900000E+01  0.84997660E-10  0.92585344E-10
  0.49000000E+01  0.84067424E-10  0.95735569E-10
  0.49100000E+01  0.83027567E-10  0.98825801E-10
  0.49200000E+01  0.81882045E-10  0.10185422E-09
  0.49300000E+01  0.80634783E-10  0.10481915E-09
  0.49400000E+01  0.79289668E-10  0.10771905E-09
  0.49500000E+01  0.77850556E-10  0.11055241E-09
  0.49600000E+01  0.76321264E-10  0.11331786E-09
  0.49700000E+01  0.74705577E-10  0.11601413E-09
  0.49800000E+01  0.73007238E-10  0.11864002E-09
  0.49900000E+01  0.71229956E-10  0.12119444E-09
  0.50000000E+01  0.69377399E-10  0.12367641E-09
  0.50100000E+01  0.67453195E-10  0.12608499E-09
  0.50200000E+01  0.65460933E-10  0.12841935E-09
  0.50300000E+01  0.63404159E-10  0.13067879E-09
  0.50400000E+01  0.61286376E-10  0.13286261E-09
  0.50500000E+01  0.59111047E-10  0.13497025E-09
  0.50600000E+01  0.56881588E-10  0.13700123E-09
  0.50700000E+01  0.54601370E-10  0.13895511E-09
  0.50800000E+01  0.52273720E-10  0.14083155E-09
  0.50900000E+01  0.49901918E-10  0.14263032E-09
  0.51000000E+01  0.47489197E-10  0.14435118E-09
  0.51100000E+01  0.45038741E-10  0.14599403E-09
  0.51200000E+01  0.42553686E-10  0.14755884E-09
  0.51300000E+01  0.40037120E-10  0.14904558E-09
  0.51400000E+01  0.37492078E-10  0.15045435E-09
  0.51500000E+01  0.34921547E-10  0.15178532E-09
  0.51600000E+01  0.32328461E-10  0.15303866E-09
  0.51700000E+01  0.29715705E-10  0.15421465E-09
  0.51800000E+01  0.27086108E-10  0.15531364E-09
  0.51900000E+01  0.24442448E-10  0.15633598E-09
  0.52000000E+01  0.21787450E-10  0.15728212E-09
  0.52100000E+01  0.19123785E-10  0.15815258E-09
  0.52200000E+01  0.16454068E-10  0.15894788E-09
  0.52300000E+01  0.13780863E-10  0.15966861E-09
  0.52400000E+01  0.11106675E-10  0.16031546E-09
  0.52500000E+01  0.84339569E-11  0.16088907E-09
  0.52600000E+01  0.57651038E-11  0.16139020E-09
  0.52700000E+01  0.31024561E-11  0.16181967E-09
  0.52800000E+01  0.44829777E-12  0.16217826E-09
  0.52900000E+01 -0.21951436E-11  0.16246684E-09
  0.53000000E+01 -0.48256968E-11  0.16268636E-09
  0.53100000E+01 -0.74412473E-11  0.16283773E-09
  0.53200000E+01 -0.10039737E-10  0.16292191E-09
  0.53300000E+01 -0.12619166E-10  0.16294000E-09
  0.53400000E+01 -0.15177590E-10  0.16289298E-09
  0.53500000E+01 -0.17713121E-10  0.16278192E-09
  0.53600000E+01 -0.20223929E-10  0.16260801E-09
  0.53700000E+01 -0.22708242E-10  0.16237234E-09
  0.53800000E+01 -0.25164342E-10  0.16207606E-09
  0.53900000E+01 -0.27590571E-10  0.16172044E-09
  0.54000000E+01 -0.29985325E-10  0.16130665E-09
  0.54100000E+01 -0.32347058E-10  0.16083590E-09
  0.54200000E+01 -0.34674279E-10  0.16030955E-09
  0.54300000E+01 -0.36965555E-10  0.15972884E-09
  0.54400000E+01 -0.39219508E-10  0.15909503E-09
  0.54500000E+01 -0.41434814E-10  0.15840954E-09
  0.54600000E+01 -0.43610208E-10  0.15767367E-09
  0.54700000E+01 -0.45744478E-10  0.15688872E-09
  0.54800000E+01 -0.47836466E-10  0.15605616E-09
  0.54900000E+01 -0.49885070E-10  0.15517735E-09
  0.55000000E+01 -0.51889243E-10  0.15425360E-09
  0.55100000E+01 -0.53847988E-10  0.15328644E-09
  0.55200000E+01 -0.55760366E-10  0.15227725E-09
  0.55300000E+01 -0.57625487E-10  0.15122737E-09
  0.55400000E+01 -0.59442517E-10  0.15013836E-09
  0.55500000E+01 -0.61210671E-10  0.14901162E-09
  0.55600000E+01 -0.62929218E-10  0.14784850E-09
  0.55700000E+01 -0.64597475E-10  0.14665057E-09
  0.55800000E+01 -0.66214814E-10  0.14541926E-09
  0.55900000E+01 -0.67780652E-10  0.14415592E-09
  0.56000000E+01 -0.69294460E-10  0.14286211E-09
  0.56100000E+01 -0.70755754E-10  0.14153929E-09
  0.56200000E+01 -0.72164102E-10  0.14018878E-09
  0.56300000E+01 -0.73519116E-10  0.13881215E-09
  0.56400000E+01 -0.74820458E-10  0.13741087E-09
  0.56500000E+01 -0.76067835E-10  0.13598623E-09
  0.56600000E+01 -0.77261001E-10  0.13453976E-09
  0.56700000E+01 -0.78399754E-10  0.13307297E-09
  0.56800000E+01 -0.79483936E-10  0.13158709E-09
  0.56900000E+01 -0.80513435E-10  0.13008365E-09
  0.57000000E+01 -0.81488180E-10  0.12856413E-09
  0.57100000E+01 -0.82408144E-10  0.12702974E-09
  0.57200000E+01 -0.83273341E-10  0.12548196E-09
  0.57300000E+01 -0.84083825E-10  0.12392226E-09
  0.57400000E+01 -0.84839692E-10  0.12235183E-09
  0.57500000E+01 -0.85541076E-10  0.12077206E-09
  0.57600000E+01 -0.86188152E-10  0.11918444E-09
  0.57700000E+01 -0.86781130E-10  0.11759010E-09
  0.57800000E+01 -0.87320260E-10  0.11599038E-09
  0.57900000E+01 -0.87805827E-10  0.11438673E-09
  0.58000000E+01 -0.88238151E-10  0.11278024E-09
  0.58100000E+01 -0.88617588E-10  0.11117219E-09
  0.58200000E+01 -0.88944529E-10  0.10956399E-09
  0.58300000E+01 -0.89219396E-10  0.10795669E-09
  0.58400000E+01 -0.89442644E-10  0.10635148E-09
  0.58500000E+01 -0.89614762E-10  0.10474975E-09
  0.58600000E+01 -0.89736268E-10  0.10315250E-09
  0.58700000E+01 -0.89807709E-10  0.10156083E-09
  0.58800000E+01 -0.89829662E-10  0.99976068E-10
  0.58900000E+01 -0.89802735E-10  0.98399200E-10
  0.59000000E+01 -0.89727560E-10  0.96831203E-10
  0.59100000E+01 -0.89604797E-10  0.95273380E-10
  0.59200000E+01 -0.89435132E-10  0.93726662E-10
  0.59300000E+01 -0.89219276E-10  0.92191926E-10
  0.59400000E+01 -0.88957965E-10  0.90670414E-10
  0.59500000E+01 -0.88651957E-10  0.89163022E-10
  0.59600000E+01 -0.88302033E-10  0.87670521E-10
  0.59700000E+01 -0.87908997E-10  0.86194080E-10
  0.59800000E+01 -0.87473672E-10  0.84734564E-10
  0.59900000E+01 -0.86996902E-10  0.83292639E-10
  0.60000000E+01 -0.86479550E-10  0.81869390E-10
