  0.20000000E+00  0.69151626E-11 -0.22787953E-10
  0.21000000E+00  0.75645676E-11 -0.23790116E-10
  0.22000000E+00  0.82395764E-11 -0.24772950E-10
  0.23000000E+00  0.89393503E-11 -0.25735711E-10
  0.24000000E+00  0.96630183E-11 -0.26677678E-10
  0.25000000E+00  0.10409678E-10 -0.27598161E-10
  0.26000000E+00  0.11178397E-10 -0.28496485E-10
  0.27000000E+00  0.11968212E-10 -0.29372016E-10
  0.28000000E+00  0.12778133E-10 -0.30224132E-10
  0.29000000E+00  0.13607141E-10 -0.31052252E-10
  0.30000000E+00  0.14454191E-10 -0.31855819E-10
  0.31000000E+00  0.15318214E-10 -0.32634300E-10
  0.32000000E+00  0.16198114E-10 -0.33387210E-10
  0.33000000E+00  0.17092775E-10 -0.34114071E-10
  0.34000000E+00  0.18001056E-10 -0.34814462E-10
  0.35000000E+00  0.18921799E-10 -0.35487974E-10
  0.36000000E+00  0.19853823E-10 -0.36134245E-10
  0.37000000E+00  0.20795932E-10 -0.36752944E-10
  0.38000000E+00  0.21746909E-10 -0.37343762E-10
  0.39000000E+00  0.22705526E-10 -0.37906454E-10
  0.40000000E+00  0.23670539E-10 -0.38440773E-10
  0.41000000E+00  0.24640689E-10 -0.38946543E-10
  0.42000000E+00  0.25614709E-10 -0.39423600E-10
  0.43000000E+00  0.26591320E-10 -0.39871825E-10
  0.44000000E+00  0.27569234E-10 -0.40291148E-10
  0.45000000E+00  0.28547158E-10 -0.40681507E-10
  0.46000000E+00  0.29523790E-10 -0.41042916E-10
  0.47000000E+00  0.30497827E-10 -0.41375394E-10
  0.48000000E+00  0.31467961E-10 -0.41679015E-10
  0.49000000E+00  0.32432884E-10 -0.41953894E-10
  0.50000000E+00  0.33391288E-10 -0.42200165E-10
  0.51000000E+00  0.34341866E-10 -0.42418032E-10
  0.52000000E+00  0.35283315E-10 -0.42607705E-10
  0.53000000E+00  0.36214338E-10 -0.42769452E-10
  0.54000000E+00  0.37133641E-10 -0.42903586E-10
  0.55000000E+00  0.38039943E-10 -0.43010425E-10
  0.56000000E+00  0.38931968E-10 -0.43090377E-10
  0.57000000E+00  0.39808455E-10 -0.43143834E-10
  0.58000000E+00  0.40668153E-10 -0.43171268E-10
  0.59000000E+00  0.41509825E-10 -0.43173173E-10
  0.60000000E+00  0.42332254E-10 -0.43150062E-10
  0.61000000E+00  0.43134235E-10 -0.43102535E-10
  0.62000000E+00  0.43914587E-10 -0.43031165E-10
  0.63000000E+00  0.44672146E-10 -0.42936617E-10
  0.64000000E+00  0.45405772E-10 -0.42819564E-10
  0.65000000E+00  0.46114350E-10 -0.42680706E-10
  0.66000000E+00  0.46796786E-10 -0.42520818E-10
  0.67000000E+00  0.47452019E-10 -0.42340654E-10
  0.68000000E+00  0.48079010E-10 -0.42141051E-10
  0.69000000E+00  0.48676755E-10 -0.41922857E-10
  0.70000000E+00  0.49244279E-10 -0.41686934E-10
  0.71000000E+00  0.49780640E-10 -0.41434232E-10
  0.72000000E+00  0.50284932E-10 -0.41165656E-10
  0.73000000E+00  0.50756281E-10 -0.40882209E-10
  0.74000000E+00  0.51193855E-10 -0.40584887E-10
  0.75000000E+00  0.51596858E-10 -0.40274704E-10
  0.76000000E+00  0.51964533E-10 -0.39952754E-10
  0.77000000E+00  0.52296167E-10 -0.39620081E-10
  0.78000000E+00  0.52591088E-10 -0.39277824E-10
  0.79000000E+00  0.52848668E-10 -0.38927111E-10
  0.80000000E+00  0.53068325E-10 -0.38569076E-10
  0.81000000E+00  0.53249523E-10 -0.38204936E-10
  0.82000000E+00  0.53391773E-10 -0.37835848E-10
  0.83000000E+00  0.53494635E-10 -0.37463054E-10
  0.84000000E+00  0.53557720E-10 -0.37087790E-10
  0.85000000E+00  0.53580688E-10 -0.36711278E-10
  0.86000000E+00  0.53563253E-10 -0.36334831E-10
  0.87000000E+00  0.53505181E-10 -0.35959681E-10
  0.88000000E+00  0.53406290E-10 -0.35587146E-10
  0.89000000E+00  0.53266457E-10 -0.35218534E-10
  0.90000000E+00  0.53085611E-10 -0.34855122E-10
  0.91000000E+00  0.52863738E-10 -0.34498277E-10
  0.92000000E+00  0.52600883E-10 -0.34149281E-10
  0.93000000E+00  0.52297146E-10 -0.33809481E-10
  0.94000000E+00  0.51952689E-10 -0.33480224E-10
  0.95000000E+00  0.51567728E-10 -0.33162801E-10
  0.96000000E+00  0.51142544E-10 -0.32858594E-10
  0.97000000E+00  0.50677475E-10 -0.32568896E-10
  0.98000000E+00  0.50172918E-10 -0.32295039E-10
  0.99000000E+00  0.49629334E-10 -0.32038370E-10
  0.10000000E+01  0.49047242E-10 -0.31800152E-10
  0.10100000E+01  0.48427224E-10 -0.31581736E-10
  0.10200000E+01  0.47769923E-10 -0.31384386E-10
  0.10300000E+01  0.47076042E-10 -0.31209372E-10
  0.10400000E+01  0.46346346E-10 -0.31057995E-10
  0.10500000E+01  0.45581661E-10 -0.30931451E-10
  0.10600000E+01  0.44782874E-10 -0.30831005E-10
  0.10700000E+01  0.43950934E-10 -0.30757855E-10
  0.10800000E+01  0.43086846E-10 -0.30713158E-10
  0.10900000E+01  0.42191681E-10 -0.30698123E-10
  0.11000000E+01  0.41266565E-10 -0.30713833E-10
  0.11100000E+01  0.40312684E-10 -0.30761418E-10
  0.11200000E+01  0.39331282E-10 -0.30841964E-10
  0.11300000E+01  0.38323663E-10 -0.30956470E-10
  0.11400000E+01  0.37291183E-10 -0.31105997E-10
  0.11500000E+01  0.36235258E-10 -0.31291480E-10
  0.11600000E+01  0.35157357E-10 -0.31513859E-10
  0.11700000E+01  0.34059001E-10 -0.31774057E-10
  0.11800000E+01  0.32941767E-10 -0.32072879E-10
  0.11900000E+01  0.31807279E-10 -0.32411179E-10
  0.12000000E+01  0.30657216E-10 -0.32789706E-10
  0.12100000E+01  0.29493300E-10 -0.33209159E-10
  0.12200000E+01  0.28317304E-10 -0.33670251E-10
  0.12300000E+01  0.27131044E-10 -0.34173557E-10
  0.12400000E+01  0.25936380E-10 -0.34719668E-10
  0.12500000E+01  0.24735214E-10 -0.35309105E-10
  0.12600000E+01  0.23529487E-10 -0.35942292E-10
  0.12700000E+01  0.22321179E-10 -0.36619674E-10
  0.12800000E+01  0.21112306E-10 -0.37341565E-10
  0.12900000E+01  0.19904914E-10 -0.38108248E-10
  0.13000000E+01  0.18701086E-10 -0.38919974E-10
  0.13100000E+01  0.17502928E-10 -0.39776859E-10
  0.13200000E+01  0.16312577E-10 -0.40679033E-10
  0.13300000E+01  0.15132191E-10 -0.41626519E-10
  0.13400000E+01  0.13963951E-10 -0.42619258E-10
  0.13500000E+01  0.12810057E-10 -0.43657184E-10
  0.13600000E+01  0.11672721E-10 -0.44740092E-10
  0.13700000E+01  0.10554173E-10 -0.45867750E-10
  0.13800000E+01  0.94566500E-11 -0.47039862E-10
  0.13900000E+01  0.83823956E-11 -0.48256009E-10
  0.14000000E+01  0.73336582E-11 -0.49515769E-10
  0.14100000E+01  0.63126863E-11 -0.50818599E-10
  0.14200000E+01  0.53217257E-11 -0.52163883E-10
  0.14300000E+01  0.43630160E-11 -0.53550977E-10
  0.14400000E+01  0.34387872E-11 -0.54979098E-10
  0.14500000E+01  0.25512564E-11 -0.56447437E-10
  0.14600000E+01  0.17026238E-11 -0.57955104E-10
  0.14700000E+01  0.89506947E-12 -0.59501095E-10
  0.14800000E+01  0.13074962E-12 -0.61084393E-10
  0.14900000E+01 -0.58820735E-12 -0.62703858E-10
  0.15000000E+01 -0.12597045E-11 -0.64358285E-10
  0.15100000E+01 -0.18816801E-11 -0.66046427E-10
  0.15200000E+01 -0.24521118E-11 -0.67766911E-10
  0.15300000E+01 -0.29690202E-11 -0.69518333E-10
  0.15400000E+01 -0.34304732E-11 -0.71299210E-10
  0.15500000E+01 -0.38345895E-11 -0.73107957E-10
  0.15600000E+01 -0.41795431E-11 -0.74942967E-10
  0.15700000E+01 -0.44635670E-11 -0.76802528E-10
  0.15800000E+01 -0.46849575E-11 -0.78684865E-10
  0.15900000E+01 -0.48420780E-11 -0.80588161E-10
  0.16000000E+01 -0.49333633E-11 -0.82510499E-10
  0.16100000E+01 -0.49573233E-11 -0.84449922E-10
  0.16200000E+01 -0.49125476E-11 -0.86404416E-10
  0.16300000E+01 -0.47977090E-11 -0.88371879E-10
  0.16400000E+01 -0.46115679E-11 -0.90350186E-10
  0.16500000E+01 -0.43529759E-11 -0.92337139E-10
  0.16600000E+01 -0.40208801E-11 -0.94330481E-10
  0.16700000E+01 -0.36143266E-11 -0.96327929E-10
  0.16800000E+01 -0.31324650E-11 -0.98327128E-10
  0.16900000E+01 -0.25745513E-11 -0.10032569E-09
  0.17000000E+01 -0.19399524E-11 -0.10232120E-09
  0.17100000E+01 -0.12281490E-11 -0.10431117E-09
  0.17200000E+01 -0.43874005E-12 -0.10629310E-09
  0.17300000E+01  0.42855476E-12 -0.10826448E-09
  0.17400000E+01  0.13738910E-11 -0.11022272E-09
  0.17500000E+01  0.23972965E-11 -0.11216526E-09
  0.17600000E+01  0.34986684E-11 -0.11408949E-09
  0.17700000E+01  0.46777696E-11 -0.11599277E-09
  0.17800000E+01  0.59342268E-11 -0.11787250E-09
  0.17900000E+01  0.72675271E-11 -0.11972603E-09
  0.18000000E+01  0.86770157E-11 -0.12155072E-09
  0.18100000E+01  0.10161894E-10 -0.12334393E-09
  0.18200000E+01  0.11721216E-10 -0.12510304E-09
  0.18300000E+01  0.13353889E-10 -0.12682542E-09
  0.18400000E+01  0.15058670E-10 -0.12850848E-09
  0.18500000E+01  0.16834162E-10 -0.13014963E-09
  0.18600000E+01  0.18678818E-10 -0.13174633E-09
  0.18700000E+01  0.20590936E-10 -0.13329606E-09
  0.18800000E+01  0.22568659E-10 -0.13479633E-09
  0.18900000E+01  0.24609974E-10 -0.13624472E-09
  0.19000000E+01  0.26712715E-10 -0.13763884E-09
  0.19100000E+01  0.28874557E-10 -0.13897636E-09
  0.19200000E+01  0.31093023E-10 -0.14025501E-09
  0.19300000E+01  0.33365478E-10 -0.14147258E-09
  0.19400000E+01  0.35689135E-10 -0.14262695E-09
  0.19500000E+01  0.38061054E-10 -0.14371609E-09
  0.19600000E+01  0.40478145E-10 -0.14473800E-09
  0.19700000E+01  0.42937167E-10 -0.14569084E-09
  0.19800000E+01  0.45434734E-10 -0.14657281E-09
  0.19900000E+01  0.47967316E-10 -0.14738226E-09
  0.20000000E+01  0.50531239E-10 -0.14811763E-09
  0.20100000E+01  0.53122695E-10 -0.14877745E-09
  0.20200000E+01  0.55737740E-10 -0.14936042E-09
  0.20300000E+01  0.58372300E-10 -0.14986534E-09
  0.20400000E+01  0.61022179E-10 -0.15029115E-09
  0.20500000E+01  0.63683057E-10 -0.15063692E-09
  0.20600000E+01  0.66350502E-10 -0.15090187E-09
  0.20700000E+01  0.69019973E-10 -0.15108539E-09
  0.20800000E+01  0.71686827E-10 -0.15118700E-09
  0.20900000E+01  0.74346324E-10 -0.15120640E-09
  0.21000000E+01  0.76993639E-10 -0.15114344E-09
  0.21100000E+01  0.79623863E-10 -0.15099816E-09
  0.21200000E+01  0.82232017E-10 -0.15077076E-09
  0.21300000E+01  0.84813059E-10 -0.15046164E-09
  0.21400000E+01  0.87361889E-10 -0.15007138E-09
  0.21500000E+01  0.89873367E-10 -0.14960073E-09
  0.21600000E+01  0.92342313E-10 -0.14905067E-09
  0.21700000E+01  0.94763526E-10 -0.14842234E-09
  0.21800000E+01  0.97131791E-10 -0.14771711E-09
  0.21900000E+01  0.99441890E-10 -0.14693655E-09
  0.22000000E+01  0.10168861E-09 -0.14608241E-09
  0.22100000E+01  0.10386678E-09 -0.14515669E-09
  0.22200000E+01  0.10597123E-09 -0.14416156E-09
  0.22300000E+01  0.10799687E-09 -0.14309942E-09
  0.22400000E+01  0.10993865E-09 -0.14197290E-09
  0.22500000E+01  0.11179161E-09 -0.14078481E-09
  0.22600000E+01  0.11355086E-09 -0.13953817E-09
  0.22700000E+01  0.11521165E-09 -0.13823627E-09
  0.22800000E+01  0.11676931E-09 -0.13688253E-09
  0.22900000E+01  0.11821932E-09 -0.13548063E-09
  0.23000000E+01  0.11955733E-09 -0.13403447E-09
  0.23100000E+01  0.12077913E-09 -0.13254809E-09
  0.23200000E+01  0.12188070E-09 -0.13102579E-09
  0.23300000E+01  0.12285823E-09 -0.12947206E-09
  0.23400000E+01  0.12370811E-09 -0.12789151E-09
  0.23500000E+01  0.12442697E-09 -0.12628906E-09
  0.23600000E+01  0.12501171E-09 -0.12466970E-09
  0.23700000E+01  0.12545946E-09 -0.12303860E-09
  0.23800000E+01  0.12576767E-09 -0.12140121E-09
  0.23900000E+01  0.12593406E-09 -0.11976297E-09
  0.24000000E+01  0.12595670E-09 -0.11812957E-09
  0.24100000E+01  0.12583397E-09 -0.11650685E-09
  0.24200000E+01  0.12556462E-09 -0.11490065E-09
  0.24300000E+01  0.12514776E-09 -0.11331707E-09
  0.24400000E+01  0.12458290E-09 -0.11176227E-09
  0.24500000E+01  0.12386994E-09 -0.11024237E-09
  0.24600000E+01  0.12300920E-09 -0.10876376E-09
  0.24700000E+01  0.12200144E-09 -0.10733277E-09
  0.24800000E+01  0.12084787E-09 -0.10595571E-09
  0.24900000E+01  0.11955016E-09 -0.10463911E-09
  0.25000000E+01  0.11811046E-09 -0.10338931E-09
  0.25100000E+01  0.11653140E-09 -0.10221268E-09
  0.25200000E+01  0.11481614E-09 -0.10111570E-09
  0.25300000E+01  0.11296833E-09 -0.10010456E-09
  0.25400000E+01  0.11099215E-09 -0.99185523E-10
  0.25500000E+01  0.10889233E-09 -0.98364809E-10
  0.25600000E+01  0.10667413E-09 -0.97648288E-10
  0.25700000E+01  0.10434336E-09 -0.97041905E-10
  0.25800000E+01  0.10190639E-09 -0.96551406E-10
  0.25900000E+01  0.99370146E-10 -0.96182135E-10
  0.26000000E+01  0.96742129E-10 -0.95939506E-10
  0.26100000E+01  0.94030394E-10 -0.95828532E-10
  0.26200000E+01  0.91243561E-10 -0.95853828E-10
  0.26300000E+01  0.88390813E-10 -0.96020023E-10
  0.26400000E+01  0.85481889E-10 -0.96331141E-10
  0.26500000E+01  0.82527080E-10 -0.96790846E-10
  0.26600000E+01  0.79537217E-10 -0.97402701E-10
  0.26700000E+01  0.76523659E-10 -0.98169485E-10
  0.26800000E+01  0.73498286E-10 -0.99093677E-10
  0.26900000E+01  0.70473475E-10 -0.10017748E-09
  0.27000000E+01  0.67462087E-10 -0.10142217E-09
  0.27100000E+01  0.64477440E-10 -0.10282880E-09
  0.27200000E+01  0.61533290E-10 -0.10439790E-09
  0.27300000E+01  0.58643800E-10 -0.10612903E-09
  0.27400000E+01  0.55823508E-10 -0.10802153E-09
  0.27500000E+01  0.53087298E-10 -0.11007400E-09
  0.27600000E+01  0.50450357E-10 -0.11228403E-09
  0.27700000E+01  0.47928136E-10 -0.11464903E-09
  0.27800000E+01  0.45536309E-10 -0.11716537E-09
  0.27900000E+01  0.43290719E-10 -0.11982849E-09
  0.28000000E+01  0.41207331E-10 -0.12263362E-09
  0.28100000E+01  0.39302174E-10 -0.12557470E-09
  0.28200000E+01  0.37591281E-10 -0.12864486E-09
  0.28300000E+01  0.36090628E-10 -0.13183692E-09
  0.28400000E+01  0.34816065E-10 -0.13514221E-09
  0.28500000E+01  0.33783244E-10 -0.13855149E-09
  0.28600000E+01  0.33007546E-10 -0.14205496E-09
  0.28700000E+01  0.32504000E-10 -0.14564130E-09
  0.28800000E+01  0.32287200E-10 -0.14929879E-09
  0.28900000E+01  0.32371217E-10 -0.15301498E-09
  0.29000000E+01  0.32769510E-10 -0.15677588E-09
  0.29100000E+01  0.33494833E-10 -0.16056732E-09
  0.29200000E+01  0.34559131E-10 -0.16437419E-09
  0.29300000E+01  0.35973444E-10 -0.16817997E-09
  0.29400000E+01  0.37747798E-10 -0.17196819E-09
  0.29500000E+01  0.39891103E-10 -0.17572117E-09
  0.29600000E+01  0.42411034E-10 -0.17942015E-09
  0.29700000E+01  0.45313927E-10 -0.18304657E-09
  0.29800000E+01  0.48604657E-10 -0.18658048E-09
  0.29900000E+01  0.52286526E-10 -0.19000130E-09
  0.30000000E+01  0.56361141E-10 -0.19328874E-09
  0.30100000E+01  0.60828298E-10 -0.19642105E-09
  0.30200000E+01  0.65685862E-10 -0.19937644E-09
  0.30300000E+01  0.70929649E-10 -0.20213337E-09
  0.30400000E+01  0.76553307E-10 -0.20466903E-09
  0.30500000E+01  0.82548202E-10 -0.20696113E-09
  0.30600000E+01  0.88903300E-10 -0.20898763E-09
  0.30700000E+01  0.95605064E-10 -0.21072553E-09
  0.30800000E+01  0.10263734E-09 -0.21215303E-09
  0.30900000E+01  0.10998127E-09 -0.21324847E-09
  0.31000000E+01  0.11761517E-09 -0.21398987E-09
  0.31100000E+01  0.12551448E-09 -0.21435698E-09
  0.31200000E+01  0.13365164E-09 -0.21432970E-09
  0.31300000E+01  0.14199608E-09 -0.21388847E-09
  0.31400000E+01  0.15051411E-09 -0.21301583E-09
  0.31500000E+01  0.15916888E-09 -0.21169473E-09
  0.31600000E+01  0.16792039E-09 -0.20990955E-09
  0.31700000E+01  0.17672541E-09 -0.20764707E-09
  0.31800000E+01  0.18553755E-09 -0.20489499E-09
  0.31900000E+01  0.19430720E-09 -0.20164332E-09
  0.32000000E+01  0.20298165E-09 -0.19788470E-09
  0.32100000E+01  0.21150509E-09 -0.19361349E-09
  0.32200000E+01  0.21981872E-09 -0.18882700E-09
  0.32300000E+01  0.22786085E-09 -0.18352563E-09
  0.32400000E+01  0.23556704E-09 -0.17771232E-09
  0.32500000E+01  0.24287025E-09 -0.17139340E-09
  0.32600000E+01  0.24970108E-09 -0.16457907E-09
  0.32700000E+01  0.25598792E-09 -0.15728257E-09
  0.32800000E+01  0.26165729E-09 -0.14952116E-09
  0.32900000E+01  0.26663406E-09 -0.14131669E-09
  0.33000000E+01  0.27084186E-09 -0.13269429E-09
  0.33100000E+01  0.27420336E-09 -0.12368398E-09
  0.33200000E+01  0.27664076E-09 -0.11432072E-09
  0.33300000E+01  0.27807618E-09 -0.10464306E-09
  0.33400000E+01  0.27843220E-09 -0.94695158E-10
  0.33500000E+01  0.27763233E-09 -0.84526177E-10
  0.33600000E+01  0.27560163E-09 -0.74189169E-10
  0.33700000E+01  0.27226729E-09 -0.63743223E-10
  0.33800000E+01  0.26755933E-09 -0.53252283E-10
  0.33900000E+01  0.26141124E-09 -0.42784178E-10
  0.34000000E+01  0.25376075E-09 -0.32413127E-10
  0.34100000E+01  0.24455059E-09 -0.22217345E-10
  0.34200000E+01  0.23372931E-09 -0.12279094E-10
  0.34300000E+01  0.22125210E-09 -0.26865882E-11
  0.34400000E+01  0.20708166E-09  0.64691002E-11
  0.34500000E+01  0.19118913E-09  0.15092843E-10
  0.34600000E+01  0.17355493E-09  0.23085053E-10
  0.34700000E+01  0.15416976E-09  0.30344208E-10
  0.34800000E+01  0.13303550E-09  0.36765816E-10
  0.34900000E+01  0.11016613E-09  0.42242636E-10
  0.35000000E+01  0.85588642E-10  0.46667063E-10
  0.35100000E+01  0.59343972E-10  0.49930255E-10
  0.35200000E+01  0.31487826E-10  0.51922841E-10
  0.35300000E+01  0.20915082E-11  0.52537346E-10
  0.35400000E+01 -0.28757335E-10  0.51667356E-10
  0.35500000E+01 -0.60954043E-10  0.49208850E-10
  0.35600000E+01 -0.94376373E-10  0.45062474E-10
  0.35700000E+01 -0.12888405E-09  0.39132946E-10
  0.35800000E+01 -0.16431847E-09  0.31330805E-10
  0.35900000E+01 -0.20050253E-09  0.21574584E-10
  0.36000000E+01 -0.23724074E-09  0.97903933E-11
  0.36100000E+01 -0.27431947E-09 -0.40859961E-11
  0.36200000E+01 -0.31150750E-09 -0.20107184E-10
  0.36300000E+01 -0.34855686E-09 -0.38314426E-10
  0.36400000E+01 -0.38520401E-09 -0.58735422E-10
  0.36500000E+01 -0.42117136E-09 -0.81382673E-10
  0.36600000E+01 -0.45616923E-09 -0.10625381E-09
  0.36700000E+01 -0.48989822E-09 -0.13332952E-09
  0.36800000E+01 -0.52205211E-09 -0.16257244E-09
  0.36900000E+01 -0.55232129E-09 -0.19392784E-09
  0.37000000E+01 -0.58039666E-09 -0.22732205E-09
  0.37100000E+01 -0.60597430E-09 -0.26266225E-09
  0.37200000E+01 -0.62876055E-09 -0.29983793E-09
  0.37300000E+01 -0.64847784E-09 -0.33872030E-09
  0.37400000E+01 -0.66487111E-09 -0.37916351E-09
  0.37500000E+01 -0.67771471E-09 -0.42100740E-09
  0.37600000E+01 -0.68681989E-09 -0.46407852E-09
  0.37700000E+01 -0.69204253E-09 -0.50819340E-09
  0.37800000E+01 -0.69329115E-09 -0.55316314E-09
  0.37900000E+01 -0.69053465E-09 -0.59879666E-09
  0.38000000E+01 -0.68380959E-09 -0.64490644E-09
  0.38100000E+01 -0.67322631E-09 -0.69131537E-09
  0.38200000E+01 -0.65897308E-09 -0.73786240E-09
  0.38300000E+01 -0.64131717E-09 -0.78441046E-09
  0.38400000E+01 -0.62060129E-09 -0.83085496E-09
  0.38500000E+01 -0.59723298E-09 -0.87713039E-09
  0.38600000E+01 -0.57166378E-09 -0.92321822E-09
  0.38700000E+01 -0.54435320E-09 -0.96915325E-09
  0.38800000E+01 -0.51571031E-09 -0.10150258E-08
  0.38900000E+01 -0.48600264E-09 -0.10609814E-08
  0.39000000E+01 -0.45521872E-09 -0.11072140E-08
  0.39100000E+01 -0.42286883E-09 -0.11539476E-08
  0.39200000E+01 -0.38771285E-09 -0.12014064E-08
  0.39300000E+01 -0.34742086E-09 -0.12497647E-08
  0.39400000E+01 -0.29821052E-09 -0.12990693E-08
  0.39500000E+01 -0.23456741E-09 -0.13491278E-08
  0.39600000E+01 -0.14923125E-09 -0.13993509E-08
  0.39700000E+01 -0.33687470E-10 -0.14485375E-08
  0.39800000E+01  0.12061699E-09 -0.14946039E-08
  0.39900000E+01  0.32027081E-09 -0.15342678E-08
  0.40000000E+01  0.56735313E-09 -0.15627511E-08
  0.40100000E+01  0.85697519E-09 -0.15736589E-08
  0.40200000E+01  0.11758251E-08 -0.15593498E-08
  0.40300000E+01  0.15026069E-08 -0.15122707E-08
  0.40400000E+01  0.18108050E-08 -0.14276086E-08
  0.40500000E+01  0.20733965E-08 -0.13066762E-08
  0.40600000E+01  0.22682998E-08 -0.11587805E-08
  0.40700000E+01  0.23829032E-08 -0.99901990E-09
  0.40800000E+01  0.24162383E-08 -0.84267450E-09
  0.40900000E+01  0.23781924E-08 -0.70035301E-09
  0.41000000E+01  0.22862206E-08 -0.57677107E-09
  0.41100000E+01  0.21608227E-08 -0.47227419E-09
  0.41200000E+01  0.20212670E-08 -0.38493676E-09
  0.41300000E+01  0.18826648E-08 -0.31207152E-09
  0.41400000E+01  0.17548015E-08 -0.25102004E-09
  0.41500000E+01  0.16424725E-08 -0.19946645E-09
  0.41600000E+01  0.15467091E-08 -0.15550940E-09
  0.41700000E+01  0.14662449E-08 -0.11763141E-09
  0.41800000E+01  0.13987729E-08 -0.84636093E-10
  0.41900000E+01  0.13417973E-08 -0.55584510E-10
  0.42000000E+01  0.12930861E-08 -0.29739072E-10
  0.42100000E+01  0.12508340E-08 -0.65177565E-11
  0.42200000E+01  0.12136583E-08  0.14540408E-10
  0.42300000E+01  0.11805254E-08  0.33802751E-10
  0.42400000E+01  0.11506646E-08  0.51564219E-10
  0.42500000E+01  0.11234943E-08  0.68062425E-10
  0.42600000E+01  0.10985662E-08  0.83490036E-10
  0.42700000E+01  0.10755277E-08  0.98004567E-10
  0.42800000E+01  0.10540952E-08  0.11173480E-09
  0.42900000E+01  0.10340371E-08  0.12478668E-09
  0.43000000E+01  0.10151612E-08  0.13724811E-09
  0.43100000E+01  0.99730623E-09  0.14919171E-09
  0.43200000E+01  0.98033572E-09  0.16067775E-09
  0.43300000E+01  0.96413307E-09  0.17175689E-09
  0.43400000E+01  0.94859807E-09  0.18247106E-09
  0.43500000E+01  0.93364408E-09  0.19285527E-09
  0.43600000E+01  0.91919582E-09  0.20293915E-09
  0.43700000E+01  0.90518758E-09  0.21274716E-09
  0.43800000E+01  0.89156182E-09  0.22229965E-09
  0.43900000E+01  0.87826797E-09  0.23161395E-09
  0.44000000E+01  0.86526148E-09  0.24070414E-09
  0.44100000E+01  0.85250301E-09  0.24958180E-09
  0.44200000E+01  0.83995778E-09  0.25825683E-09
  0.44300000E+01  0.82759497E-09  0.26673698E-09
  0.44400000E+01  0.81538725E-09  0.27502846E-09
  0.44500000E+01  0.80331041E-09  0.28313658E-09
  0.44600000E+01  0.79134296E-09  0.29106517E-09
  0.44700000E+01  0.77946585E-09  0.29881711E-09
  0.44800000E+01  0.76766220E-09  0.30639482E-09
  0.44900000E+01  0.75591709E-09  0.31379973E-09
  0.45000000E+01  0.74421736E-09  0.32103261E-09
  0.45100000E+01  0.73255140E-09  0.32809413E-09
  0.45200000E+01  0.72090903E-09  0.33498420E-09
  0.45300000E+01  0.70928139E-09  0.34170232E-09
  0.45400000E+01  0.69766075E-09  0.34824810E-09
  0.45500000E+01  0.68604046E-09  0.35462053E-09
  0.45600000E+01  0.67441483E-09  0.36081840E-09
  0.45700000E+01  0.66277905E-09  0.36684068E-09
  0.45800000E+01  0.65112914E-09  0.37268590E-09
  0.45900000E+01  0.63946182E-09  0.37835243E-09
  0.46000000E+01  0.62777451E-09  0.38383895E-09
  0.46100000E+01  0.61606524E-09  0.38914379E-09
  0.46200000E+01  0.60433260E-09  0.39426515E-09
  0.46300000E+01  0.59257570E-09  0.39920164E-09
  0.46400000E+01  0.58079415E-09  0.40395154E-09
  0.46500000E+01  0.56898797E-09  0.40851309E-09
  0.46600000E+01  0.55715760E-09  0.41288492E-09
  0.46700000E+01  0.54530385E-09  0.41706545E-09
  0.46800000E+01  0.53342788E-09  0.42105301E-09
  0.46900000E+01  0.52153113E-09  0.42484642E-09
  0.47000000E+01  0.50961537E-09  0.42844425E-09
  0.47100000E+01  0.49768261E-09  0.43184508E-09
  0.47200000E+01  0.48573510E-09  0.43504791E-09
  0.47300000E+01  0.47377533E-09  0.43805160E-09
  0.47400000E+01  0.46180598E-09  0.44085494E-09
  0.47500000E+01  0.44982992E-09  0.44345724E-09
  0.47600000E+01  0.43785018E-09  0.44585762E-09
  0.47700000E+01  0.42586997E-09  0.44805518E-09
  0.47800000E+01  0.41389260E-09  0.45004950E-09
  0.47900000E+01  0.40192153E-09  0.45184004E-09
  0.48000000E+01  0.38996034E-09  0.45342620E-09
  0.48100000E+01  0.37801270E-09  0.45480788E-09
  0.48200000E+01  0.36608236E-09  0.45598486E-09
  0.48300000E+01  0.35417317E-09  0.45695685E-09
  0.48400000E+01  0.34228904E-09  0.45772409E-09
  0.48500000E+01  0.33043394E-09  0.45828668E-09
  0.48600000E+01  0.31861190E-09  0.45864467E-09
  0.48700000E+01  0.30682697E-09  0.45879860E-09
  0.48800000E+01  0.29508327E-09  0.45874892E-09
  0.48900000E+01  0.28338492E-09  0.45849600E-09
  0.49000000E+01  0.27173607E-09  0.45804068E-09
  0.49100000E+01  0.26014088E-09  0.45738376E-09
  0.49200000E+01  0.24860353E-09  0.45652591E-09
  0.49300000E+01  0.23712820E-09  0.45546828E-09
  0.49400000E+01  0.22571904E-09  0.45421199E-09
  0.49500000E+01  0.21438023E-09  0.45275801E-09
  0.49600000E+01  0.20311592E-09  0.45110780E-09
  0.49700000E+01  0.19193022E-09  0.44926278E-09
  0.49800000E+01  0.18082724E-09  0.44722421E-09
  0.49900000E+01  0.16981106E-09  0.44499383E-09
  0.50000000E+01  0.15888572E-09  0.44257336E-09
  0.50100000E+01  0.14805523E-09  0.43996435E-09
  0.50200000E+01  0.13732355E-09  0.43716877E-09
  0.50300000E+01  0.12669462E-09  0.43418864E-09
  0.50400000E+01  0.11617229E-09  0.43102578E-09
  0.50500000E+01  0.10576041E-09  0.42768239E-09
  0.50600000E+01  0.95462742E-10  0.42416077E-09
  0.50700000E+01  0.85283004E-10  0.42046297E-09
  0.50800000E+01  0.75224854E-10  0.41659143E-09
  0.50900000E+01  0.65291890E-10  0.41254868E-09
  0.51000000E+01  0.55487644E-10  0.40833701E-09
  0.51100000E+01  0.45815583E-10  0.40395907E-09
  0.51200000E+01  0.36279106E-10  0.39941761E-09
  0.51300000E+01  0.26881541E-10  0.39471514E-09
  0.51400000E+01  0.17626145E-10  0.38985449E-09
  0.51500000E+01  0.85161000E-11  0.38483862E-09
  0.51600000E+01 -0.44548730E-12  0.37967022E-09
  0.51700000E+01 -0.92555874E-11  0.37435231E-09
  0.51800000E+01 -0.17911250E-10  0.36888802E-09
  0.51900000E+01 -0.26409603E-10  0.36328024E-09
  0.52000000E+01 -0.34747859E-10  0.35753210E-09
  0.52100000E+01 -0.42923309E-10  0.35164693E-09
  0.52200000E+01 -0.50933332E-10  0.34562776E-09
  0.52300000E+01 -0.58775387E-10  0.33947786E-09
  0.52400000E+01 -0.66447023E-10  0.33320068E-09
  0.52500000E+01 -0.73945873E-10  0.32679942E-09
  0.52600000E+01 -0.81269656E-10  0.32027745E-09
  0.52700000E+01 -0.88416180E-10  0.31363835E-09
  0.52800000E+01 -0.95383344E-10  0.30688543E-09
  0.52900000E+01 -0.10216913E-09  0.30002216E-09
  0.53000000E+01 -0.10877162E-09  0.29305221E-09
  0.53100000E+01 -0.11518896E-09  0.28597902E-09
  0.53200000E+01 -0.12141943E-09  0.27880610E-09
  0.53300000E+01 -0.12746136E-09  0.27153723E-09
  0.53400000E+01 -0.13331319E-09  0.26417593E-09
  0.53500000E+01 -0.13897344E-09  0.25672577E-09
  0.53600000E+01 -0.14444073E-09  0.24919058E-09
  0.53700000E+01 -0.14971378E-09  0.24157395E-09
  0.53800000E+01 -0.15479137E-09  0.23387952E-09
  0.53900000E+01 -0.15967240E-09  0.22611112E-09
  0.54000000E+01 -0.16435584E-09  0.21827242E-09
  0.54100000E+01 -0.16884077E-09  0.21036708E-09
  0.54200000E+01 -0.17312635E-09  0.20239894E-09
  0.54300000E+01 -0.17721182E-09  0.19437174E-09
  0.54400000E+01 -0.18109652E-09  0.18628911E-09
  0.54500000E+01 -0.18477990E-09  0.17815492E-09
  0.54600000E+01 -0.18826145E-09  0.16997291E-09
  0.54700000E+01 -0.19154078E-09  0.16174672E-09
  0.54800000E+01 -0.19461760E-09  0.15348021E-09
  0.54900000E+01 -0.19749167E-09  0.14517711E-09
  0.55000000E+01 -0.20016287E-09  0.13684106E-09
  0.55100000E+01 -0.20263115E-09  0.12847587E-09
  0.55200000E+01 -0.20489654E-09  0.12008527E-09
  0.55300000E+01 -0.20695917E-09  0.11167288E-09
  0.55400000E+01 -0.20881924E-09  0.10324243E-09
  0.55500000E+01 -0.21047705E-09  0.94797653E-10
  0.55600000E+01 -0.21193296E-09  0.86342111E-10
  0.55700000E+01 -0.21318743E-09  0.77879488E-10
  0.55800000E+01 -0.21424099E-09  0.69413455E-10
  0.55900000E+01 -0.21509426E-09  0.60947538E-10
  0.56000000E+01 -0.21574793E-09  0.52485334E-10
  0.56100000E+01 -0.21620277E-09  0.44030459E-10
  0.56200000E+01 -0.21645962E-09  0.35586379E-10
  0.56300000E+01 -0.21651942E-09  0.27156602E-10
  0.56400000E+01 -0.21638316E-09  0.18744664E-10
  0.56500000E+01 -0.21605191E-09  0.10353969E-10
  0.56600000E+01 -0.21552681E-09  0.19879204E-11
  0.56700000E+01 -0.21480910E-09 -0.63500366E-11
  0.56800000E+01 -0.21390005E-09 -0.14656574E-10
  0.56900000E+01 -0.21280103E-09 -0.22928399E-10
  0.57000000E+01 -0.21151345E-09 -0.31162173E-10
  0.57100000E+01 -0.21003882E-09 -0.39354654E-10
  0.57200000E+01 -0.20837870E-09 -0.47502664E-10
  0.57300000E+01 -0.20653471E-09 -0.55602989E-10
  0.57400000E+01 -0.20450855E-09 -0.63652480E-10
  0.57500000E+01 -0.20230195E-09 -0.71648081E-10
  0.57600000E+01 -0.19991675E-09 -0.79586714E-10
  0.57700000E+01 -0.19735482E-09 -0.87465333E-10
  0.57800000E+01 -0.19461808E-09 -0.95281010E-10
  0.57900000E+01 -0.19170854E-09 -0.10303081E-09
  0.58000000E+01 -0.18862823E-09 -0.11071181E-09
  0.58100000E+01 -0.18537926E-09 -0.11832121E-09
  0.58200000E+01 -0.18196380E-09 -0.12585622E-09
  0.58300000E+01 -0.17838405E-09 -0.13331405E-09
  0.58400000E+01 -0.17464226E-09 -0.14069203E-09
  0.58500000E+01 -0.17074077E-09 -0.14798755E-09
  0.58600000E+01 -0.16668192E-09 -0.15519794E-09
  0.58700000E+01 -0.16246812E-09 -0.16232067E-09
  0.58800000E+01 -0.15810183E-09 -0.16935329E-09
  0.58900000E+01 -0.15358555E-09 -0.17629329E-09
  0.59000000E+01 -0.14892182E-09 -0.18313827E-09
  0.59100000E+01 -0.14411323E-09 -0.18988596E-09
  0.59200000E+01 -0.13916240E-09 -0.19653401E-09
  0.59300000E+01 -0.13407199E-09 -0.20308015E-09
  0.59400000E+01 -0.12884472E-09 -0.20952229E-09
  0.59500000E+01 -0.12348331E-09 -0.21585825E-09
  0.59600000E+01 -0.11799056E-09 -0.22208590E-09
  0.59700000E+01 -0.11236926E-09 -0.22820333E-09
  0.59800000E+01 -0.10662226E-09 -0.23420853E-09
  0.59900000E+01 -0.10075243E-09 -0.24009952E-09
  0.60000000E+01 -0.94762679E-10 -0.24587456E-09
