  0.20000000E+00  0.19211382E+03 -0.10464314E+02
  0.21000000E+00  0.19215866E+03 -0.10692678E+02
  0.22000000E+00  0.19220566E+03 -0.10930751E+02
  0.23000000E+00  0.19225486E+03 -0.11177630E+02
  0.24000000E+00  0.19230627E+03 -0.11432492E+02
  0.25000000E+00  0.19235990E+03 -0.11694685E+02
  0.26000000E+00  0.19241573E+03 -0.11963467E+02
  0.27000000E+00  0.19247379E+03 -0.12238367E+02
  0.28000000E+00  0.19253407E+03 -0.12518784E+02
  0.29000000E+00  0.19259658E+03 -0.12804293E+02
  0.30000000E+00  0.19266132E+03 -0.13094504E+02
  0.31000000E+00  0.19272829E+03 -0.13388958E+02
  0.32000000E+00  0.19279751E+03 -0.13687456E+02
  0.33000000E+00  0.19286896E+03 -0.13989544E+02
  0.34000000E+00  0.19294266E+03 -0.14295090E+02
  0.35000000E+00  0.19301862E+03 -0.14603761E+02
  0.36000000E+00  0.19309683E+03 -0.14915352E+02
  0.37000000E+00  0.19317729E+03 -0.15229727E+02
  0.38000000E+00  0.19326003E+03 -0.15546578E+02
  0.39000000E+00  0.19334503E+03 -0.15865901E+02
  0.40000000E+00  0.19343231E+03 -0.16187392E+02
  0.41000000E+00  0.19352188E+03 -0.16511027E+02
  0.42000000E+00  0.19361372E+03 -0.16836638E+02
  0.43000000E+00  0.19370786E+03 -0.17164080E+02
  0.44000000E+00  0.19380430E+03 -0.17493342E+02
  0.45000000E+00  0.19390303E+03 -0.17824207E+02
  0.46000000E+00  0.19400408E+03 -0.18156701E+02
  0.47000000E+00  0.19410744E+03 -0.18490675E+02
  0.48000000E+00  0.19421312E+03 -0.18826059E+02
  0.49000000E+00  0.19432113E+03 -0.19162844E+02
  0.50000000E+00  0.19443147E+03 -0.19500870E+02
  0.51000000E+00  0.19454415E+03 -0.19840180E+02
  0.52000000E+00  0.19465918E+03 -0.20180655E+02
  0.53000000E+00  0.19477656E+03 -0.20522248E+02
  0.54000000E+00  0.19489630E+03 -0.20864983E+02
  0.55000000E+00  0.19501841E+03 -0.21208693E+02
  0.56000000E+00  0.19514289E+03 -0.21553483E+02
  0.57000000E+00  0.19526975E+03 -0.21899198E+02
  0.58000000E+00  0.19539901E+03 -0.22245860E+02
  0.59000000E+00  0.19553066E+03 -0.22593463E+02
  0.60000000E+00  0.19566471E+03 -0.22941878E+02
  0.61000000E+00  0.19580118E+03 -0.23291221E+02
  0.62000000E+00  0.19594007E+03 -0.23641328E+02
  0.63000000E+00  0.19608139E+03 -0.23992265E+02
  0.64000000E+00  0.19622514E+03 -0.24343997E+02
  0.65000000E+00  0.19637134E+03 -0.24696440E+02
  0.66000000E+00  0.19651999E+03 -0.25049688E+02
  0.67000000E+00  0.19667111E+03 -0.25403607E+02
  0.68000000E+00  0.19682470E+03 -0.25758253E+02
  0.69000000E+00  0.19698077E+03 -0.26113614E+02
  0.70000000E+00  0.19713932E+03 -0.26469591E+02
  0.71000000E+00  0.19730038E+03 -0.26826310E+02
  0.72000000E+00  0.19746395E+03 -0.27183613E+02
  0.73000000E+00  0.19763003E+03 -0.27541587E+02
  0.74000000E+00  0.19779865E+03 -0.27900206E+02
  0.75000000E+00  0.19796980E+03 -0.28259386E+02
  0.76000000E+00  0.19814350E+03 -0.28619252E+02
  0.77000000E+00  0.19831975E+03 -0.28979651E+02
  0.78000000E+00  0.19849858E+03 -0.29340673E+02
  0.79000000E+00  0.19867998E+03 -0.29702295E+02
  0.80000000E+00  0.19886397E+03 -0.30064437E+02
  0.81000000E+00  0.19905057E+03 -0.30427223E+02
  0.82000000E+00  0.19923977E+03 -0.30790514E+02
  0.83000000E+00  0.19943160E+03 -0.31154383E+02
  0.84000000E+00  0.19962606E+03 -0.31518834E+02
  0.85000000E+00  0.19982316E+03 -0.31883763E+02
  0.86000000E+00  0.20002292E+03 -0.32249319E+02
  0.87000000E+00  0.20022535E+03 -0.32615350E+02
  0.88000000E+00  0.20043046E+03 -0.32981935E+02
  0.89000000E+00  0.20063826E+03 -0.33349083E+02
  0.90000000E+00  0.20084876E+03 -0.33716691E+02
  0.91000000E+00  0.20106198E+03 -0.34084898E+02
  0.92000000E+00  0.20127793E+03 -0.34453581E+02
  0.93000000E+00  0.20149662E+03 -0.34822780E+02
  0.94000000E+00  0.20171807E+03 -0.35192549E+02
  0.95000000E+00  0.20194228E+03 -0.35562751E+02
  0.96000000E+00  0.20216928E+03 -0.35933544E+02
  0.97000000E+00  0.20239906E+03 -0.36304809E+02
  0.98000000E+00  0.20263166E+03 -0.36676568E+02
  0.99000000E+00  0.20286707E+03 -0.37048899E+02
  0.10000000E+01  0.20310532E+03 -0.37421656E+02
  0.10100000E+01  0.20334642E+03 -0.37794982E+02
  0.10200000E+01  0.20359038E+03 -0.38168800E+02
  0.10300000E+01  0.20383722E+03 -0.38543079E+02
  0.10400000E+01  0.20408695E+03 -0.38917946E+02
  0.10500000E+01  0.20433959E+03 -0.39293232E+02
  0.10600000E+01  0.20459515E+03 -0.39669070E+02
  0.10700000E+01  0.20485364E+03 -0.40045422E+02
  0.10800000E+01  0.20511509E+03 -0.40422214E+02
  0.10900000E+01  0.20537950E+03 -0.40799596E+02
  0.11000000E+01  0.20564690E+03 -0.41177415E+02
  0.11100000E+01  0.20591730E+03 -0.41555754E+02
  0.11200000E+01  0.20619071E+03 -0.41934643E+02
  0.11300000E+01  0.20646715E+03 -0.42313950E+02
  0.11400000E+01  0.20674664E+03 -0.42693851E+02
  0.11500000E+01  0.20702920E+03 -0.43074213E+02
  0.11600000E+01  0.20731483E+03 -0.43455064E+02
  0.11700000E+01  0.20760357E+03 -0.43836497E+02
  0.11800000E+01  0.20789542E+03 -0.44218347E+02
  0.11900000E+01  0.20819041E+03 -0.44600772E+02
  0.12000000E+01  0.20848854E+03 -0.44983705E+02
  0.12100000E+01  0.20878985E+03 -0.45367090E+02
  0.12200000E+01  0.20909434E+03 -0.45751085E+02
  0.12300000E+01  0.20940204E+03 -0.46135512E+02
  0.12400000E+01  0.20971296E+03 -0.46520485E+02
  0.12500000E+01  0.21002712E+03 -0.46906017E+02
  0.12600000E+01  0.21034455E+03 -0.47291979E+02
  0.12700000E+01  0.21066526E+03 -0.47678556E+02
  0.12800000E+01  0.21098927E+03 -0.48065609E+02
  0.12900000E+01  0.21131660E+03 -0.48453164E+02
  0.13000000E+01  0.21164727E+03 -0.48841328E+02
  0.13100000E+01  0.21198131E+03 -0.49229922E+02
  0.13200000E+01  0.21231873E+03 -0.49619111E+02
  0.13300000E+01  0.21265955E+03 -0.50008839E+02
  0.13400000E+01  0.21300379E+03 -0.50399028E+02
  0.13500000E+01  0.21335148E+03 -0.50789858E+02
  0.13600000E+01  0.21370264E+03 -0.51181149E+02
  0.13700000E+01  0.21405729E+03 -0.51572993E+02
  0.13800000E+01  0.21441545E+03 -0.51965444E+02
  0.13900000E+01  0.21477714E+03 -0.52358338E+02
  0.14000000E+01  0.21514239E+03 -0.52751868E+02
  0.14100000E+01  0.21551122E+03 -0.53145928E+02
  0.14200000E+01  0.21588366E+03 -0.53540486E+02
  0.14300000E+01  0.21625972E+03 -0.53935704E+02
  0.14400000E+01  0.21663944E+03 -0.54331386E+02
  0.14500000E+01  0.21702283E+03 -0.54727665E+02
  0.14600000E+01  0.21740992E+03 -0.55124555E+02
  0.14700000E+01  0.21780074E+03 -0.55521911E+02
  0.14800000E+01  0.21819531E+03 -0.55919938E+02
  0.14900000E+01  0.21859366E+03 -0.56318497E+02
  0.15000000E+01  0.21899581E+03 -0.56717591E+02
  0.15100000E+01  0.21940179E+03 -0.57117367E+02
  0.15200000E+01  0.21981162E+03 -0.57517622E+02
  0.15300000E+01  0.22022534E+03 -0.57918509E+02
  0.15400000E+01  0.22064298E+03 -0.58320024E+02
  0.15500000E+01  0.22106455E+03 -0.58722029E+02
  0.15600000E+01  0.22149009E+03 -0.59124738E+02
  0.15700000E+01  0.22191962E+03 -0.59527997E+02
  0.15800000E+01  0.22235318E+03 -0.59931820E+02
  0.15900000E+01  0.22279080E+03 -0.60336355E+02
  0.16000000E+01  0.22323250E+03 -0.60741389E+02
  0.16100000E+01  0.22367832E+03 -0.61147087E+02
  0.16200000E+01  0.22412829E+03 -0.61553444E+02
  0.16300000E+01  0.22458243E+03 -0.61960313E+02
  0.16400000E+01  0.22504079E+03 -0.62367918E+02
  0.16500000E+01  0.22550338E+03 -0.62776105E+02
  0.16600000E+01  0.22597025E+03 -0.63184879E+02
  0.16700000E+01  0.22644143E+03 -0.63594402E+02
  0.16800000E+01  0.22691695E+03 -0.64004454E+02
  0.16900000E+01  0.22739685E+03 -0.64415193E+02
  0.17000000E+01  0.22788115E+03 -0.64826636E+02
  0.17100000E+01  0.22836990E+03 -0.65238613E+02
  0.17200000E+01  0.22886314E+03 -0.65651358E+02
  0.17300000E+01  0.22936089E+03 -0.66064731E+02
  0.17400000E+01  0.22986320E+03 -0.66478704E+02
  0.17500000E+01  0.23037010E+03 -0.66893474E+02
  0.17600000E+01  0.23088163E+03 -0.67308811E+02
  0.17700000E+01  0.23139783E+03 -0.67724850E+02
  0.17800000E+01  0.23191874E+03 -0.68141651E+02
  0.17900000E+01  0.23244439E+03 -0.68559010E+02
  0.18000000E+01  0.23297484E+03 -0.68977163E+02
  0.18100000E+01  0.23351011E+03 -0.69396009E+02
  0.18200000E+01  0.23405026E+03 -0.69815464E+02
  0.18300000E+01  0.23459532E+03 -0.70235760E+02
  0.18400000E+01  0.23514534E+03 -0.70656681E+02
  0.18500000E+01  0.23570036E+03 -0.71078305E+02
  0.18600000E+01  0.23626042E+03 -0.71500760E+02
  0.18700000E+01  0.23682558E+03 -0.71923808E+02
  0.18800000E+01  0.23739587E+03 -0.72347662E+02
  0.18900000E+01  0.23797135E+03 -0.72772291E+02
  0.19000000E+01  0.23855206E+03 -0.73197538E+02
  0.19100000E+01  0.23913805E+03 -0.73623664E+02
  0.19200000E+01  0.23972936E+03 -0.74050492E+02
  0.19300000E+01  0.24032606E+03 -0.74478014E+02
  0.19400000E+01  0.24092818E+03 -0.74906438E+02
  0.19500000E+01  0.24153579E+03 -0.75335509E+02
  0.19600000E+01  0.24214893E+03 -0.75765379E+02
  0.19700000E+01  0.24276766E+03 -0.76196118E+02
  0.19800000E+01  0.24339203E+03 -0.76627497E+02
  0.19900000E+01  0.24402210E+03 -0.77059769E+02
  0.20000000E+01  0.24465792E+03 -0.77492846E+02
  0.20100000E+01  0.24529956E+03 -0.77926606E+02
  0.20200000E+01  0.24594706E+03 -0.78361321E+02
  0.20300000E+01  0.24660049E+03 -0.78796769E+02
  0.20400000E+01  0.24725991E+03 -0.79232988E+02
  0.20500000E+01  0.24792538E+03 -0.79670170E+02
  0.20600000E+01  0.24859697E+03 -0.80108040E+02
  0.20700000E+01  0.24927473E+03 -0.80546786E+02
  0.20800000E+01  0.24995873E+03 -0.80986455E+02
  0.20900000E+01  0.25064904E+03 -0.81426813E+02
  0.21000000E+01  0.25134573E+03 -0.81868138E+02
  0.21100000E+01  0.25204885E+03 -0.82310319E+02
  0.21200000E+01  0.25275849E+03 -0.82753238E+02
  0.21300000E+01  0.25347472E+03 -0.83197179E+02
  0.21400000E+01  0.25419760E+03 -0.83641906E+02
  0.21500000E+01  0.25492721E+03 -0.84087457E+02
  0.21600000E+01  0.25566362E+03 -0.84534039E+02
  0.21700000E+01  0.25640691E+03 -0.84981359E+02
  0.21800000E+01  0.25715716E+03 -0.85429606E+02
  0.21900000E+01  0.25791445E+03 -0.85878846E+02
  0.22000000E+01  0.25867886E+03 -0.86328817E+02
  0.22100000E+01  0.25945047E+03 -0.86779809E+02
  0.22200000E+01  0.26022936E+03 -0.87231724E+02
  0.22300000E+01  0.26101562E+03 -0.87684410E+02
  0.22400000E+01  0.26180933E+03 -0.88138178E+02
  0.22500000E+01  0.26261059E+03 -0.88592794E+02
  0.22600000E+01  0.26341948E+03 -0.89048257E+02
  0.22700000E+01  0.26423610E+03 -0.89504818E+02
  0.22800000E+01  0.26506053E+03 -0.89962167E+02
  0.22900000E+01  0.26589289E+03 -0.90420458E+02
  0.23000000E+01  0.26673325E+03 -0.90879820E+02
  0.23100000E+01  0.26758173E+03 -0.91339941E+02
  0.23200000E+01  0.26843841E+03 -0.91801099E+02
  0.23300000E+01  0.26930342E+03 -0.92263263E+02
  0.23400000E+01  0.27017684E+03 -0.92726199E+02
  0.23500000E+01  0.27105879E+03 -0.93190244E+02
  0.23600000E+01  0.27194937E+03 -0.93655211E+02
  0.23700000E+01  0.27284870E+03 -0.94121001E+02
  0.23800000E+01  0.27375689E+03 -0.94587934E+02
  0.23900000E+01  0.27467406E+03 -0.95055709E+02
  0.24000000E+01  0.27560032E+03 -0.95524384E+02
  0.24100000E+01  0.27653579E+03 -0.95994191E+02
  0.24200000E+01  0.27748060E+03 -0.96464777E+02
  0.24300000E+01  0.27843487E+03 -0.96936351E+02
  0.24400000E+01  0.27939873E+03 -0.97409006E+02
  0.24500000E+01  0.28037231E+03 -0.97882408E+02
  0.24600000E+01  0.28135573E+03 -0.98356877E+02
  0.24700000E+01  0.28234914E+03 -0.98832343E+02
  0.24800000E+01  0.28335267E+03 -0.99308560E+02
  0.24900000E+01  0.28436647E+03 -0.99785897E+02
  0.25000000E+01  0.28539067E+03 -0.10026413E+03
  0.25100000E+01  0.28642542E+03 -0.10074315E+03
  0.25200000E+01  0.28747087E+03 -0.10122331E+03
  0.25300000E+01  0.28852718E+03 -0.10170426E+03
  0.25400000E+01  0.28959449E+03 -0.10218606E+03
  0.25500000E+01  0.29067297E+03 -0.10266896E+03
  0.25600000E+01  0.29176278E+03 -0.10315257E+03
  0.25700000E+01  0.29286407E+03 -0.10363710E+03
  0.25800000E+01  0.29397703E+03 -0.10412266E+03
  0.25900000E+01  0.29510181E+03 -0.10460887E+03
  0.26000000E+01  0.29623860E+03 -0.10509604E+03
  0.26100000E+01  0.29738757E+03 -0.10558416E+03
  0.26200000E+01  0.29854890E+03 -0.10607288E+03
  0.26300000E+01  0.29972279E+03 -0.10656260E+03
  0.26400000E+01  0.30090941E+03 -0.10705314E+03
  0.26500000E+01  0.30210896E+03 -0.10754427E+03
  0.26600000E+01  0.30332165E+03 -0.10803641E+03
  0.26700000E+01  0.30454766E+03 -0.10852923E+03
  0.26800000E+01  0.30578721E+03 -0.10902265E+03
  0.26900000E+01  0.30704050E+03 -0.10951705E+03
  0.27000000E+01  0.30830775E+03 -0.11001198E+03
  0.27100000E+01  0.30958918E+03 -0.11050754E+03
  0.27200000E+01  0.31088500E+03 -0.11100400E+03
  0.27300000E+01  0.31219546E+03 -0.11150086E+03
  0.27400000E+01  0.31352077E+03 -0.11199839E+03
  0.27500000E+01  0.31486118E+03 -0.11249668E+03
  0.27600000E+01  0.31621692E+03 -0.11299527E+03
  0.27700000E+01  0.31758825E+03 -0.11349453E+03
  0.27800000E+01  0.31897543E+03 -0.11399441E+03
  0.27900000E+01  0.32037869E+03 -0.11449449E+03
  0.28000000E+01  0.32179832E+03 -0.11499523E+03
  0.28100000E+01  0.32323458E+03 -0.11549640E+03
  0.28200000E+01  0.32468774E+03 -0.11599771E+03
  0.28300000E+01  0.32615809E+03 -0.11649964E+03
  0.28400000E+01  0.32764592E+03 -0.11700178E+03
  0.28500000E+01  0.32915151E+03 -0.11750401E+03
  0.28600000E+01  0.33067517E+03 -0.11800679E+03
  0.28700000E+01  0.33221721E+03 -0.11850956E+03
  0.28800000E+01  0.33377794E+03 -0.11901238E+03
  0.28900000E+01  0.33535769E+03 -0.11951561E+03
  0.29000000E+01  0.33695677E+03 -0.12001862E+03
  0.29100000E+01  0.33857554E+03 -0.12052165E+03
  0.29200000E+01  0.34021433E+03 -0.12102491E+03
  0.29300000E+01  0.34187350E+03 -0.12152774E+03
  0.29400000E+01  0.34355341E+03 -0.12203054E+03
  0.29500000E+01  0.34525443E+03 -0.12253336E+03
  0.29600000E+01  0.34697695E+03 -0.12303554E+03
  0.29700000E+01  0.34872134E+03 -0.12353764E+03
  0.29800000E+01  0.35048801E+03 -0.12403949E+03
  0.29900000E+01  0.35227738E+03 -0.12454053E+03
  0.30000000E+01  0.35408985E+03 -0.12504140E+03
  0.30100000E+01  0.35592587E+03 -0.12554171E+03
  0.30200000E+01  0.35778587E+03 -0.12604104E+03
  0.30300000E+01  0.35967031E+03 -0.12654009E+03
  0.30400000E+01  0.36157966E+03 -0.12703824E+03
  0.30500000E+01  0.36351440E+03 -0.12753527E+03
  0.30600000E+01  0.36547502E+03 -0.12803186E+03
  0.30700000E+01  0.36746203E+03 -0.12852717E+03
  0.30800000E+01  0.36947596E+03 -0.12902123E+03
  0.30900000E+01  0.37151735E+03 -0.12951465E+03
  0.31000000E+01  0.37358674E+03 -0.13000638E+03
  0.31100000E+01  0.37568472E+03 -0.13049677E+03
  0.31200000E+01  0.37781188E+03 -0.13098623E+03
  0.31300000E+01  0.37996882E+03 -0.13147358E+03
  0.31400000E+01  0.38215618E+03 -0.13195952E+03
  0.31500000E+01  0.38437460E+03 -0.13244414E+03
  0.31600000E+01  0.38662476E+03 -0.13292624E+03
  0.31700000E+01  0.38890735E+03 -0.13340687E+03
  0.31800000E+01  0.39122310E+03 -0.13388567E+03
  0.31900000E+01  0.39357275E+03 -0.13436159E+03
  0.32000000E+01  0.39595707E+03 -0.13483596E+03
  0.32100000E+01  0.39837687E+03 -0.13530782E+03
  0.32200000E+01  0.40083297E+03 -0.13577657E+03
  0.32300000E+01  0.40332624E+03 -0.13624357E+03
  0.32400000E+01  0.40585758E+03 -0.13670727E+03
  0.32500000E+01  0.40842792E+03 -0.13716777E+03
  0.32600000E+01  0.41103822E+03 -0.13762607E+03
  0.32700000E+01  0.41368951E+03 -0.13808029E+03
  0.32800000E+01  0.41638283E+03 -0.13853130E+03
  0.32900000E+01  0.41911928E+03 -0.13897931E+03
  0.33000000E+01  0.42190000E+03 -0.13942267E+03
  0.33100000E+01  0.42472620E+03 -0.13986265E+03
  0.33200000E+01  0.42759911E+03 -0.14029857E+03
  0.33300000E+01  0.43052005E+03 -0.14072953E+03
  0.33400000E+01  0.43349038E+03 -0.14115648E+03
  0.33500000E+01  0.43651152E+03 -0.14157843E+03
  0.33600000E+01  0.43958499E+03 -0.14199500E+03
  0.33700000E+01  0.44271235E+03 -0.14240658E+03
  0.33800000E+01  0.44589524E+03 -0.14281239E+03
  0.33900000E+01  0.44913540E+03 -0.14321198E+03
  0.34000000E+01  0.45243464E+03 -0.14360560E+03
  0.34100000E+01  0.45579489E+03 -0.14399246E+03
  0.34200000E+01  0.45921814E+03 -0.14437198E+03
  0.34300000E+01  0.46270651E+03 -0.14474445E+03
  0.34400000E+01  0.46626224E+03 -0.14510878E+03
  0.34500000E+01  0.46988768E+03 -0.14546455E+03
  0.34600000E+01  0.47358531E+03 -0.14581175E+03
  0.34700000E+01  0.47735776E+03 -0.14614921E+03
  0.34800000E+01  0.48120778E+03 -0.14647646E+03
  0.34900000E+01  0.48513832E+03 -0.14679326E+03
  0.35000000E+01  0.48915246E+03 -0.14709829E+03
  0.35100000E+01  0.49325350E+03 -0.14739098E+03
  0.35200000E+01  0.49744492E+03 -0.14767081E+03
  0.35300000E+01  0.50173040E+03 -0.14793626E+03
  0.35400000E+01  0.50611387E+03 -0.14818662E+03
  0.35500000E+01  0.51059949E+03 -0.14842099E+03
  0.35600000E+01  0.51519171E+03 -0.14863760E+03
  0.35700000E+01  0.51989522E+03 -0.14883549E+03
  0.35800000E+01  0.52471507E+03 -0.14901333E+03
  0.35900000E+01  0.52965662E+03 -0.14916900E+03
  0.36000000E+01  0.53472560E+03 -0.14930115E+03
  0.36100000E+01  0.53992814E+03 -0.14940788E+03
  0.36200000E+01  0.54527079E+03 -0.14948661E+03
  0.36300000E+01  0.55076059E+03 -0.14953542E+03
  0.36400000E+01  0.55640509E+03 -0.14955170E+03
  0.36500000E+01  0.56221238E+03 -0.14953218E+03
  0.36600000E+01  0.56819122E+03 -0.14947415E+03
  0.36700000E+01  0.57435101E+03 -0.14937402E+03
  0.36800000E+01  0.58070193E+03 -0.14922757E+03
  0.36900000E+01  0.58725499E+03 -0.14903093E+03
  0.37000000E+01  0.59402213E+03 -0.14877918E+03
  0.37100000E+01  0.60101634E+03 -0.14846669E+03
  0.37200000E+01  0.60825177E+03 -0.14808796E+03
  0.37300000E+01  0.61574387E+03 -0.14763614E+03
  0.37400000E+01  0.62350959E+03 -0.14710354E+03
  0.37500000E+01  0.63156755E+03 -0.14648220E+03
  0.37600000E+01  0.63993829E+03 -0.14576248E+03
  0.37700000E+01  0.64864455E+03 -0.14493351E+03
  0.37800000E+01  0.65771164E+03 -0.14398365E+03
  0.37900000E+01  0.66716782E+03 -0.14289891E+03
  0.38000000E+01  0.67704484E+03 -0.14166347E+03
  0.38100000E+01  0.68737856E+03 -0.14025982E+03
  0.38200000E+01  0.69820978E+03 -0.13866705E+03
  0.38300000E+01  0.70958526E+03 -0.13686119E+03
  0.38400000E+01  0.72155905E+03 -0.13481497E+03
  0.38500000E+01  0.73419432E+03 -0.13249577E+03
  0.38600000E+01  0.74756580E+03 -0.12986558E+03
  0.38700000E+01  0.76176325E+03 -0.12687994E+03
  0.38800000E+01  0.77689648E+03 -0.12348526E+03
  0.38900000E+01  0.79310263E+03 -0.11961769E+03
  0.39000000E+01  0.81055674E+03 -0.11520064E+03
  0.39100000E+01  0.82948645E+03 -0.11014026E+03
  0.39200000E+01  0.85019054E+03 -0.10432206E+03
  0.39300000E+01  0.87305882E+03 -0.97605103E+02
  0.39400000E+01  0.89858527E+03 -0.89813451E+02
  0.39500000E+01  0.92735952E+03 -0.80727522E+02
  0.39600000E+01  0.96001387E+03 -0.70071663E+02
  0.39700000E+01  0.99710073E+03 -0.57498345E+02
  0.39800000E+01  0.10388847E+04 -0.42572747E+02
  0.39900000E+01  0.10850615E+04 -0.24758274E+02
  0.40000000E+01  0.11344604E+04 -0.34132526E+01
  0.40100000E+01  0.11848325E+04  0.22177597E+02
  0.40200000E+01  0.12328490E+04  0.52701601E+02
  0.40300000E+01  0.12744061E+04  0.88594189E+02
  0.40400000E+01  0.13052418E+04  0.12966971E+03
  0.40500000E+01  0.13217484E+04  0.17472869E+03
  0.40600000E+01  0.13217589E+04  0.22147225E+03
  0.40700000E+01  0.13050560E+04  0.26702915E+03
  0.40800000E+01  0.12734293E+04  0.30889037E+03
  0.40900000E+01  0.12302604E+04  0.34558587E+03
  0.41000000E+01  0.11797778E+04  0.37673281E+03
  0.41100000E+01  0.11262244E+04  0.40267783E+03
  0.41200000E+01  0.10731754E+04  0.42409984E+03
  0.41300000E+01  0.10231550E+04  0.44174463E+03
  0.41400000E+01  0.97757152E+03  0.45629672E+03
  0.41500000E+01  0.93689331E+03  0.46833605E+03
  0.41600000E+01  0.90094085E+03  0.47833425E+03
  0.41700000E+01  0.86918244E+03  0.48666837E+03
  0.41800000E+01  0.84096527E+03  0.49363830E+03
  0.41900000E+01  0.81565961E+03  0.49948179E+03
  0.42000000E+01  0.79272711E+03  0.50438831E+03
  0.42100000E+01  0.77173770E+03  0.50851016E+03
  0.42200000E+01  0.75235962E+03  0.51196979E+03
  0.42300000E+01  0.73433961E+03  0.51486672E+03
  0.42400000E+01  0.71748321E+03  0.51728285E+03
  0.42500000E+01  0.70163852E+03  0.51928526E+03
  0.42600000E+01  0.68668445E+03  0.52092969E+03
  0.42700000E+01  0.67252245E+03  0.52226314E+03
  0.42800000E+01  0.65907081E+03  0.52332473E+03
  0.42900000E+01  0.64626076E+03  0.52414758E+03
  0.43000000E+01  0.63403369E+03  0.52476034E+03
  0.43100000E+01  0.62233910E+03  0.52518705E+03
  0.43200000E+01  0.61113313E+03  0.52544848E+03
  0.43300000E+01  0.60037735E+03  0.52556296E+03
  0.43400000E+01  0.59003790E+03  0.52554599E+03
  0.43500000E+01  0.58008476E+03  0.52541114E+03
  0.43600000E+01  0.57049114E+03  0.52517066E+03
  0.43700000E+01  0.56123306E+03  0.52483493E+03
  0.43800000E+01  0.55228895E+03  0.52441314E+03
  0.43900000E+01  0.54363930E+03  0.52391381E+03
  0.44000000E+01  0.53526645E+03  0.52334407E+03
  0.44100000E+01  0.52715431E+03  0.52271036E+03
  0.44200000E+01  0.51928819E+03  0.52201879E+03
  0.44300000E+01  0.51165466E+03  0.52127440E+03
  0.44400000E+01  0.50424138E+03  0.52048180E+03
  0.44500000E+01  0.49703699E+03  0.51964549E+03
  0.44600000E+01  0.49003101E+03  0.51876913E+03
  0.44700000E+01  0.48321375E+03  0.51785608E+03
  0.44800000E+01  0.47657623E+03  0.51690974E+03
  0.44900000E+01  0.47011011E+03  0.51593282E+03
  0.45000000E+01  0.46380763E+03  0.51492779E+03
  0.45100000E+01  0.45766155E+03  0.51389732E+03
  0.45200000E+01  0.45166513E+03  0.51284339E+03
  0.45300000E+01  0.44581203E+03  0.51176789E+03
  0.45400000E+01  0.44009635E+03  0.51067291E+03
  0.45500000E+01  0.43451253E+03  0.50955996E+03
  0.45600000E+01  0.42905535E+03  0.50843047E+03
  0.45700000E+01  0.42371991E+03  0.50728612E+03
  0.45800000E+01  0.41850157E+03  0.50612807E+03
  0.45900000E+01  0.41339598E+03  0.50495741E+03
  0.46000000E+01  0.40839901E+03  0.50377552E+03
  0.46100000E+01  0.40350678E+03  0.50258329E+03
  0.46200000E+01  0.39871559E+03  0.50138155E+03
  0.46300000E+01  0.39402195E+03  0.50017146E+03
  0.46400000E+01  0.38942256E+03  0.49895369E+03
  0.46500000E+01  0.38491425E+03  0.49772891E+03
  0.46600000E+01  0.38049405E+03  0.49649807E+03
  0.46700000E+01  0.37615911E+03  0.49526170E+03
  0.46800000E+01  0.37190672E+03  0.49402032E+03
  0.46900000E+01  0.36773431E+03  0.49277472E+03
  0.47000000E+01  0.36363942E+03  0.49152536E+03
  0.47100000E+01  0.35961969E+03  0.49027258E+03
  0.47200000E+01  0.35567289E+03  0.48901711E+03
  0.47300000E+01  0.35179686E+03  0.48775928E+03
  0.47400000E+01  0.34798958E+03  0.48649936E+03
  0.47500000E+01  0.34424906E+03  0.48523798E+03
  0.47600000E+01  0.34057344E+03  0.48397541E+03
  0.47700000E+01  0.33696090E+03  0.48271184E+03
  0.47800000E+01  0.33340974E+03  0.48144781E+03
  0.47900000E+01  0.32991827E+03  0.48018356E+03
  0.48000000E+01  0.32648493E+03  0.47891920E+03
  0.48100000E+01  0.32310817E+03  0.47765522E+03
  0.48200000E+01  0.31978652E+03  0.47639181E+03
  0.48300000E+01  0.31651858E+03  0.47512903E+03
  0.48400000E+01  0.31330298E+03  0.47386733E+03
  0.48500000E+01  0.31013841E+03  0.47260686E+03
  0.48600000E+01  0.30702361E+03  0.47134764E+03
  0.48700000E+01  0.30395737E+03  0.47009006E+03
  0.48800000E+01  0.30093851E+03  0.46883427E+03
  0.48900000E+01  0.29796590E+03  0.46758024E+03
  0.49000000E+01  0.29503845E+03  0.46632833E+03
  0.49100000E+01  0.29215510E+03  0.46507866E+03
  0.49200000E+01  0.28931483E+03  0.46383119E+03
  0.49300000E+01  0.28651667E+03  0.46258623E+03
  0.49400000E+01  0.28375966E+03  0.46134390E+03
  0.49500000E+01  0.28104287E+03  0.46010411E+03
  0.49600000E+01  0.27836543E+03  0.45886718E+03
  0.49700000E+01  0.27572646E+03  0.45763319E+03
  0.49800000E+01  0.27312514E+03  0.45640205E+03
  0.49900000E+01  0.27056065E+03  0.45517402E+03
  0.50000000E+01  0.26803221E+03  0.45394921E+03
  0.50100000E+01  0.26553907E+03  0.45272750E+03
  0.50200000E+01  0.26308048E+03  0.45150913E+03
  0.50300000E+01  0.26065573E+03  0.45029421E+03
  0.50400000E+01  0.25826413E+03  0.44908258E+03
  0.50500000E+01  0.25590501E+03  0.44787448E+03
  0.50600000E+01  0.25357771E+03  0.44667001E+03
  0.50700000E+01  0.25128160E+03  0.44546902E+03
  0.50800000E+01  0.24901606E+03  0.44427170E+03
  0.50900000E+01  0.24678050E+03  0.44307817E+03
  0.51000000E+01  0.24457433E+03  0.44188825E+03
  0.51100000E+01  0.24239698E+03  0.44070213E+03
  0.51200000E+01  0.24024792E+03  0.43951992E+03
  0.51300000E+01  0.23812659E+03  0.43834145E+03
  0.51400000E+01  0.23603249E+03  0.43716687E+03
  0.51500000E+01  0.23396509E+03  0.43599630E+03
  0.51600000E+01  0.23192392E+03  0.43482957E+03
  0.51700000E+01  0.22990848E+03  0.43366679E+03
  0.51800000E+01  0.22791832E+03  0.43250812E+03
  0.51900000E+01  0.22595296E+03  0.43135337E+03
  0.52000000E+01  0.22401198E+03  0.43020262E+03
  0.52100000E+01  0.22209493E+03  0.42905604E+03
  0.52200000E+01  0.22020139E+03  0.42791345E+03
  0.52300000E+01  0.21833096E+03  0.42677490E+03
  0.52400000E+01  0.21648322E+03  0.42564057E+03
  0.52500000E+01  0.21465779E+03  0.42451027E+03
  0.52600000E+01  0.21285428E+03  0.42338405E+03
  0.52700000E+01  0.21107232E+03  0.42226208E+03
  0.52800000E+01  0.20931154E+03  0.42114418E+03
  0.52900000E+01  0.20757159E+03  0.42003037E+03
  0.53000000E+01  0.20585212E+03  0.41892083E+03
  0.53100000E+01  0.20415280E+03  0.41781540E+03
  0.53200000E+01  0.20247328E+03  0.41671407E+03
  0.53300000E+01  0.20081324E+03  0.41561702E+03
  0.53400000E+01  0.19917237E+03  0.41452409E+03
  0.53500000E+01  0.19755036E+03  0.41343526E+03
  0.53600000E+01  0.19594690E+03  0.41235071E+03
  0.53700000E+01  0.19436170E+03  0.41127031E+03
  0.53800000E+01  0.19279446E+03  0.41019399E+03
  0.53900000E+01  0.19124491E+03  0.40912195E+03
  0.54000000E+01  0.18971277E+03  0.40805405E+03
  0.54100000E+01  0.18819776E+03  0.40699023E+03
  0.54200000E+01  0.18669961E+03  0.40593067E+03
  0.54300000E+01  0.18521808E+03  0.40487527E+03
  0.54400000E+01  0.18375290E+03  0.40382391E+03
  0.54500000E+01  0.18230383E+03  0.40277680E+03
  0.54600000E+01  0.18087061E+03  0.40173383E+03
  0.54700000E+01  0.17945302E+03  0.40069490E+03
  0.54800000E+01  0.17805081E+03  0.39966017E+03
  0.54900000E+01  0.17666377E+03  0.39862959E+03
  0.55000000E+01  0.17529165E+03  0.39760302E+03
  0.55100000E+01  0.17393425E+03  0.39658062E+03
  0.55200000E+01  0.17259134E+03  0.39556236E+03
  0.55300000E+01  0.17126272E+03  0.39454807E+03
  0.55400000E+01  0.16994817E+03  0.39353792E+03
  0.55500000E+01  0.16864749E+03  0.39253189E+03
  0.55600000E+01  0.16736049E+03  0.39152981E+03
  0.55700000E+01  0.16608697E+03  0.39053182E+03
  0.55800000E+01  0.16482673E+03  0.38953793E+03
  0.55900000E+01  0.16357959E+03  0.38854797E+03
  0.56000000E+01  0.16234536E+03  0.38756205E+03
  0.56100000E+01  0.16112386E+03  0.38658020E+03
  0.56200000E+01  0.15991492E+03  0.38560225E+03
  0.56300000E+01  0.15871835E+03  0.38462830E+03
  0.56400000E+01  0.15753399E+03  0.38365839E+03
  0.56500000E+01  0.15636166E+03  0.38269235E+03
  0.56600000E+01  0.15520121E+03  0.38173025E+03
  0.56700000E+01  0.15405247E+03  0.38077217E+03
  0.56800000E+01  0.15291528E+03  0.37981793E+03
  0.56900000E+01  0.15178949E+03  0.37886758E+03
  0.57000000E+01  0.15067493E+03  0.37792120E+03
  0.57100000E+01  0.14957147E+03  0.37697864E+03
  0.57200000E+01  0.14847895E+03  0.37603991E+03
  0.57300000E+01  0.14739722E+03  0.37510513E+03
  0.57400000E+01  0.14632614E+03  0.37417412E+03
  0.57500000E+01  0.14526558E+03  0.37324689E+03
  0.57600000E+01  0.14421538E+03  0.37232357E+03
  0.57700000E+01  0.14317543E+03  0.37140400E+03
  0.57800000E+01  0.14214558E+03  0.37048815E+03
  0.57900000E+01  0.14112570E+03  0.36957617E+03
  0.58000000E+01  0.14011566E+03  0.36866789E+03
  0.58100000E+01  0.13911534E+03  0.36776330E+03
  0.58200000E+01  0.13812461E+03  0.36686251E+03
  0.58300000E+01  0.13714335E+03  0.36596541E+03
  0.58400000E+01  0.13617143E+03  0.36507193E+03
  0.58500000E+01  0.13520875E+03  0.36418222E+03
  0.58600000E+01  0.13425517E+03  0.36329616E+03
  0.58700000E+01  0.13331059E+03  0.36241367E+03
  0.58800000E+01  0.13237490E+03  0.36153489E+03
  0.58900000E+01  0.13144798E+03  0.36065973E+03
  0.59000000E+01  0.13052972E+03  0.35978809E+03
  0.59100000E+01  0.12962001E+03  0.35892011E+03
  0.59200000E+01  0.12871876E+03  0.35805572E+03
  0.59300000E+01  0.12782584E+03  0.35719480E+03
  0.59400000E+01  0.12694118E+03  0.35633748E+03
  0.59500000E+01  0.12606465E+03  0.35548372E+03
  0.59600000E+01  0.12519616E+03  0.35463337E+03
  0.59700000E+01  0.12433562E+03  0.35378658E+03
  0.59800000E+01  0.12348292E+03  0.35294330E+03
  0.59900000E+01  0.12263797E+03  0.35210341E+03
  0.60000000E+01  0.12180069E+03  0.35126699E+03
