  0.20000000E+00  0.23253137E-22 -0.91067381E+00
  0.21000000E+00  0.25568966E-22 -0.95622782E+00
  0.22000000E+00  0.28001650E-22 -0.10017848E+01
  0.23000000E+00  0.30551549E-22 -0.10473449E+01
  0.24000000E+00  0.33218996E-22 -0.10929083E+01
  0.25000000E+00  0.36004292E-22 -0.11384750E+01
  0.26000000E+00  0.38907706E-22 -0.11840453E+01
  0.27000000E+00  0.41929467E-22 -0.12296193E+01
  0.28000000E+00  0.45069758E-22 -0.12751972E+01
  0.29000000E+00  0.48328716E-22 -0.13207789E+01
  0.30000000E+00  0.51706425E-22 -0.13663648E+01
  0.31000000E+00  0.55202912E-22 -0.14119550E+01
  0.32000000E+00  0.58818141E-22 -0.14575495E+01
  0.33000000E+00  0.62552014E-22 -0.15031486E+01
  0.34000000E+00  0.66404365E-22 -0.15487524E+01
  0.35000000E+00  0.70374954E-22 -0.15943610E+01
  0.36000000E+00  0.74463468E-22 -0.16399745E+01
  0.37000000E+00  0.78669517E-22 -0.16855932E+01
  0.38000000E+00  0.82992628E-22 -0.17312171E+01
  0.39000000E+00  0.87432250E-22 -0.17768464E+01
  0.40000000E+00  0.91987745E-22 -0.18224812E+01
  0.41000000E+00  0.96658390E-22 -0.18681217E+01
  0.42000000E+00  0.10144338E-21 -0.19137681E+01
  0.43000000E+00  0.10634180E-21 -0.19594204E+01
  0.44000000E+00  0.11135269E-21 -0.20050788E+01
  0.45000000E+00  0.11647495E-21 -0.20507435E+01
  0.46000000E+00  0.12170744E-21 -0.20964145E+01
  0.47000000E+00  0.12704890E-21 -0.21420921E+01
  0.48000000E+00  0.13249800E-21 -0.21877764E+01
  0.49000000E+00  0.13805332E-21 -0.22334675E+01
  0.50000000E+00  0.14371336E-21 -0.22791655E+01
  0.51000000E+00  0.14947653E-21 -0.23248707E+01
  0.52000000E+00  0.15534119E-21 -0.23705831E+01
  0.53000000E+00  0.16130559E-21 -0.24163029E+01
  0.54000000E+00  0.16736794E-21 -0.24620303E+01
  0.55000000E+00  0.17352637E-21 -0.25077653E+01
  0.56000000E+00  0.17977894E-21 -0.25535082E+01
  0.57000000E+00  0.18612369E-21 -0.25992590E+01
  0.58000000E+00  0.19255855E-21 -0.26450179E+01
  0.59000000E+00  0.19908145E-21 -0.26907852E+01
  0.60000000E+00  0.20569027E-21 -0.27365608E+01
  0.61000000E+00  0.21238284E-21 -0.27823449E+01
  0.62000000E+00  0.21915697E-21 -0.28281378E+01
  0.63000000E+00  0.22601046E-21 -0.28739395E+01
  0.64000000E+00  0.23294107E-21 -0.29197502E+01
  0.65000000E+00  0.23994657E-21 -0.29655700E+01
  0.66000000E+00  0.24702472E-21 -0.30113990E+01
  0.67000000E+00  0.25417330E-21 -0.30572375E+01
  0.68000000E+00  0.26139008E-21 -0.31030856E+01
  0.69000000E+00  0.26867287E-21 -0.31489433E+01
  0.70000000E+00  0.27601949E-21 -0.31948109E+01
  0.71000000E+00  0.28342782E-21 -0.32406885E+01
  0.72000000E+00  0.29089577E-21 -0.32865763E+01
  0.73000000E+00  0.29842129E-21 -0.33324743E+01
  0.74000000E+00  0.30600239E-21 -0.33783828E+01
  0.75000000E+00  0.31363716E-21 -0.34243018E+01
  0.76000000E+00  0.32132374E-21 -0.34702316E+01
  0.77000000E+00  0.32906037E-21 -0.35161722E+01
  0.78000000E+00  0.33684535E-21 -0.35621238E+01
  0.79000000E+00  0.34467709E-21 -0.36080867E+01
  0.80000000E+00  0.35255408E-21 -0.36540608E+01
  0.81000000E+00  0.36047493E-21 -0.37000464E+01
  0.82000000E+00  0.36843833E-21 -0.37460435E+01
  0.83000000E+00  0.37644309E-21 -0.37920525E+01
  0.84000000E+00  0.38448816E-21 -0.38380733E+01
  0.85000000E+00  0.39257258E-21 -0.38841061E+01
  0.86000000E+00  0.40069552E-21 -0.39301512E+01
  0.87000000E+00  0.40885628E-21 -0.39762086E+01
  0.88000000E+00  0.41705427E-21 -0.40222785E+01
  0.89000000E+00  0.42528905E-21 -0.40683610E+01
  0.90000000E+00  0.43356029E-21 -0.41144562E+01
  0.91000000E+00  0.44186782E-21 -0.41605645E+01
  0.92000000E+00  0.45021157E-21 -0.42066857E+01
  0.93000000E+00  0.45859161E-21 -0.42528202E+01
  0.94000000E+00  0.46700814E-21 -0.42989681E+01
  0.95000000E+00  0.47546149E-21 -0.43451295E+01
  0.96000000E+00  0.48395209E-21 -0.43913046E+01
  0.97000000E+00  0.49248053E-21 -0.44374935E+01
  0.98000000E+00  0.50104749E-21 -0.44836963E+01
  0.99000000E+00  0.50965376E-21 -0.45299133E+01
  0.10000000E+01  0.51830027E-21 -0.45761445E+01
  0.10100000E+01  0.52698801E-21 -0.46223901E+01
  0.10200000E+01  0.53571810E-21 -0.46686503E+01
  0.10300000E+01  0.54449174E-21 -0.47149252E+01
  0.10400000E+01  0.55331021E-21 -0.47612150E+01
  0.10500000E+01  0.56217487E-21 -0.48075198E+01
  0.10600000E+01  0.57108716E-21 -0.48538397E+01
  0.10700000E+01  0.58004858E-21 -0.49001749E+01
  0.10800000E+01  0.58906067E-21 -0.49465256E+01
  0.10900000E+01  0.59812502E-21 -0.49928920E+01
  0.11000000E+01  0.60724328E-21 -0.50392741E+01
  0.11100000E+01  0.61641711E-21 -0.50856721E+01
  0.11200000E+01  0.62564818E-21 -0.51320861E+01
  0.11300000E+01  0.63493821E-21 -0.51785164E+01
  0.11400000E+01  0.64428889E-21 -0.52249630E+01
  0.11500000E+01  0.65370193E-21 -0.52714262E+01
  0.11600000E+01  0.66317900E-21 -0.53179060E+01
  0.11700000E+01  0.67272177E-21 -0.53644027E+01
  0.11800000E+01  0.68233189E-21 -0.54109163E+01
  0.11900000E+01  0.69201096E-21 -0.54574471E+01
  0.12000000E+01  0.70176054E-21 -0.55039951E+01
  0.12100000E+01  0.71158215E-21 -0.55505606E+01
  0.12200000E+01  0.72147725E-21 -0.55971437E+01
  0.12300000E+01  0.73144726E-21 -0.56437445E+01
  0.12400000E+01  0.74149352E-21 -0.56903632E+01
  0.12500000E+01  0.75161731E-21 -0.57369999E+01
  0.12600000E+01  0.76181985E-21 -0.57836549E+01
  0.12700000E+01  0.77210229E-21 -0.58303281E+01
  0.12800000E+01  0.78246571E-21 -0.58770199E+01
  0.12900000E+01  0.79291111E-21 -0.59237304E+01
  0.13000000E+01  0.80343946E-21 -0.59704597E+01
  0.13100000E+01  0.81405163E-21 -0.60172079E+01
  0.13200000E+01  0.82474844E-21 -0.60639753E+01
  0.13300000E+01  0.83553068E-21 -0.61107620E+01
  0.13400000E+01  0.84639905E-21 -0.61575681E+01
  0.13500000E+01  0.85735425E-21 -0.62043937E+01
  0.13600000E+01  0.86839693E-21 -0.62512392E+01
  0.13700000E+01  0.87952772E-21 -0.62981045E+01
  0.13800000E+01  0.89074725E-21 -0.63449899E+01
  0.13900000E+01  0.90205613E-21 -0.63918955E+01
  0.14000000E+01  0.91345502E-21 -0.64388215E+01
  0.14100000E+01  0.92494459E-21 -0.64857680E+01
  0.14200000E+01  0.93652556E-21 -0.65327353E+01
  0.14300000E+01  0.94819872E-21 -0.65797233E+01
  0.14400000E+01  0.95996494E-21 -0.66267324E+01
  0.14500000E+01  0.97182520E-21 -0.66737626E+01
  0.14600000E+01  0.98378059E-21 -0.67208141E+01
  0.14700000E+01  0.99583237E-21 -0.67678871E+01
  0.14800000E+01  0.10079819E-20 -0.68149818E+01
  0.14900000E+01  0.10202309E-20 -0.68620983E+01
  0.15000000E+01  0.10325810E-20 -0.69092367E+01
  0.15100000E+01  0.10450343E-20 -0.69563972E+01
  0.15200000E+01  0.10575932E-20 -0.70035800E+01
  0.15300000E+01  0.10702601E-20 -0.70507852E+01
  0.15400000E+01  0.10830381E-20 -0.70980130E+01
  0.15500000E+01  0.10959302E-20 -0.71452636E+01
  0.15600000E+01  0.11089401E-20 -0.71925371E+01
  0.15700000E+01  0.11220716E-20 -0.72398336E+01
  0.15800000E+01  0.11353291E-20 -0.72871534E+01
  0.15900000E+01  0.11487174E-20 -0.73344966E+01
  0.16000000E+01  0.11622416E-20 -0.73818634E+01
  0.16100000E+01  0.11759073E-20 -0.74292539E+01
  0.16200000E+01  0.11897207E-20 -0.74766682E+01
  0.16300000E+01  0.12036883E-20 -0.75241067E+01
  0.16400000E+01  0.12178172E-20 -0.75715693E+01
  0.16500000E+01  0.12321150E-20 -0.76190563E+01
  0.16600000E+01  0.12465899E-20 -0.76665678E+01
  0.16700000E+01  0.12612504E-20 -0.77141040E+01
  0.16800000E+01  0.12761059E-20 -0.77616651E+01
  0.16900000E+01  0.12911659E-20 -0.78092512E+01
  0.17000000E+01  0.13064408E-20 -0.78568625E+01
  0.17100000E+01  0.13219413E-20 -0.79044992E+01
  0.17200000E+01  0.13376788E-20 -0.79521614E+01
  0.17300000E+01  0.13536651E-20 -0.79998493E+01
  0.17400000E+01  0.13699126E-20 -0.80475630E+01
  0.17500000E+01  0.13864341E-20 -0.80953028E+01
  0.17600000E+01  0.14032429E-20 -0.81430687E+01
  0.17700000E+01  0.14203528E-20 -0.81908610E+01
  0.17800000E+01  0.14377779E-20 -0.82386798E+01
  0.17900000E+01  0.14555328E-20 -0.82865253E+01
  0.18000000E+01  0.14736325E-20 -0.83343976E+01
  0.18100000E+01  0.14920921E-20 -0.83822970E+01
  0.18200000E+01  0.15109273E-20 -0.84302235E+01
  0.18300000E+01  0.15301537E-20 -0.84781774E+01
  0.18400000E+01  0.15497874E-20 -0.85261589E+01
  0.18500000E+01  0.15698443E-20 -0.85741680E+01
  0.18600000E+01  0.15903408E-20 -0.86222050E+01
  0.18700000E+01  0.16112930E-20 -0.86702700E+01
  0.18800000E+01  0.16327170E-20 -0.87183633E+01
  0.18900000E+01  0.16546290E-20 -0.87664849E+01
  0.19000000E+01  0.16770449E-20 -0.88146350E+01
  0.19100000E+01  0.16999804E-20 -0.88628139E+01
  0.19200000E+01  0.17234510E-20 -0.89110217E+01
  0.19300000E+01  0.17474717E-20 -0.89592585E+01
  0.19400000E+01  0.17720571E-20 -0.90075246E+01
  0.19500000E+01  0.17972214E-20 -0.90558200E+01
  0.19600000E+01  0.18229783E-20 -0.91041450E+01
  0.19700000E+01  0.18493406E-20 -0.91524998E+01
  0.19800000E+01  0.18763207E-20 -0.92008845E+01
  0.19900000E+01  0.19039300E-20 -0.92492993E+01
  0.20000000E+01  0.19321791E-20 -0.92977444E+01
  0.20100000E+01  0.19610780E-20 -0.93462199E+01
  0.20200000E+01  0.19906352E-20 -0.93947260E+01
  0.20300000E+01  0.20208587E-20 -0.94432630E+01
  0.20400000E+01  0.20517550E-20 -0.94918309E+01
  0.20500000E+01  0.20833299E-20 -0.95404299E+01
  0.20600000E+01  0.21155875E-20 -0.95890603E+01
  0.20700000E+01  0.21485312E-20 -0.96377222E+01
  0.20800000E+01  0.21821628E-20 -0.96864157E+01
  0.20900000E+01  0.22164830E-20 -0.97351411E+01
  0.21000000E+01  0.22514910E-20 -0.97838986E+01
  0.21100000E+01  0.22871847E-20 -0.98326882E+01
  0.21200000E+01  0.23235608E-20 -0.98815103E+01
  0.21300000E+01  0.23606146E-20 -0.99303649E+01
  0.21400000E+01  0.23983398E-20 -0.99792522E+01
  0.21500000E+01  0.24367289E-20 -0.10028172E+02
  0.21600000E+01  0.24757732E-20 -0.10077126E+02
  0.21700000E+01  0.25154625E-20 -0.10126113E+02
  0.21800000E+01  0.25557853E-20 -0.10175133E+02
  0.21900000E+01  0.25967288E-20 -0.10224186E+02
  0.22000000E+01  0.26382792E-20 -0.10273274E+02
  0.22100000E+01  0.26804213E-20 -0.10322396E+02
  0.22200000E+01  0.27231388E-20 -0.10371552E+02
  0.22300000E+01  0.27664146E-20 -0.10420742E+02
  0.22400000E+01  0.28102303E-20 -0.10469967E+02
  0.22500000E+01  0.28545667E-20 -0.10519226E+02
  0.22600000E+01  0.28994040E-20 -0.10568520E+02
  0.22700000E+01  0.29447213E-20 -0.10617850E+02
  0.22800000E+01  0.29904974E-20 -0.10667215E+02
  0.22900000E+01  0.30367102E-20 -0.10716615E+02
  0.23000000E+01  0.30833375E-20 -0.10766051E+02
  0.23100000E+01  0.31303566E-20 -0.10815523E+02
  0.23200000E+01  0.31777446E-20 -0.10865031E+02
  0.23300000E+01  0.32254783E-20 -0.10914575E+02
  0.23400000E+01  0.32735347E-20 -0.10964156E+02
  0.23500000E+01  0.33218907E-20 -0.11013773E+02
  0.23600000E+01  0.33705237E-20 -0.11063427E+02
  0.23700000E+01  0.34194109E-20 -0.11113118E+02
  0.23800000E+01  0.34685303E-20 -0.11162846E+02
  0.23900000E+01  0.35178603E-20 -0.11212612E+02
  0.24000000E+01  0.35673798E-20 -0.11262415E+02
  0.24100000E+01  0.36170683E-20 -0.11312255E+02
  0.24200000E+01  0.36669062E-20 -0.11362134E+02
  0.24300000E+01  0.37168748E-20 -0.11412051E+02
  0.24400000E+01  0.37669561E-20 -0.11462006E+02
  0.24500000E+01  0.38171333E-20 -0.11512000E+02
  0.24600000E+01  0.38673903E-20 -0.11562032E+02
  0.24700000E+01  0.39177124E-20 -0.11612104E+02
  0.24800000E+01  0.39680858E-20 -0.11662214E+02
  0.24900000E+01  0.40184979E-20 -0.11712364E+02
  0.25000000E+01  0.40689374E-20 -0.11762553E+02
  0.25100000E+01  0.41193940E-20 -0.11812782E+02
  0.25200000E+01  0.41698587E-20 -0.11863050E+02
  0.25300000E+01  0.42203236E-20 -0.11913359E+02
  0.25400000E+01  0.42707820E-20 -0.11963708E+02
  0.25500000E+01  0.43212286E-20 -0.12014098E+02
  0.25600000E+01  0.43716589E-20 -0.12064528E+02
  0.25700000E+01  0.44220698E-20 -0.12114999E+02
  0.25800000E+01  0.44724592E-20 -0.12165511E+02
  0.25900000E+01  0.45228262E-20 -0.12216064E+02
  0.26000000E+01  0.45731708E-20 -0.12266659E+02
  0.26100000E+01  0.46234943E-20 -0.12317296E+02
  0.26200000E+01  0.46737986E-20 -0.12367974E+02
  0.26300000E+01  0.47240871E-20 -0.12418694E+02
  0.26400000E+01  0.47743639E-20 -0.12469457E+02
  0.26500000E+01  0.48246339E-20 -0.12520262E+02
  0.26600000E+01  0.48749035E-20 -0.12571110E+02
  0.26700000E+01  0.49251796E-20 -0.12622001E+02
  0.26800000E+01  0.49754703E-20 -0.12672935E+02
  0.26900000E+01  0.50257847E-20 -0.12723912E+02
  0.27000000E+01  0.50761331E-20 -0.12774932E+02
  0.27100000E+01  0.51265269E-20 -0.12825996E+02
  0.27200000E+01  0.51769784E-20 -0.12877105E+02
  0.27300000E+01  0.52275017E-20 -0.12928257E+02
  0.27400000E+01  0.52781119E-20 -0.12979454E+02
  0.27500000E+01  0.53288257E-20 -0.13030695E+02
  0.27600000E+01  0.53796615E-20 -0.13081980E+02
  0.27700000E+01  0.54306393E-20 -0.13133311E+02
  0.27800000E+01  0.54817810E-20 -0.13184687E+02
  0.27900000E+01  0.55331105E-20 -0.13236109E+02
  0.28000000E+01  0.55846538E-20 -0.13287575E+02
  0.28100000E+01  0.56364394E-20 -0.13339088E+02
  0.28200000E+01  0.56884979E-20 -0.13390647E+02
  0.28300000E+01  0.57408626E-20 -0.13442252E+02
  0.28400000E+01  0.57935692E-20 -0.13493903E+02
  0.28500000E+01  0.58466563E-20 -0.13545601E+02
  0.28600000E+01  0.59001652E-20 -0.13597346E+02
  0.28700000E+01  0.59541397E-20 -0.13649138E+02
  0.28800000E+01  0.60086267E-20 -0.13700977E+02
  0.28900000E+01  0.60636752E-20 -0.13752864E+02
  0.29000000E+01  0.61193371E-20 -0.13804798E+02
  0.29100000E+01  0.61756663E-20 -0.13856780E+02
  0.29200000E+01  0.62327189E-20 -0.13908811E+02
  0.29300000E+01  0.62905525E-20 -0.13960890E+02
  0.29400000E+01  0.63492260E-20 -0.14013017E+02
  0.29500000E+01  0.64087988E-20 -0.14065193E+02
  0.29600000E+01  0.64693308E-20 -0.14117419E+02
  0.29700000E+01  0.65308809E-20 -0.14169693E+02
  0.29800000E+01  0.65935070E-20 -0.14222017E+02
  0.29900000E+01  0.66572648E-20 -0.14274391E+02
  0.30000000E+01  0.67222066E-20 -0.14326815E+02
  0.30100000E+01  0.67883809E-20 -0.14379289E+02
  0.30200000E+01  0.68558309E-20 -0.14431813E+02
  0.30300000E+01  0.69245935E-20 -0.14484388E+02
  0.30400000E+01  0.69946983E-20 -0.14537013E+02
  0.30500000E+01  0.70661663E-20 -0.14589690E+02
  0.30600000E+01  0.71390087E-20 -0.14642418E+02
  0.30700000E+01  0.72132260E-20 -0.14695197E+02
  0.30800000E+01  0.72888069E-20 -0.14748029E+02
  0.30900000E+01  0.73657275E-20 -0.14800912E+02
  0.31000000E+01  0.74439500E-20 -0.14853847E+02
  0.31100000E+01  0.75234228E-20 -0.14906835E+02
  0.31200000E+01  0.76040798E-20 -0.14959875E+02
  0.31300000E+01  0.76858401E-20 -0.15012969E+02
  0.31400000E+01  0.77686086E-20 -0.15066115E+02
  0.31500000E+01  0.78522759E-20 -0.15119315E+02
  0.31600000E+01  0.79367201E-20 -0.15172569E+02
  0.31700000E+01  0.80218075E-20 -0.15225876E+02
  0.31800000E+01  0.81073947E-20 -0.15279237E+02
  0.31900000E+01  0.81933307E-20 -0.15332653E+02
  0.32000000E+01  0.82794603E-20 -0.15386123E+02
  0.32100000E+01  0.83656271E-20 -0.15439648E+02
  0.32200000E+01  0.84516773E-20 -0.15493228E+02
  0.32300000E+01  0.85374647E-20 -0.15546863E+02
  0.32400000E+01  0.86228557E-20 -0.15600554E+02
  0.32500000E+01  0.87077342E-20 -0.15654300E+02
  0.32600000E+01  0.87920083E-20 -0.15708103E+02
  0.32700000E+01  0.88756163E-20 -0.15761961E+02
  0.32800000E+01  0.89585330E-20 -0.15815876E+02
  0.32900000E+01  0.90407770E-20 -0.15869848E+02
  0.33000000E+01  0.91224170E-20 -0.15923877E+02
  0.33100000E+01  0.92035782E-20 -0.15977963E+02
  0.33200000E+01  0.92844489E-20 -0.16032107E+02
  0.33300000E+01  0.93652861E-20 -0.16086308E+02
  0.33400000E+01  0.94464199E-20 -0.16140567E+02
  0.33500000E+01  0.95282576E-20 -0.16194884E+02
  0.33600000E+01  0.96112865E-20 -0.16249260E+02
  0.33700000E+01  0.96960743E-20 -0.16303694E+02
  0.33800000E+01  0.97832686E-20 -0.16358188E+02
  0.33900000E+01  0.98735939E-20 -0.16412740E+02
  0.34000000E+01  0.99678464E-20 -0.16467352E+02
  0.34100000E+01  0.10066886E-19 -0.16522024E+02
  0.34200000E+01  0.10171627E-19 -0.16576755E+02
  0.34300000E+01  0.10283021E-19 -0.16631547E+02
  0.34400000E+01  0.10402048E-19 -0.16686400E+02
  0.34500000E+01  0.10529688E-19 -0.16741313E+02
  0.34600000E+01  0.10666908E-19 -0.16796287E+02
  0.34700000E+01  0.10814629E-19 -0.16851322E+02
  0.34800000E+01  0.10973708E-19 -0.16906419E+02
  0.34900000E+01  0.11144901E-19 -0.16961577E+02
  0.35000000E+01  0.11328839E-19 -0.17016798E+02
  0.35100000E+01  0.11525994E-19 -0.17072081E+02
  0.35200000E+01  0.11736651E-19 -0.17127426E+02
  0.35300000E+01  0.11960877E-19 -0.17182835E+02
  0.35400000E+01  0.12198495E-19 -0.17238306E+02
  0.35500000E+01  0.12449061E-19 -0.17293841E+02
  0.35600000E+01  0.12711846E-19 -0.17349439E+02
  0.35700000E+01  0.12985822E-19 -0.17405101E+02
  0.35800000E+01  0.13269658E-19 -0.17460828E+02
  0.35900000E+01  0.13561724E-19 -0.17516618E+02
  0.36000000E+01  0.13860106E-19 -0.17572474E+02
  0.36100000E+01  0.14162628E-19 -0.17628394E+02
  0.36200000E+01  0.14466889E-19 -0.17684380E+02
  0.36300000E+01  0.14770311E-19 -0.17740431E+02
  0.36400000E+01  0.15070201E-19 -0.17796548E+02
  0.36500000E+01  0.15363814E-19 -0.17852731E+02
  0.36600000E+01  0.15648442E-19 -0.17908981E+02
  0.36700000E+01  0.15921498E-19 -0.17965297E+02
  0.36800000E+01  0.16180606E-19 -0.18021679E+02
  0.36900000E+01  0.16423701E-19 -0.18078130E+02
  0.37000000E+01  0.16649120E-19 -0.18134647E+02
  0.37100000E+01  0.16855684E-19 -0.18191232E+02
  0.37200000E+01  0.17042778E-19 -0.18247886E+02
  0.37300000E+01  0.17210404E-19 -0.18304607E+02
  0.37400000E+01  0.17359217E-19 -0.18361397E+02
  0.37500000E+01  0.17490538E-19 -0.18418256E+02
  0.37600000E+01  0.17606334E-19 -0.18475185E+02
  0.37700000E+01  0.17709171E-19 -0.18532182E+02
  0.37800000E+01  0.17802139E-19 -0.18589250E+02
  0.37900000E+01  0.17888749E-19 -0.18646387E+02
  0.38000000E+01  0.17972814E-19 -0.18703595E+02
  0.38100000E+01  0.18058321E-19 -0.18760873E+02
  0.38200000E+01  0.18149299E-19 -0.18818222E+02
  0.38300000E+01  0.18249703E-19 -0.18875643E+02
  0.38400000E+01  0.18363328E-19 -0.18933135E+02
  0.38500000E+01  0.18493757E-19 -0.18990698E+02
  0.38600000E+01  0.18644361E-19 -0.19048334E+02
  0.38700000E+01  0.18818388E-19 -0.19106042E+02
  0.38800000E+01  0.19019160E-19 -0.19163823E+02
  0.38900000E+01  0.19250494E-19 -0.19221677E+02
  0.39000000E+01  0.19517519E-19 -0.19279604E+02
  0.39100000E+01  0.19828148E-19 -0.19337604E+02
  0.39200000E+01  0.20195601E-19 -0.19395679E+02
  0.39300000E+01  0.20642283E-19 -0.19453828E+02
  0.39400000E+01  0.21205048E-19 -0.19512051E+02
  0.39500000E+01  0.21941113E-19 -0.19570349E+02
  0.39600000E+01  0.22932660E-19 -0.19628722E+02
  0.39700000E+01  0.24286864E-19 -0.19687171E+02
  0.39800000E+01  0.26127350E-19 -0.19745695E+02
  0.39900000E+01  0.28574055E-19 -0.19804295E+02
  0.40000000E+01  0.31711834E-19 -0.19862972E+02
  0.40100000E+01  0.35553520E-19 -0.19921726E+02
  0.40200000E+01  0.40008592E-19 -0.19980556E+02
  0.40300000E+01  0.44870995E-19 -0.20039464E+02
  0.40400000E+01  0.49836305E-19 -0.20098449E+02
  0.40500000E+01  0.54549254E-19 -0.20157512E+02
  0.40600000E+01  0.58670759E-19 -0.20216654E+02
  0.40700000E+01  0.61944680E-19 -0.20275874E+02
  0.40800000E+01  0.64243385E-19 -0.20335173E+02
  0.40900000E+01  0.65578850E-19 -0.20394551E+02
  0.41000000E+01  0.66079032E-19 -0.20454009E+02
  0.41100000E+01  0.65941235E-19 -0.20513547E+02
  0.41200000E+01  0.65380049E-19 -0.20573164E+02
  0.41300000E+01  0.64585460E-19 -0.20632863E+02
  0.41400000E+01  0.63699491E-19 -0.20692642E+02
  0.41500000E+01  0.62811412E-19 -0.20752503E+02
  0.41600000E+01  0.61965918E-19 -0.20812445E+02
  0.41700000E+01  0.61176974E-19 -0.20872469E+02
  0.41800000E+01  0.60441417E-19 -0.20932575E+02
  0.41900000E+01  0.59749154E-19 -0.20992763E+02
  0.42000000E+01  0.59089279E-19 -0.21053035E+02
  0.42100000E+01  0.58452877E-19 -0.21113390E+02
  0.42200000E+01  0.57833747E-19 -0.21173828E+02
  0.42300000E+01  0.57228110E-19 -0.21234350E+02
  0.42400000E+01  0.56634005E-19 -0.21294957E+02
  0.42500000E+01  0.56050695E-19 -0.21355648E+02
  0.42600000E+01  0.55478219E-19 -0.21416424E+02
  0.42700000E+01  0.54917077E-19 -0.21477285E+02
  0.42800000E+01  0.54368035E-19 -0.21538232E+02
  0.42900000E+01  0.53831994E-19 -0.21599265E+02
  0.43000000E+01  0.53309914E-19 -0.21660384E+02
  0.43100000E+01  0.52802769E-19 -0.21721590E+02
  0.43200000E+01  0.52311507E-19 -0.21782883E+02
  0.43300000E+01  0.51837039E-19 -0.21844264E+02
  0.43400000E+01  0.51380224E-19 -0.21905732E+02
  0.43500000E+01  0.50941859E-19 -0.21967288E+02
  0.43600000E+01  0.50522681E-19 -0.22028933E+02
  0.43700000E+01  0.50123359E-19 -0.22090667E+02
  0.43800000E+01  0.49744498E-19 -0.22152489E+02
  0.43900000E+01  0.49386638E-19 -0.22214402E+02
  0.44000000E+01  0.49050257E-19 -0.22276404E+02
  0.44100000E+01  0.48735773E-19 -0.22338497E+02
  0.44200000E+01  0.48443544E-19 -0.22400680E+02
  0.44300000E+01  0.48173873E-19 -0.22462955E+02
  0.44400000E+01  0.47927011E-19 -0.22525321E+02
  0.44500000E+01  0.47703156E-19 -0.22587778E+02
  0.44600000E+01  0.47502463E-19 -0.22650328E+02
  0.44700000E+01  0.47325036E-19 -0.22712971E+02
  0.44800000E+01  0.47170942E-19 -0.22775706E+02
  0.44900000E+01  0.47040205E-19 -0.22838535E+02
  0.45000000E+01  0.46932812E-19 -0.22901457E+02
  0.45100000E+01  0.46848716E-19 -0.22964474E+02
  0.45200000E+01  0.46787835E-19 -0.23027585E+02
  0.45300000E+01  0.46750059E-19 -0.23090790E+02
  0.45400000E+01  0.46735246E-19 -0.23154092E+02
  0.45500000E+01  0.46743231E-19 -0.23217488E+02
  0.45600000E+01  0.46773820E-19 -0.23280981E+02
  0.45700000E+01  0.46826798E-19 -0.23344570E+02
  0.45800000E+01  0.46901930E-19 -0.23408256E+02
  0.45900000E+01  0.46998958E-19 -0.23472040E+02
  0.46000000E+01  0.47117607E-19 -0.23535920E+02
  0.46100000E+01  0.47257586E-19 -0.23599899E+02
  0.46200000E+01  0.47418586E-19 -0.23663977E+02
  0.46300000E+01  0.47600287E-19 -0.23728153E+02
  0.46400000E+01  0.47802351E-19 -0.23792428E+02
  0.46500000E+01  0.48024433E-19 -0.23856803E+02
  0.46600000E+01  0.48266175E-19 -0.23921279E+02
  0.46700000E+01  0.48527208E-19 -0.23985854E+02
  0.46800000E+01  0.48807156E-19 -0.24050531E+02
  0.46900000E+01  0.49105634E-19 -0.24115308E+02
  0.47000000E+01  0.49422249E-19 -0.24180188E+02
  0.47100000E+01  0.49756603E-19 -0.24245170E+02
  0.47200000E+01  0.50108293E-19 -0.24310254E+02
  0.47300000E+01  0.50476908E-19 -0.24375441E+02
  0.47400000E+01  0.50862037E-19 -0.24440732E+02
  0.47500000E+01  0.51263262E-19 -0.24506126E+02
  0.47600000E+01  0.51680163E-19 -0.24571625E+02
  0.47700000E+01  0.52112318E-19 -0.24637229E+02
  0.47800000E+01  0.52559303E-19 -0.24702937E+02
  0.47900000E+01  0.53020692E-19 -0.24768751E+02
  0.48000000E+01  0.53496058E-19 -0.24834672E+02
  0.48100000E+01  0.53984974E-19 -0.24900698E+02
  0.48200000E+01  0.54487012E-19 -0.24966832E+02
  0.48300000E+01  0.55001745E-19 -0.25033073E+02
  0.48400000E+01  0.55528746E-19 -0.25099421E+02
  0.48500000E+01  0.56067589E-19 -0.25165878E+02
  0.48600000E+01  0.56617848E-19 -0.25232444E+02
  0.48700000E+01  0.57179101E-19 -0.25299118E+02
  0.48800000E+01  0.57750924E-19 -0.25365903E+02
  0.48900000E+01  0.58332899E-19 -0.25432797E+02
  0.49000000E+01  0.58924606E-19 -0.25499802E+02
  0.49100000E+01  0.59525630E-19 -0.25566917E+02
  0.49200000E+01  0.60135557E-19 -0.25634144E+02
  0.49300000E+01  0.60753977E-19 -0.25701484E+02
  0.49400000E+01  0.61380482E-19 -0.25768935E+02
  0.49500000E+01  0.62014666E-19 -0.25836499E+02
  0.49600000E+01  0.62656127E-19 -0.25904177E+02
  0.49700000E+01  0.63304467E-19 -0.25971968E+02
  0.49800000E+01  0.63959290E-19 -0.26039873E+02
  0.49900000E+01  0.64620203E-19 -0.26107894E+02
  0.50000000E+01  0.65286818E-19 -0.26176029E+02
  0.50100000E+01  0.65958750E-19 -0.26244280E+02
  0.50200000E+01  0.66635617E-19 -0.26312647E+02
  0.50300000E+01  0.67317041E-19 -0.26381131E+02
  0.50400000E+01  0.68002648E-19 -0.26449732E+02
  0.50500000E+01  0.68692069E-19 -0.26518451E+02
  0.50600000E+01  0.69384936E-19 -0.26587288E+02
  0.50700000E+01  0.70080888E-19 -0.26656243E+02
  0.50800000E+01  0.70779566E-19 -0.26725318E+02
  0.50900000E+01  0.71480617E-19 -0.26794512E+02
  0.51000000E+01  0.72183689E-19 -0.26863826E+02
  0.51100000E+01  0.72888439E-19 -0.26933261E+02
  0.51200000E+01  0.73594523E-19 -0.27002817E+02
  0.51300000E+01  0.74301606E-19 -0.27072495E+02
  0.51400000E+01  0.75009353E-19 -0.27142294E+02
  0.51500000E+01  0.75717438E-19 -0.27212217E+02
  0.51600000E+01  0.76425535E-19 -0.27282263E+02
  0.51700000E+01  0.77133326E-19 -0.27352432E+02
  0.51800000E+01  0.77840495E-19 -0.27422726E+02
  0.51900000E+01  0.78546733E-19 -0.27493145E+02
  0.52000000E+01  0.79251735E-19 -0.27563688E+02
  0.52100000E+01  0.79955199E-19 -0.27634358E+02
  0.52200000E+01  0.80656829E-19 -0.27705154E+02
  0.52300000E+01  0.81356335E-19 -0.27776077E+02
  0.52400000E+01  0.82053431E-19 -0.27847127E+02
  0.52500000E+01  0.82747836E-19 -0.27918306E+02
  0.52600000E+01  0.83439273E-19 -0.27989613E+02
  0.52700000E+01  0.84127473E-19 -0.28061049E+02
  0.52800000E+01  0.84812169E-19 -0.28132614E+02
  0.52900000E+01  0.85493102E-19 -0.28204310E+02
  0.53000000E+01  0.86170017E-19 -0.28276137E+02
  0.53100000E+01  0.86842665E-19 -0.28348095E+02
  0.53200000E+01  0.87510802E-19 -0.28420185E+02
  0.53300000E+01  0.88174191E-19 -0.28492407E+02
  0.53400000E+01  0.88832599E-19 -0.28564762E+02
  0.53500000E+01  0.89485799E-19 -0.28637251E+02
  0.53600000E+01  0.90133572E-19 -0.28709874E+02
  0.53700000E+01  0.90775704E-19 -0.28782632E+02
  0.53800000E+01  0.91411986E-19 -0.28855525E+02
  0.53900000E+01  0.92042216E-19 -0.28928554E+02
  0.54000000E+01  0.92666199E-19 -0.29001719E+02
  0.54100000E+01  0.93283746E-19 -0.29075022E+02
  0.54200000E+01  0.93894674E-19 -0.29148462E+02
  0.54300000E+01  0.94498808E-19 -0.29222040E+02
  0.54400000E+01  0.95095978E-19 -0.29295758E+02
  0.54500000E+01  0.95686022E-19 -0.29369614E+02
  0.54600000E+01  0.96268785E-19 -0.29443611E+02
  0.54700000E+01  0.96844119E-19 -0.29517749E+02
  0.54800000E+01  0.97411883E-19 -0.29592028E+02
  0.54900000E+01  0.97971943E-19 -0.29666449E+02
  0.55000000E+01  0.98524172E-19 -0.29741012E+02
  0.55100000E+01  0.99068452E-19 -0.29815718E+02
  0.55200000E+01  0.99604671E-19 -0.29890569E+02
  0.55300000E+01  0.10013273E-18 -0.29965563E+02
  0.55400000E+01  0.10065252E-18 -0.30040703E+02
  0.55500000E+01  0.10116397E-18 -0.30115988E+02
  0.55600000E+01  0.10166699E-18 -0.30191420E+02
  0.55700000E+01  0.10216150E-18 -0.30266999E+02
  0.55800000E+01  0.10264746E-18 -0.30342725E+02
  0.55900000E+01  0.10312479E-18 -0.30418600E+02
  0.56000000E+01  0.10359345E-18 -0.30494623E+02
  0.56100000E+01  0.10405340E-18 -0.30570797E+02
  0.56200000E+01  0.10450462E-18 -0.30647120E+02
  0.56300000E+01  0.10494707E-18 -0.30723594E+02
  0.56400000E+01  0.10538075E-18 -0.30800220E+02
  0.56500000E+01  0.10580564E-18 -0.30876998E+02
  0.56600000E+01  0.10622175E-18 -0.30953929E+02
  0.56700000E+01  0.10662910E-18 -0.31031014E+02
  0.56800000E+01  0.10702770E-18 -0.31108253E+02
  0.56900000E+01  0.10741757E-18 -0.31185647E+02
  0.57000000E+01  0.10779877E-18 -0.31263196E+02
  0.57100000E+01  0.10817132E-18 -0.31340902E+02
  0.57200000E+01  0.10853529E-18 -0.31418765E+02
  0.57300000E+01  0.10889074E-18 -0.31496786E+02
  0.57400000E+01  0.10923774E-18 -0.31574966E+02
  0.57500000E+01  0.10957637E-18 -0.31653304E+02
  0.57600000E+01  0.10990672E-18 -0.31731803E+02
  0.57700000E+01  0.11022889E-18 -0.31810462E+02
  0.57800000E+01  0.11054297E-18 -0.31889282E+02
  0.57900000E+01  0.11084910E-18 -0.31968265E+02
  0.58000000E+01  0.11114737E-18 -0.32047410E+02
  0.58100000E+01  0.11143794E-18 -0.32126719E+02
  0.58200000E+01  0.11172092E-18 -0.32206192E+02
  0.58300000E+01  0.11199648E-18 -0.32285831E+02
  0.58400000E+01  0.11226477E-18 -0.32365635E+02
  0.58500000E+01  0.11252594E-18 -0.32445606E+02
  0.58600000E+01  0.11278017E-18 -0.32525744E+02
  0.58700000E+01  0.11302764E-18 -0.32606050E+02
  0.58800000E+01  0.11326853E-18 -0.32686525E+02
  0.58900000E+01  0.11350302E-18 -0.32767169E+02
  0.59000000E+01  0.11373133E-18 -0.32847985E+02
  0.59100000E+01  0.11395366E-18 -0.32928971E+02
  0.59200000E+01  0.11417021E-18 -0.33010129E+02
  0.59300000E+01  0.11438122E-18 -0.33091460E+02
  0.59400000E+01  0.11458690E-18 -0.33172965E+02
  0.59500000E+01  0.11478749E-18 -0.33254644E+02
  0.59600000E+01  0.11498323E-18 -0.33336498E+02
  0.59700000E+01  0.11517436E-18 -0.33418529E+02
  0.59800000E+01  0.11536113E-18 -0.33500736E+02
  0.59900000E+01  0.11554380E-18 -0.33583121E+02
  0.60000000E+01  0.11572263E-18 -0.33665684E+02
