  0.20000000E+00 -0.17910969E-11  0.39556260E-11
  0.21000000E+00 -0.19759300E-11  0.41276090E-11
  0.22000000E+00 -0.21741522E-11  0.42855898E-11
  0.23000000E+00 -0.23787000E-11  0.44314716E-11
  0.24000000E+00 -0.25823618E-11  0.45687517E-11
  0.25000000E+00 -0.27804389E-11  0.46987401E-11
  0.26000000E+00 -0.29725148E-11  0.48223886E-11
  0.27000000E+00 -0.31626628E-11  0.49436180E-11
  0.28000000E+00 -0.33579953E-11  0.50679377E-11
  0.29000000E+00 -0.35660715E-11  0.51966006E-11
  0.30000000E+00 -0.37921192E-11  0.53235547E-11
  0.31000000E+00 -0.40370993E-11  0.54397782E-11
  0.32000000E+00 -0.42972789E-11  0.55400114E-11
  0.33000000E+00 -0.45653672E-11  0.56250189E-11
  0.34000000E+00 -0.48327149E-11  0.56985194E-11
  0.35000000E+00 -0.50918465E-11  0.57635003E-11
  0.36000000E+00 -0.53386742E-11  0.58211897E-11
  0.37000000E+00 -0.55739276E-11  0.58715319E-11
  0.38000000E+00 -0.58034345E-11  0.59156952E-11
  0.39000000E+00 -0.60369499E-11  0.59588700E-11
  0.40000000E+00 -0.62854555E-11  0.60072866E-11
  0.41000000E+00 -0.65573794E-11  0.60604195E-11
  0.42000000E+00 -0.68548416E-11  0.61077701E-11
  0.43000000E+00 -0.71714380E-11  0.61359556E-11
  0.44000000E+00 -0.74928837E-11  0.61385904E-11
  0.45000000E+00 -0.78009761E-11  0.61182645E-11
  0.46000000E+00 -0.80800546E-11  0.60808721E-11
  0.47000000E+00 -0.83238544E-11  0.60303528E-11
  0.48000000E+00 -0.85399079E-11  0.59721255E-11
  0.49000000E+00 -0.87489383E-11  0.59213074E-11
  0.50000000E+00 -0.89782907E-11  0.58973364E-11
  0.51000000E+00 -0.92510306E-11  0.59026460E-11
  0.52000000E+00 -0.95748611E-11  0.59113662E-11
  0.53000000E+00 -0.99360331E-11  0.58853661E-11
  0.54000000E+00 -0.10302006E-10  0.58014449E-11
  0.55000000E+00 -0.10633032E-10  0.56632623E-11
  0.56000000E+00 -0.10898637E-10  0.54934034E-11
  0.57000000E+00 -0.11092129E-10  0.53201431E-11
  0.58000000E+00 -0.11236339E-10  0.51686938E-11
  0.59000000E+00 -0.11376906E-10  0.50578155E-11
  0.60000000E+00 -0.11564617E-10  0.49963311E-11
  0.61000000E+00 -0.11833422E-10  0.49709435E-11
  0.62000000E+00 -0.12183574E-10  0.49369367E-11
  0.63000000E+00 -0.12578132E-10  0.48358722E-11
  0.64000000E+00 -0.12955810E-10  0.46348682E-11
  0.65000000E+00 -0.13255831E-10  0.43521556E-11
  0.66000000E+00 -0.13444504E-10  0.40453974E-11
  0.67000000E+00 -0.13531621E-10  0.37760365E-11
  0.68000000E+00 -0.13568736E-10  0.35786667E-11
  0.69000000E+00 -0.13629086E-10  0.34531786E-11
  0.70000000E+00 -0.13777107E-10  0.33763382E-11
  0.71000000E+00 -0.14040348E-10  0.33100733E-11
  0.72000000E+00 -0.14396097E-10  0.32001413E-11
  0.73000000E+00 -0.14779066E-10  0.29911049E-11
  0.74000000E+00 -0.15107581E-10  0.26655081E-11
  0.75000000E+00 -0.15317476E-10  0.22685568E-11
  0.76000000E+00 -0.15389229E-10  0.18831277E-11
  0.77000000E+00 -0.15356575E-10  0.15764704E-11
  0.78000000E+00 -0.15292827E-10  0.13673601E-11
  0.79000000E+00 -0.15280819E-10  0.12299835E-11
  0.80000000E+00 -0.15379237E-10  0.11167222E-11
  0.81000000E+00 -0.15599252E-10  0.97837885E-12
  0.82000000E+00 -0.15900660E-10  0.77356430E-12
  0.83000000E+00 -0.16208473E-10  0.47620441E-12
  0.84000000E+00 -0.16442711E-10  0.90510367E-13
  0.85000000E+00 -0.16549233E-10 -0.33861065E-12
  0.86000000E+00 -0.16519586E-10 -0.74218272E-12
  0.87000000E+00 -0.16392771E-10 -0.10680120E-11
  0.88000000E+00 -0.16239232E-10 -0.13096799E-11
  0.89000000E+00 -0.16134056E-10 -0.14984594E-11
  0.90000000E+00 -0.16129836E-10 -0.16750366E-11
  0.91000000E+00 -0.16238745E-10 -0.18707487E-11
  0.92000000E+00 -0.16429328E-10 -0.21075481E-11
  0.93000000E+00 -0.16638184E-10 -0.24045356E-11
  0.94000000E+00 -0.16792012E-10 -0.27718631E-11
  0.95000000E+00 -0.16832636E-10 -0.31919000E-11
  0.96000000E+00 -0.16736960E-10 -0.36163871E-11
  0.97000000E+00 -0.16525444E-10 -0.39946077E-11
  0.98000000E+00 -0.16256162E-10 -0.43028173E-11
  0.99000000E+00 -0.16005915E-10 -0.45449498E-11
  0.10000000E+01 -0.15844115E-10 -0.47375401E-11
  0.10100000E+01 -0.15807847E-10 -0.49056603E-11
  0.10200000E+01 -0.15886827E-10 -0.50877567E-11
  0.10300000E+01 -0.16024399E-10 -0.53308922E-11
  0.10400000E+01 -0.16135635E-10 -0.56697864E-11
  0.10500000E+01 -0.16137324E-10 -0.60994324E-11
  0.10600000E+01 -0.15979440E-10 -0.65665033E-11
  0.10700000E+01 -0.15666024E-10 -0.69957253E-11
  0.10800000E+01 -0.15256483E-10 -0.73307046E-11
  0.10900000E+01 -0.14845543E-10 -0.75564449E-11
  0.11000000E+01 -0.14528546E-10 -0.76955533E-11
  0.11100000E+01 -0.14365037E-10 -0.77941287E-11
  0.11200000E+01 -0.14354858E-10 -0.79121185E-11
  0.11300000E+01 -0.14436559E-10 -0.81114260E-11
  0.11400000E+01 -0.14509404E-10 -0.84298278E-11
  0.11500000E+01 -0.14470971E-10 -0.88528272E-11
  0.11600000E+01 -0.14255958E-10 -0.93126460E-11
  0.11700000E+01 -0.13861221E-10 -0.97238173E-11
  0.11800000E+01 -0.13347388E-10 -0.10027599E-10
  0.11900000E+01 -0.12816603E-10 -0.10212629E-10
  0.12000000E+01 -0.12375051E-10 -0.10307337E-10
  0.12100000E+01 -0.12094371E-10 -0.10360932E-10
  0.12200000E+01 -0.11986005E-10 -0.10429148E-10
  0.12300000E+01 -0.11997413E-10 -0.10565247E-10
  0.12400000E+01 -0.12031096E-10 -0.10805020E-10
  0.12500000E+01 -0.11979355E-10 -0.11145795E-10
  0.12600000E+01 -0.11762451E-10 -0.11538723E-10
  0.12700000E+01 -0.11356830E-10 -0.11910069E-10
  0.12800000E+01 -0.10803715E-10 -0.12198025E-10
  0.12900000E+01 -0.10195213E-10 -0.12375711E-10
  0.13000000E+01 -0.96427414E-11 -0.12450937E-10
  0.13100000E+01 -0.92385058E-11 -0.12456085E-10
  0.13200000E+01 -0.90231038E-11 -0.12440109E-10
  0.13300000E+01 -0.89704473E-11 -0.12461723E-10
  0.13400000E+01 -0.89956473E-11 -0.12575876E-10
  0.13500000E+01 -0.89838265E-11 -0.12809166E-10
  0.13600000E+01 -0.88303879E-11 -0.13136942E-10
  0.13700000E+01 -0.84787096E-11 -0.13487232E-10
  0.13800000E+01 -0.79415602E-11 -0.13776205E-10
  0.13900000E+01 -0.72980112E-11 -0.13947419E-10
  0.14000000E+01 -0.66664317E-11 -0.13989487E-10
  0.14100000E+01 -0.61629440E-11 -0.13931824E-10
  0.14200000E+01 -0.58601380E-11 -0.13830139E-10
  0.14300000E+01 -0.57608792E-11 -0.13750893E-10
  0.14400000E+01 -0.57967267E-11 -0.13756910E-10
  0.14500000E+01 -0.58517132E-11 -0.13888582E-10
  0.14600000E+01 -0.58031353E-11 -0.14139352E-10
  0.14700000E+01 -0.55648452E-11 -0.14446278E-10
  0.14800000E+01 -0.51176552E-11 -0.14718495E-10
  0.14900000E+01 -0.45162199E-11 -0.14885653E-10
  0.15000000E+01 -0.38702740E-11 -0.14925243E-10
  0.15100000E+01 -0.33070616E-11 -0.14857257E-10
  0.15200000E+01 -0.29279706E-11 -0.14725123E-10
  0.15300000E+01 -0.27739348E-11 -0.14582054E-10
  0.15400000E+01 -0.28110481E-11 -0.14486762E-10
  0.15500000E+01 -0.29412655E-11 -0.14496060E-10
  0.15600000E+01 -0.30350079E-11 -0.14640168E-10
  0.15700000E+01 -0.29751857E-11 -0.14893109E-10
  0.15800000E+01 -0.26979204E-11 -0.15175350E-10
  0.15900000E+01 -0.22157882E-11 -0.15396943E-10
  0.16000000E+01 -0.16149847E-11 -0.15499962E-10
  0.16100000E+01 -0.10267296E-11 -0.15470640E-10
  0.16200000E+01 -0.58236586E-12 -0.15333512E-10
  0.16300000E+01 -0.36761004E-12 -0.15143149E-10
  0.16400000E+01 -0.39205783E-12 -0.14974000E-10
  0.16500000E+01 -0.58497757E-12 -0.14903449E-10
  0.16600000E+01 -0.81926904E-12 -0.14983568E-10
  0.16700000E+01 -0.95537101E-12 -0.15209543E-10
  0.16800000E+01 -0.88960368E-12 -0.15512197E-10
  0.16900000E+01 -0.58982744E-12 -0.15792779E-10
  0.17000000E+01 -0.10608644E-12 -0.15973685E-10
  0.17100000E+01  0.44690565E-12 -0.16024973E-10
  0.17200000E+01  0.92874494E-12 -0.15962266E-10
  0.17300000E+01  0.12202607E-11 -0.15830982E-10
  0.17400000E+01  0.12629888E-11 -0.15688681E-10
  0.17500000E+01  0.10787532E-11 -0.15595769E-10
  0.17600000E+01  0.76324623E-12 -0.15610209E-10
  0.17700000E+01  0.45537549E-12 -0.15770452E-10
  0.17800000E+01  0.29170173E-12 -0.16068582E-10
  0.17900000E+01  0.36050892E-12 -0.16439469E-10
  0.18000000E+01  0.67099858E-12 -0.16785668E-10
  0.18100000E+01  0.11487669E-11 -0.17022976E-10
  0.18200000E+01  0.16600080E-11 -0.17115672E-10
  0.18300000E+01  0.20567241E-11 -0.17084432E-10
  0.18400000E+01  0.22274843E-11 -0.16990220E-10
  0.18500000E+01  0.21360350E-11 -0.16912528E-10
  0.18600000E+01  0.18342285E-11 -0.16930301E-10
  0.18700000E+01  0.14447595E-11 -0.17099857E-10
  0.18800000E+01  0.11197767E-11 -0.17432547E-10
  0.18900000E+01  0.98976052E-12 -0.17882826E-10
  0.19000000E+01  0.11201843E-11 -0.18360317E-10
  0.19100000E+01  0.14904095E-11 -0.18770980E-10
  0.19200000E+01  0.20013410E-11 -0.19060733E-10
  0.19300000E+01  0.25086696E-11 -0.19228001E-10
  0.19400000E+01  0.28704565E-11 -0.19306576E-10
  0.19500000E+01  0.29937388E-11 -0.19347455E-10
  0.19600000E+01  0.28654670E-11 -0.19413503E-10
  0.19700000E+01  0.25578753E-11 -0.19574430E-10
  0.19800000E+01  0.22060537E-11 -0.19889328E-10
  0.19900000E+01  0.19642485E-11 -0.20375418E-10
  0.20000000E+01  0.19548064E-11 -0.20981668E-10
  0.20100000E+01  0.22269632E-11 -0.21602839E-10
  0.20200000E+01  0.27399876E-11 -0.22135097E-10
  0.20300000E+01  0.33769163E-11 -0.22525134E-10
  0.20400000E+01  0.39842519E-11 -0.22779481E-10
  0.20500000E+01  0.44238307E-11 -0.22947467E-10
  0.20600000E+01  0.46191090E-11 -0.23100329E-10
  0.20700000E+01  0.45804943E-11 -0.23311963E-10
  0.20800000E+01  0.44017350E-11 -0.23642962E-10
  0.20900000E+01  0.42289947E-11 -0.24127688E-10
  0.21000000E+01  0.42129984E-11 -0.24758570E-10
  0.21100000E+01  0.44599659E-11 -0.25474295E-10
  0.21200000E+01  0.49973390E-11 -0.26175594E-10
  0.21300000E+01  0.57654178E-11 -0.26772915E-10
  0.21400000E+01  0.66374867E-11 -0.27228452E-10
  0.21500000E+01  0.74617276E-11 -0.27559198E-10
  0.21600000E+01  0.81112642E-11 -0.27813204E-10
  0.21700000E+01  0.85261710E-11 -0.28049812E-10
  0.21800000E+01  0.87337855E-11 -0.28334932E-10
  0.21900000E+01  0.88403756E-11 -0.28735433E-10
  0.22000000E+01  0.89963725E-11 -0.29294570E-10
  0.22100000E+01  0.93463674E-11 -0.29998144E-10
  0.22200000E+01  0.99808111E-11 -0.30762771E-10
  0.22300000E+01  0.10906233E-10 -0.31469012E-10
  0.22400000E+01  0.12044273E-10 -0.32026364E-10
  0.22500000E+01  0.13259306E-10 -0.32419070E-10
  0.22600000E+01  0.14404350E-10 -0.32695452E-10
  0.22700000E+01  0.15369353E-10 -0.32922426E-10
  0.22800000E+01  0.16116353E-10 -0.33152768E-10
  0.22900000E+01  0.16691070E-10 -0.33424520E-10
  0.23000000E+01  0.17207836E-10 -0.33776284E-10
  0.23100000E+01  0.17812410E-10 -0.34246248E-10
  0.23200000E+01  0.18633885E-10 -0.34837062E-10
  0.23300000E+01  0.19741184E-10 -0.35477773E-10
  0.23400000E+01  0.21119331E-10 -0.36039976E-10
  0.23500000E+01  0.22674611E-10 -0.36414454E-10
  0.23600000E+01  0.24267203E-10 -0.36584252E-10
  0.23700000E+01  0.25759349E-10 -0.36625094E-10
  0.23800000E+01  0.27061543E-10 -0.36636866E-10
  0.23900000E+01  0.28160935E-10 -0.36680089E-10
  0.24000000E+01  0.29123512E-10 -0.36770187E-10
  0.24100000E+01  0.30070692E-10 -0.36911235E-10
  0.24200000E+01  0.31138433E-10 -0.37118327E-10
  0.24300000E+01  0.32431631E-10 -0.37396202E-10
  0.24400000E+01  0.33988175E-10 -0.37691876E-10
  0.24500000E+01  0.35764948E-10 -0.37886872E-10
  0.24600000E+01  0.37651679E-10 -0.37867714E-10
  0.24700000E+01  0.39508730E-10 -0.37619376E-10
  0.24800000E+01  0.41215459E-10 -0.37239867E-10
  0.24900000E+01  0.42711401E-10 -0.36853665E-10
  0.25000000E+01  0.44015503E-10 -0.36522118E-10
  0.25100000E+01  0.45217409E-10 -0.36239021E-10
  0.25200000E+01  0.46444864E-10 -0.35985133E-10
  0.25300000E+01  0.47818729E-10 -0.35761764E-10
  0.25400000E+01  0.49410326E-10 -0.35566118E-10
  0.25500000E+01  0.51215073E-10 -0.35340257E-10
  0.25600000E+01  0.53151765E-10 -0.34966450E-10
  0.25700000E+01  0.55088928E-10 -0.34348768E-10
  0.25800000E+01  0.56889952E-10 -0.33511527E-10
  0.25900000E+01  0.58461016E-10 -0.32588218E-10
  0.26000000E+01  0.59784020E-10 -0.31702640E-10
  0.26100000E+01  0.60922300E-10 -0.30888613E-10
  0.26200000E+01  0.61997140E-10 -0.30122414E-10
  0.26300000E+01  0.63143564E-10 -0.29388092E-10
  0.26400000E+01  0.64460681E-10 -0.28684691E-10
  0.26500000E+01  0.65973528E-10 -0.27978928E-10
  0.26600000E+01  0.67619904E-10 -0.27172425E-10
  0.26700000E+01  0.69267940E-10 -0.26146933E-10
  0.26800000E+01  0.70759705E-10 -0.24872957E-10
  0.26900000E+01  0.71966253E-10 -0.23457062E-10
  0.27000000E+01  0.72834272E-10 -0.22048832E-10
  0.27100000E+01  0.73406766E-10 -0.20728144E-10
  0.27200000E+01  0.73809399E-10 -0.19505098E-10
  0.27300000E+01  0.74206426E-10 -0.18379220E-10
  0.27400000E+01  0.74741044E-10 -0.17348526E-10
  0.27500000E+01  0.75480664E-10 -0.16367085E-10
  0.27600000E+01  0.76386764E-10 -0.15322454E-10
  0.27700000E+01  0.77321412E-10 -0.14083896E-10
  0.27800000E+01  0.78090273E-10 -0.12601715E-10
  0.27900000E+01  0.78508641E-10 -0.10955036E-10
  0.28000000E+01  0.78467612E-10 -0.92844892E-11
  0.28100000E+01  0.77976231E-10 -0.77056800E-11
  0.28200000E+01  0.77163127E-10 -0.62981101E-11
  0.28300000E+01  0.76235235E-10 -0.51162811E-11
  0.28400000E+01  0.75406468E-10 -0.41627815E-11
  0.28500000E+01  0.74820379E-10 -0.33592840E-11
  0.28600000E+01  0.74494065E-10 -0.25647316E-11
  0.28700000E+01  0.74304532E-10 -0.16412746E-11
  0.28800000E+01  0.74024852E-10 -0.52160086E-12
  0.28900000E+01  0.73399936E-10  0.77368010E-12
  0.29000000E+01  0.72236632E-10  0.21507977E-11
  0.29100000E+01  0.70476101E-10  0.34509104E-11
  0.29200000E+01  0.68221221E-10  0.44876849E-11
  0.29300000E+01  0.65707146E-10  0.51344179E-11
  0.29400000E+01  0.63223500E-10  0.53876104E-11
  0.29500000E+01  0.61014615E-10  0.53533187E-11
  0.29600000E+01  0.59192855E-10  0.51828991E-11
  0.29700000E+01  0.57696425E-10  0.50146455E-11
  0.29800000E+01  0.56308189E-10  0.49525779E-11
  0.29900000E+01  0.54730861E-10  0.50514227E-11
  0.30000000E+01  0.52693437E-10  0.52686616E-11
  0.30100000E+01  0.50051232E-10  0.54308605E-11
  0.30200000E+01  0.46842682E-10  0.52916925E-11
  0.30300000E+01  0.43281034E-10  0.46592429E-11
  0.30400000E+01  0.39683188E-10  0.34892693E-11
  0.30500000E+01  0.36361834E-10  0.18803029E-11
  0.30600000E+01  0.33520823E-10  0.14024006E-14
  0.30700000E+01  0.31191862E-10 -0.19805252E-11
  0.30800000E+01  0.29234384E-10 -0.39447865E-11
  0.30900000E+01  0.27396699E-10 -0.58384073E-11
  0.31000000E+01  0.25414354E-10 -0.76863514E-11
  0.31100000E+01  0.23108849E-10 -0.95985962E-11
  0.31200000E+01  0.20450974E-10 -0.11758831E-10
  0.31300000E+01  0.17567488E-10 -0.14356072E-10
  0.31400000E+01  0.14692460E-10 -0.17475043E-10
  0.31500000E+01  0.12086112E-10 -0.21044746E-10
  0.31600000E+01  0.99550649E-11 -0.24899563E-10
  0.31700000E+01  0.84036754E-11 -0.28886631E-10
  0.31800000E+01  0.74292831E-11 -0.32932009E-10
  0.31900000E+01  0.69538051E-11 -0.37039441E-10
  0.32000000E+01  0.68706026E-11 -0.41248349E-10
  0.32100000E+01  0.70846199E-11 -0.45592582E-10
  0.32200000E+01  0.75338303E-11 -0.50084460E-10
  0.32300000E+01  0.81936958E-11 -0.54719888E-10
  0.32400000E+01  0.90753650E-11 -0.59483274E-10
  0.32500000E+01  0.10228020E-10 -0.64351091E-10
  0.32600000E+01  0.11747185E-10 -0.69313101E-10
  0.32700000E+01  0.13779899E-10 -0.74396500E-10
  0.32800000E+01  0.16512240E-10 -0.79652702E-10
  0.32900000E+01  0.20129978E-10 -0.85106024E-10
  0.33000000E+01  0.24758584E-10 -0.90704354E-10
  0.33100000E+01  0.30406546E-10 -0.96301218E-10
  0.33200000E+01  0.36944445E-10 -0.10167612E-09
  0.33300000E+01  0.44142684E-10 -0.10660941E-09
  0.33400000E+01  0.51763862E-10 -0.11101174E-09
  0.33500000E+01  0.59674037E-10 -0.11501747E-09
  0.33600000E+01  0.67919156E-10 -0.11891787E-09
  0.33700000E+01  0.76722679E-10 -0.12296118E-09
  0.33800000E+01  0.86396851E-10 -0.12718686E-09
  0.33900000E+01  0.97205562E-10 -0.13139030E-09
  0.34000000E+01  0.10924567E-09 -0.13520485E-09
  0.34100000E+01  0.12240784E-09 -0.13825789E-09
  0.34200000E+01  0.13643775E-09 -0.14034027E-09
  0.34300000E+01  0.15106549E-09 -0.14151778E-09
  0.34400000E+01  0.16613351E-09 -0.14208391E-09
  0.34500000E+01  0.18165434E-09 -0.14232818E-09
  0.34600000E+01  0.19776790E-09 -0.14232286E-09
  0.34700000E+01  0.21462406E-09 -0.14191128E-09
  0.34800000E+01  0.23225807E-09 -0.14079999E-09
  0.34900000E+01  0.25053083E-09 -0.13865235E-09
  0.35000000E+01  0.26917055E-09 -0.13523282E-09
  0.35100000E+01  0.28789494E-09 -0.13056223E-09
  0.35200000E+01  0.30654689E-09 -0.12493363E-09
  0.35300000E+01  0.32516575E-09 -0.11872328E-09
  0.35400000E+01  0.34394857E-09 -0.11212037E-09
  0.35500000E+01  0.36311403E-09 -0.10500835E-09
  0.35600000E+01  0.38273476E-09 -0.97060430E-10
  0.35700000E+01  0.40262412E-09 -0.87903893E-10
  0.35800000E+01  0.42233933E-09 -0.77266392E-10
  0.35900000E+01  0.44130702E-09 -0.65090087E-10
  0.36000000E+01  0.45901698E-09 -0.51574972E-10
  0.36100000E+01  0.47519509E-09 -0.37130031E-10
  0.36200000E+01  0.48987529E-09 -0.22216394E-10
  0.36300000E+01  0.50333668E-09 -0.71346460E-11
  0.36400000E+01  0.51593534E-09  0.81187753E-11
  0.36500000E+01  0.52790794E-09  0.23837122E-10
  0.36600000E+01  0.53923420E-09  0.40403183E-10
  0.36700000E+01  0.54961476E-09  0.58022511E-10
  0.36800000E+01  0.55856640E-09  0.76605458E-10
  0.36900000E+01  0.56558656E-09  0.95868251E-10
  0.37000000E+01  0.57031543E-09  0.11550414E-09
  0.37100000E+01  0.57263398E-09  0.13524272E-09
  0.37200000E+01  0.57267136E-09  0.15481057E-09
  0.37300000E+01  0.57073615E-09  0.17395763E-09
  0.37400000E+01  0.56721393E-09  0.19260262E-09
  0.37500000E+01  0.56247847E-09  0.21090528E-09
  0.37600000E+01  0.55684577E-09  0.22907688E-09
  0.37700000E+01  0.55057319E-09  0.24707480E-09
  0.37800000E+01  0.54388609E-09  0.26459039E-09
  0.37900000E+01  0.53701209E-09  0.28144058E-09
  0.38000000E+01  0.53021433E-09  0.29786133E-09
  0.38100000E+01  0.52382606E-09  0.31425910E-09
  0.38200000E+01  0.51828850E-09  0.33073192E-09
  0.38300000E+01  0.51418360E-09  0.34704503E-09
  0.38400000E+01  0.51224419E-09  0.36311695E-09
  0.38500000E+01  0.51332611E-09  0.37931955E-09
  0.38600000E+01  0.51833898E-09  0.39623147E-09
  0.38700000E+01  0.52814398E-09  0.41432465E-09
  0.38800000E+01  0.54343024E-09  0.43404772E-09
  0.38900000E+01  0.56457454E-09  0.45605239E-09
  0.39000000E+01  0.59147847E-09  0.48115803E-09
  0.39100000E+01  0.62336858E-09  0.51017340E-09
  0.39200000E+01  0.65854455E-09  0.54383597E-09
  0.39300000E+01  0.69407175E-09  0.58278554E-09
  0.39400000E+01  0.72544661E-09  0.62745822E-09
  0.39500000E+01  0.74632225E-09  0.67798351E-09
  0.39600000E+01  0.74845983E-09  0.73406683E-09
  0.39700000E+01  0.72213740E-09  0.79477515E-09
  0.39800000E+01  0.65724453E-09  0.85825412E-09
  0.39900000E+01  0.54515822E-09  0.92137889E-09
  0.40000000E+01  0.38121063E-09  0.97940834E-09
  0.40100000E+01  0.16718839E-09  0.10258280E-08
  0.40200000E+01 -0.86994083E-10  0.10526435E-08
  0.40300000E+01 -0.36332238E-09  0.10515826E-08
  0.40400000E+01 -0.63789597E-09  0.10165706E-08
  0.40500000E+01 -0.88507933E-09  0.94699211E-09
  0.40600000E+01 -0.10825482E-08  0.84970087E-09
  0.40700000E+01 -0.12157226E-08  0.73734366E-09
  0.40800000E+01 -0.12802113E-08  0.62341564E-09
  0.40900000E+01 -0.12816028E-08  0.51775453E-09
  0.41000000E+01 -0.12329012E-08  0.42519179E-09
  0.41100000E+01 -0.11506760E-08  0.34671478E-09
  0.41200000E+01 -0.10512469E-08  0.28124009E-09
  0.41300000E+01 -0.94793753E-09  0.22692745E-09
  0.41400000E+01 -0.84982752E-09  0.18188257E-09
  0.41500000E+01 -0.76183912E-09  0.14443661E-09
  0.41600000E+01 -0.68564737E-09  0.11319804E-09
  0.41700000E+01 -0.62085300E-09  0.87010999E-10
  0.41800000E+01 -0.56601640E-09  0.64907317E-10
  0.41900000E+01 -0.51937366E-09  0.46087325E-10
  0.42000000E+01 -0.47923339E-09  0.29917079E-10
  0.42100000E+01 -0.44414210E-09  0.15909359E-10
  0.42200000E+01 -0.41292049E-09  0.36959450E-11
  0.42300000E+01 -0.38464678E-09 -0.70000185E-11
  0.42400000E+01 -0.35862811E-09 -0.16383860E-10
  0.42500000E+01 -0.33437391E-09 -0.24593390E-10
  0.42600000E+01 -0.31156993E-09 -0.31719693E-10
  0.42700000E+01 -0.29004725E-09 -0.37820650E-10
  0.42800000E+01 -0.26974229E-09 -0.42947114E-10
  0.42900000E+01 -0.25064953E-09 -0.47188664E-10
  0.43000000E+01 -0.23277328E-09 -0.50664649E-10
  0.43100000E+01 -0.21608780E-09 -0.53505841E-10
  0.43200000E+01 -0.20051380E-09 -0.55842744E-10
  0.43300000E+01 -0.18591498E-09 -0.57764460E-10
  0.43400000E+01 -0.17211353E-09 -0.59326605E-10
  0.43500000E+01 -0.15891860E-09 -0.60577935E-10
  0.43600000E+01 -0.14616001E-09 -0.61533899E-10
  0.43700000E+01 -0.13371830E-09 -0.62173470E-10
  0.43800000E+01 -0.12154379E-09 -0.62473068E-10
  0.43900000E+01 -0.10965948E-09 -0.62400590E-10
  0.44000000E+01 -0.98146339E-10 -0.61913447E-10
  0.44100000E+01 -0.87114564E-10 -0.61018018E-10
  0.44200000E+01 -0.76668019E-10 -0.59781028E-10
  0.44300000E+01 -0.66871719E-10 -0.58273613E-10
  0.44400000E+01 -0.57730853E-10 -0.56561082E-10
  0.44500000E+01 -0.49186414E-10 -0.54711794E-10
  0.44600000E+01 -0.41127647E-10 -0.52772403E-10
  0.44700000E+01 -0.33417343E-10 -0.50756287E-10
  0.44800000E+01 -0.25923328E-10 -0.48658246E-10
  0.44900000E+01 -0.18548488E-10 -0.46463197E-10
  0.45000000E+01 -0.11252122E-10 -0.44138850E-10
  0.45100000E+01 -0.40572811E-11 -0.41632518E-10
  0.45200000E+01  0.29580661E-11 -0.38894088E-10
  0.45300000E+01  0.96839982E-11 -0.35915049E-10
  0.45400000E+01  0.16009669E-10 -0.32736339E-10
  0.45500000E+01  0.21853944E-10 -0.29416577E-10
  0.45600000E+01  0.27187433E-10 -0.26006649E-10
  0.45700000E+01  0.32040460E-10 -0.22551796E-10
  0.45800000E+01  0.36495600E-10 -0.19103209E-10
  0.45900000E+01  0.40667401E-10 -0.15697047E-10
  0.46000000E+01  0.44674721E-10 -0.12318573E-10
  0.46100000E+01  0.48612475E-10 -0.89261193E-11
  0.46200000E+01  0.52529535E-10 -0.55002582E-11
  0.46300000E+01  0.56418244E-10 -0.20271606E-11
  0.46400000E+01  0.60218361E-10  0.15473567E-11
  0.46500000E+01  0.63834615E-10  0.52876035E-11
  0.46600000E+01  0.67163201E-10  0.91762339E-11
  0.46700000E+01  0.70119947E-10  0.13114401E-10
  0.46800000E+01  0.72662574E-10  0.17040499E-10
  0.46900000E+01  0.74801481E-10  0.20965484E-10
  0.47000000E+01  0.76596882E-10  0.24877340E-10
  0.47100000E+01  0.78143602E-10  0.28704427E-10
  0.47200000E+01  0.79547721E-10  0.32396767E-10
  0.47300000E+01  0.80900952E-10  0.35997471E-10
  0.47400000E+01  0.82259081E-10  0.39602431E-10
  0.47500000E+01  0.83629739E-10  0.43252394E-10
  0.47600000E+01  0.84972453E-10  0.46909760E-10
  0.47700000E+01  0.86210961E-10  0.50563769E-10
  0.47800000E+01  0.87254614E-10  0.54287104E-10
  0.47900000E+01  0.88023215E-10  0.58121902E-10
  0.48000000E+01  0.88468470E-10  0.61968404E-10
  0.48100000E+01  0.88586259E-10  0.65686900E-10
  0.48200000E+01  0.88416948E-10  0.69265462E-10
  0.48300000E+01  0.88034591E-10  0.72780815E-10
  0.48400000E+01  0.87528553E-10  0.76250229E-10
  0.48500000E+01  0.86982143E-10  0.79614370E-10
  0.48600000E+01  0.86453037E-10  0.82828924E-10
  0.48700000E+01  0.85960138E-10  0.85939438E-10
  0.48800000E+01  0.85480584E-10  0.89071600E-10
  0.48900000E+01  0.84958079E-10  0.92305758E-10
  0.49000000E+01  0.84319968E-10  0.95568747E-10
  0.49100000E+01  0.83497614E-10  0.98734597E-10
  0.49200000E+01  0.82444248E-10  0.10180199E-09
  0.49300000E+01  0.81146256E-10  0.10486138E-09
  0.49400000E+01  0.79626112E-10  0.10791302E-09
  0.49500000E+01  0.77936648E-10  0.11084068E-09
  0.49600000E+01  0.76147760E-10  0.11356803E-09
  0.49700000E+01  0.74328631E-10  0.11613420E-09
  0.49800000E+01  0.72530590E-10  0.11862087E-09
  0.49900000E+01  0.70775878E-10  0.12108869E-09
  0.50000000E+01  0.69055197E-10  0.12354958E-09
  0.50100000E+01  0.67333430E-10  0.12595094E-09
  0.50200000E+01  0.65560694E-10  0.12824795E-09
  0.50300000E+01  0.63685760E-10  0.13049477E-09
  0.50400000E+01  0.61669369E-10  0.13277134E-09
  0.50500000E+01  0.59494810E-10  0.13503833E-09
  0.50600000E+01  0.57172594E-10  0.13717393E-09
  0.50700000E+01  0.54737035E-10  0.13913072E-09
  0.50800000E+01  0.52235611E-10  0.14095726E-09
  0.50900000E+01  0.49715408E-10  0.14269790E-09
  0.51000000E+01  0.47211936E-10  0.14436699E-09
  0.51100000E+01  0.44743371E-10  0.14598288E-09
  0.51200000E+01  0.42309897E-10  0.14753834E-09
  0.51300000E+01  0.39896196E-10  0.14898362E-09
  0.51400000E+01  0.37476090E-10  0.15031626E-09
  0.51500000E+01  0.35019625E-10  0.15162527E-09
  0.51600000E+01  0.32502301E-10  0.15296677E-09
  0.51700000E+01  0.29913520E-10  0.15426812E-09
  0.51800000E+01  0.27259868E-10  0.15542521E-09
  0.51900000E+01  0.24560875E-10  0.15642053E-09
  0.52000000E+01  0.21839776E-10  0.15730075E-09
  0.52100000E+01  0.19115204E-10  0.15811936E-09
  0.52200000E+01  0.16398396E-10  0.15892740E-09
  0.52300000E+01  0.13695407E-10  0.15973097E-09
  0.52400000E+01  0.11009811E-10  0.16043578E-09
  0.52500000E+01  0.83424651E-11  0.16093427E-09
  0.52600000E+01  0.56897669E-11  0.16127823E-09
  0.52700000E+01  0.30448733E-11  0.16165446E-09
  0.52800000E+01  0.40363533E-12  0.16214109E-09
  0.52900000E+01 -0.22291530E-11  0.16259229E-09
  0.53000000E+01 -0.48402452E-11  0.16282152E-09
  0.53100000E+01 -0.74172417E-11  0.16281500E-09
  0.53200000E+01 -0.99600151E-11  0.16272666E-09
  0.53300000E+01 -0.12483936E-10  0.16272411E-09
  0.53400000E+01 -0.15010849E-10  0.16284969E-09
  0.53500000E+01 -0.17554753E-10  0.16297469E-09
  0.53600000E+01 -0.20114106E-10  0.16288066E-09
  0.53700000E+01 -0.22676011E-10  0.16247014E-09
  0.53800000E+01 -0.25225675E-10  0.16192719E-09
  0.53900000E+01 -0.27749732E-10  0.16155055E-09
  0.54000000E+01 -0.30230068E-10  0.16138457E-09
  0.54100000E+01 -0.32637638E-10  0.16113800E-09
  0.54200000E+01 -0.34939056E-10  0.16051666E-09
  0.54300000E+01 -0.37117120E-10  0.15956161E-09
  0.54400000E+01 -0.39190163E-10  0.15861445E-09
  0.54500000E+01 -0.41211414E-10  0.15797289E-09
  0.54600000E+01 -0.43244424E-10  0.15761134E-09
  0.54700000E+01 -0.45331400E-10  0.15721854E-09
  0.54800000E+01 -0.47477918E-10  0.15646819E-09
  0.54900000E+01 -0.49662427E-10  0.15530782E-09
  0.55000000E+01 -0.51856243E-10  0.15405030E-09
  0.55100000E+01 -0.54031891E-10  0.15309301E-09
  0.55200000E+01 -0.56153171E-10  0.15246632E-09
  0.55300000E+01 -0.58163818E-10  0.15175104E-09
  0.55400000E+01 -0.59998037E-10  0.15051327E-09
  0.55500000E+01 -0.61616362E-10  0.14878807E-09
  0.55600000E+01 -0.63041811E-10  0.14708635E-09
  0.55700000E+01 -0.64363096E-10  0.14589790E-09
  0.55800000E+01 -0.65695048E-10  0.14521703E-09
  0.55900000E+01 -0.67122164E-10  0.14457276E-09
  0.56000000E+01 -0.68666127E-10  0.14346712E-09
  0.56100000E+01 -0.70296935E-10  0.14180171E-09
  0.56200000E+01 -0.71968849E-10  0.13996955E-09
  0.56300000E+01 -0.73642856E-10  0.13850683E-09
  0.56400000E+01 -0.75276012E-10  0.13755526E-09
  0.56500000E+01 -0.76796843E-10  0.13667055E-09
  0.56600000E+01 -0.78106291E-10  0.13522714E-09
  0.56700000E+01 -0.79122626E-10  0.13305911E-09
  0.56800000E+01 -0.79843713E-10  0.13069786E-09
  0.56900000E+01 -0.80373920E-10  0.12890361E-09
  0.57000000E+01 -0.80884073E-10  0.12793636E-09
  0.57100000E+01 -0.81526165E-10  0.12732754E-09
  0.57200000E+01 -0.82363164E-10  0.12632877E-09
  0.57300000E+01 -0.83362092E-10  0.12456034E-09
  0.57400000E+01 -0.84444857E-10  0.12232294E-09
  0.57500000E+01 -0.85544134E-10  0.12032160E-09
  0.57600000E+01 -0.86614019E-10  0.11900785E-09
  0.57700000E+01 -0.87595032E-10  0.11813828E-09
  0.57800000E+01 -0.88383223E-10  0.11696853E-09
  0.57900000E+01 -0.88854609E-10  0.11492866E-09
  0.58000000E+01 -0.88944165E-10  0.11221801E-09
  0.58100000E+01 -0.88719521E-10  0.10972032E-09
  0.58200000E+01 -0.88379907E-10  0.10820988E-09
  0.58300000E+01 -0.88164881E-10  0.10763037E-09
  0.58400000E+01 -0.88231176E-10  0.10716476E-09
  0.58500000E+01 -0.88584909E-10  0.10595125E-09
  0.58600000E+01 -0.89112928E-10  0.10379304E-09
  0.58700000E+01 -0.89677147E-10  0.10130854E-09
  0.58800000E+01 -0.90188577E-10  0.99369353E-10
  0.58900000E+01 -0.90604605E-10  0.98300424E-10
  0.59000000E+01 -0.90869496E-10  0.97592680E-10
  0.59100000E+01 -0.90874597E-10  0.96349456E-10
  0.59200000E+01 -0.90498319E-10  0.94077258E-10
  0.59300000E+01 -0.89708917E-10  0.91211143E-10
  0.59400000E+01 -0.88643871E-10  0.88832616E-10
  0.59500000E+01 -0.87583526E-10  0.87710835E-10
  0.59600000E+01 -0.86816327E-10  0.87602604E-10
  0.59700000E+01 -0.86483438E-10  0.87472645E-10
  0.59800000E+01 -0.86513629E-10  0.86346219E-10
  0.59900000E+01 -0.86692069E-10  0.84083684E-10
  0.60000000E+01 -0.86803185E-10  0.81490185E-10
