! ground state SCF of graphene 24x24 supercell
! monovacancy at center of 24x24 supercell

&CONTROL
  calculation = 'scf'       ! SCF ground state calculation
  prefix      = 'defect_24x24_d'        ! prefix of output files
  outdir      = '/home/gregb26/links/scratch/qe_tmp/defect_24x24_d'   ! directory of tempory files
  pseudo_dir  = '/home/gregb26/links/projects/rrg-cotemich-ac/gregb26/abinit_processing/pseudo' ! directory of pseudo potentials
/
&SYSTEM
  ibrav       = 0        ! specified by CELL_PARAMETERS
  nat         = 1151       ! number of atoms (1151 = 2 x 24 x 24 - 1 vacancy)
  ntyp        = 1        ! number of atom types
  ecutwfc     = 100      ! PW energy cutoff in Ry (1 Ha = 2 Ry)
  occupations = 'smearing'
  smearing    = 'mv'     ! Marzari-Vanderbilt cold smearing
  degauss     = 0.01     ! value of gaussian smearing in Ry
  nbnd        = 2422      ! 4604 valence electrons -> 2302 occupied; adjust as needed
  assume_isolated = '2D' ! helps for 2d systems
/
&ELECTRONS
  electron_maxstep =  400   ! number of iterations in SCF step
  conv_thr         =  1.d-10 ! convergence threshold for self-consistency
  mixing_beta      =  0.3
/

ATOMIC_SPECIES
  C 12.011 C.upf ! atom type and pseudo potential

CELL_PARAMETERS bohr
  96.8518057464  -55.9174161192   0.0000000000
  96.8518057464   55.9174161192   0.0000000000
   0.0000000000             0.0000000000            30.0000000000

ATOMIC_POSITIONS crystal
  C  0.0138888889  0.0138888889  0.0000000000
  C  0.0277777778  0.0277777778  0.0000000000
  C  0.0138888889  0.0555555556  0.0000000000
  C  0.0277777778  0.0694444444  0.0000000000
  C  0.0138888889  0.0972222222  0.0000000000
  C  0.0277777778  0.1111111111  0.0000000000
  C  0.0138888889  0.1388888889  0.0000000000
  C  0.0277777778  0.1527777778  0.0000000000
  C  0.0138888889  0.1805555556  0.0000000000
  C  0.0277777778  0.1944444444  0.0000000000
  C  0.0138888889  0.2222222222  0.0000000000
  C  0.0277777778  0.2361111111  0.0000000000
  C  0.0138888889  0.2638888889  0.0000000000
  C  0.0277777778  0.2777777778  0.0000000000
  C  0.0138888889  0.3055555556  0.0000000000
  C  0.0277777778  0.3194444444  0.0000000000
  C  0.0138888889  0.3472222222  0.0000000000
  C  0.0277777778  0.3611111111  0.0000000000
  C  0.0138888889  0.3888888889  0.0000000000
  C  0.0277777778  0.4027777778  0.0000000000
  C  0.0138888889  0.4305555556  0.0000000000
  C  0.0277777778  0.4444444444  0.0000000000
  C  0.0138888889  0.4722222222  0.0000000000
  C  0.0277777778  0.4861111111  0.0000000000
  C  0.0138888889  0.5138888889  0.0000000000
  C  0.0277777778  0.5277777778  0.0000000000
  C  0.0138888889  0.5555555556  0.0000000000
  C  0.0277777778  0.5694444444  0.0000000000
  C  0.0138888889  0.5972222222  0.0000000000
  C  0.0277777778  0.6111111111  0.0000000000
  C  0.0138888889  0.6388888889  0.0000000000
  C  0.0277777778  0.6527777778  0.0000000000
  C  0.0138888889  0.6805555556  0.0000000000
  C  0.0277777778  0.6944444444  0.0000000000
  C  0.0138888889  0.7222222222  0.0000000000
  C  0.0277777778  0.7361111111  0.0000000000
  C  0.0138888889  0.7638888889  0.0000000000
  C  0.0277777778  0.7777777778  0.0000000000
  C  0.0138888889  0.8055555556  0.0000000000
  C  0.0277777778  0.8194444444  0.0000000000
  C  0.0138888889  0.8472222222  0.0000000000
  C  0.0277777778  0.8611111111  0.0000000000
  C  0.0138888889  0.8888888889  0.0000000000
  C  0.0277777778  0.9027777778  0.0000000000
  C  0.0138888889  0.9305555556  0.0000000000
  C  0.0277777778  0.9444444444  0.0000000000
  C  0.0138888889  0.9722222222  0.0000000000
  C  0.0277777778  0.9861111111  0.0000000000
  C  0.0555555556  0.0138888889  0.0000000000
  C  0.0694444444  0.0277777778  0.0000000000
  C  0.0555555556  0.0555555556  0.0000000000
  C  0.0694444444  0.0694444444  0.0000000000
  C  0.0555555556  0.0972222222  0.0000000000
  C  0.0694444444  0.1111111111  0.0000000000
  C  0.0555555556  0.1388888889  0.0000000000
  C  0.0694444444  0.1527777778  0.0000000000
  C  0.0555555556  0.1805555556  0.0000000000
  C  0.0694444444  0.1944444444  0.0000000000
  C  0.0555555556  0.2222222222  0.0000000000
  C  0.0694444444  0.2361111111  0.0000000000
  C  0.0555555556  0.2638888889  0.0000000000
  C  0.0694444444  0.2777777778  0.0000000000
  C  0.0555555556  0.3055555556  0.0000000000
  C  0.0694444444  0.3194444444  0.0000000000
  C  0.0555555556  0.3472222222  0.0000000000
  C  0.0694444444  0.3611111111  0.0000000000
  C  0.0555555556  0.3888888889  0.0000000000
  C  0.0694444444  0.4027777778  0.0000000000
  C  0.0555555556  0.4305555556  0.0000000000
  C  0.0694444444  0.4444444444  0.0000000000
  C  0.0555555556  0.4722222222  0.0000000000
  C  0.0694444444  0.4861111111  0.0000000000
  C  0.0555555556  0.5138888889  0.0000000000
  C  0.0694444444  0.5277777778  0.0000000000
  C  0.0555555556  0.5555555556  0.0000000000
  C  0.0694444444  0.5694444444  0.0000000000
  C  0.0555555556  0.5972222222  0.0000000000
  C  0.0694444444  0.6111111111  0.0000000000
  C  0.0555555556  0.6388888889  0.0000000000
  C  0.0694444444  0.6527777778  0.0000000000
  C  0.0555555556  0.6805555556  0.0000000000
  C  0.0694444444  0.6944444444  0.0000000000
  C  0.0555555556  0.7222222222  0.0000000000
  C  0.0694444444  0.7361111111  0.0000000000
  C  0.0555555556  0.7638888889  0.0000000000
  C  0.0694444444  0.7777777778  0.0000000000
  C  0.0555555556  0.8055555556  0.0000000000
  C  0.0694444444  0.8194444444  0.0000000000
  C  0.0555555556  0.8472222222  0.0000000000
  C  0.0694444444  0.8611111111  0.0000000000
  C  0.0555555556  0.8888888889  0.0000000000
  C  0.0694444444  0.9027777778  0.0000000000
  C  0.0555555556  0.9305555556  0.0000000000
  C  0.0694444444  0.9444444444  0.0000000000
  C  0.0555555556  0.9722222222  0.0000000000
  C  0.0694444444  0.9861111111  0.0000000000
  C  0.0972222222  0.0138888889  0.0000000000
  C  0.1111111111  0.0277777778  0.0000000000
  C  0.0972222222  0.0555555556  0.0000000000
  C  0.1111111111  0.0694444444  0.0000000000
  C  0.0972222222  0.0972222222  0.0000000000
  C  0.1111111111  0.1111111111  0.0000000000
  C  0.0972222222  0.1388888889  0.0000000000
  C  0.1111111111  0.1527777778  0.0000000000
  C  0.0972222222  0.1805555556  0.0000000000
  C  0.1111111111  0.1944444444  0.0000000000
  C  0.0972222222  0.2222222222  0.0000000000
  C  0.1111111111  0.2361111111  0.0000000000
  C  0.0972222222  0.2638888889  0.0000000000
  C  0.1111111111  0.2777777778  0.0000000000
  C  0.0972222222  0.3055555556  0.0000000000
  C  0.1111111111  0.3194444444  0.0000000000
  C  0.0972222222  0.3472222222  0.0000000000
  C  0.1111111111  0.3611111111  0.0000000000
  C  0.0972222222  0.3888888889  0.0000000000
  C  0.1111111111  0.4027777778  0.0000000000
  C  0.0972222222  0.4305555556  0.0000000000
  C  0.1111111111  0.4444444444  0.0000000000
  C  0.0972222222  0.4722222222  0.0000000000
  C  0.1111111111  0.4861111111  0.0000000000
  C  0.0972222222  0.5138888889  0.0000000000
  C  0.1111111111  0.5277777778  0.0000000000
  C  0.0972222222  0.5555555556  0.0000000000
  C  0.1111111111  0.5694444444  0.0000000000
  C  0.0972222222  0.5972222222  0.0000000000
  C  0.1111111111  0.6111111111  0.0000000000
  C  0.0972222222  0.6388888889  0.0000000000
  C  0.1111111111  0.6527777778  0.0000000000
  C  0.0972222222  0.6805555556  0.0000000000
  C  0.1111111111  0.6944444444  0.0000000000
  C  0.0972222222  0.7222222222  0.0000000000
  C  0.1111111111  0.7361111111  0.0000000000
  C  0.0972222222  0.7638888889  0.0000000000
  C  0.1111111111  0.7777777778  0.0000000000
  C  0.0972222222  0.8055555556  0.0000000000
  C  0.1111111111  0.8194444444  0.0000000000
  C  0.0972222222  0.8472222222  0.0000000000
  C  0.1111111111  0.8611111111  0.0000000000
  C  0.0972222222  0.8888888889  0.0000000000
  C  0.1111111111  0.9027777778  0.0000000000
  C  0.0972222222  0.9305555556  0.0000000000
  C  0.1111111111  0.9444444444  0.0000000000
  C  0.0972222222  0.9722222222  0.0000000000
  C  0.1111111111  0.9861111111  0.0000000000
  C  0.1388888889  0.0138888889  0.0000000000
  C  0.1527777778  0.0277777778  0.0000000000
  C  0.1388888889  0.0555555556  0.0000000000
  C  0.1527777778  0.0694444444  0.0000000000
  C  0.1388888889  0.0972222222  0.0000000000
  C  0.1527777778  0.1111111111  0.0000000000
  C  0.1388888889  0.1388888889  0.0000000000
  C  0.1527777778  0.1527777778  0.0000000000
  C  0.1388888889  0.1805555556  0.0000000000
  C  0.1527777778  0.1944444444  0.0000000000
  C  0.1388888889  0.2222222222  0.0000000000
  C  0.1527777778  0.2361111111  0.0000000000
  C  0.1388888889  0.2638888889  0.0000000000
  C  0.1527777778  0.2777777778  0.0000000000
  C  0.1388888889  0.3055555556  0.0000000000
  C  0.1527777778  0.3194444444  0.0000000000
  C  0.1388888889  0.3472222222  0.0000000000
  C  0.1527777778  0.3611111111  0.0000000000
  C  0.1388888889  0.3888888889  0.0000000000
  C  0.1527777778  0.4027777778  0.0000000000
  C  0.1388888889  0.4305555556  0.0000000000
  C  0.1527777778  0.4444444444  0.0000000000
  C  0.1388888889  0.4722222222  0.0000000000
  C  0.1527777778  0.4861111111  0.0000000000
  C  0.1388888889  0.5138888889  0.0000000000
  C  0.1527777778  0.5277777778  0.0000000000
  C  0.1388888889  0.5555555556  0.0000000000
  C  0.1527777778  0.5694444444  0.0000000000
  C  0.1388888889  0.5972222222  0.0000000000
  C  0.1527777778  0.6111111111  0.0000000000
  C  0.1388888889  0.6388888889  0.0000000000
  C  0.1527777778  0.6527777778  0.0000000000
  C  0.1388888889  0.6805555556  0.0000000000
  C  0.1527777778  0.6944444444  0.0000000000
  C  0.1388888889  0.7222222222  0.0000000000
  C  0.1527777778  0.7361111111  0.0000000000
  C  0.1388888889  0.7638888889  0.0000000000
  C  0.1527777778  0.7777777778  0.0000000000
  C  0.1388888889  0.8055555556  0.0000000000
  C  0.1527777778  0.8194444444  0.0000000000
  C  0.1388888889  0.8472222222  0.0000000000
  C  0.1527777778  0.8611111111  0.0000000000
  C  0.1388888889  0.8888888889  0.0000000000
  C  0.1527777778  0.9027777778  0.0000000000
  C  0.1388888889  0.9305555556  0.0000000000
  C  0.1527777778  0.9444444444  0.0000000000
  C  0.1388888889  0.9722222222  0.0000000000
  C  0.1527777778  0.9861111111  0.0000000000
  C  0.1805555556  0.0138888889  0.0000000000
  C  0.1944444444  0.0277777778  0.0000000000
  C  0.1805555556  0.0555555556  0.0000000000
  C  0.1944444444  0.0694444444  0.0000000000
  C  0.1805555556  0.0972222222  0.0000000000
  C  0.1944444444  0.1111111111  0.0000000000
  C  0.1805555556  0.1388888889  0.0000000000
  C  0.1944444444  0.1527777778  0.0000000000
  C  0.1805555556  0.1805555556  0.0000000000
  C  0.1944444444  0.1944444444  0.0000000000
  C  0.1805555556  0.2222222222  0.0000000000
  C  0.1944444444  0.2361111111  0.0000000000
  C  0.1805555556  0.2638888889  0.0000000000
  C  0.1944444444  0.2777777778  0.0000000000
  C  0.1805555556  0.3055555556  0.0000000000
  C  0.1944444444  0.3194444444  0.0000000000
  C  0.1805555556  0.3472222222  0.0000000000
  C  0.1944444444  0.3611111111  0.0000000000
  C  0.1805555556  0.3888888889  0.0000000000
  C  0.1944444444  0.4027777778  0.0000000000
  C  0.1805555556  0.4305555556  0.0000000000
  C  0.1944444444  0.4444444444  0.0000000000
  C  0.1805555556  0.4722222222  0.0000000000
  C  0.1944444444  0.4861111111  0.0000000000
  C  0.1805555556  0.5138888889  0.0000000000
  C  0.1944444444  0.5277777778  0.0000000000
  C  0.1805555556  0.5555555556  0.0000000000
  C  0.1944444444  0.5694444444  0.0000000000
  C  0.1805555556  0.5972222222  0.0000000000
  C  0.1944444444  0.6111111111  0.0000000000
  C  0.1805555556  0.6388888889  0.0000000000
  C  0.1944444444  0.6527777778  0.0000000000
  C  0.1805555556  0.6805555556  0.0000000000
  C  0.1944444444  0.6944444444  0.0000000000
  C  0.1805555556  0.7222222222  0.0000000000
  C  0.1944444444  0.7361111111  0.0000000000
  C  0.1805555556  0.7638888889  0.0000000000
  C  0.1944444444  0.7777777778  0.0000000000
  C  0.1805555556  0.8055555556  0.0000000000
  C  0.1944444444  0.8194444444  0.0000000000
  C  0.1805555556  0.8472222222  0.0000000000
  C  0.1944444444  0.8611111111  0.0000000000
  C  0.1805555556  0.8888888889  0.0000000000
  C  0.1944444444  0.9027777778  0.0000000000
  C  0.1805555556  0.9305555556  0.0000000000
  C  0.1944444444  0.9444444444  0.0000000000
  C  0.1805555556  0.9722222222  0.0000000000
  C  0.1944444444  0.9861111111  0.0000000000
  C  0.2222222222  0.0138888889  0.0000000000
  C  0.2361111111  0.0277777778  0.0000000000
  C  0.2222222222  0.0555555556  0.0000000000
  C  0.2361111111  0.0694444444  0.0000000000
  C  0.2222222222  0.0972222222  0.0000000000
  C  0.2361111111  0.1111111111  0.0000000000
  C  0.2222222222  0.1388888889  0.0000000000
  C  0.2361111111  0.1527777778  0.0000000000
  C  0.2222222222  0.1805555556  0.0000000000
  C  0.2361111111  0.1944444444  0.0000000000
  C  0.2222222222  0.2222222222  0.0000000000
  C  0.2361111111  0.2361111111  0.0000000000
  C  0.2222222222  0.2638888889  0.0000000000
  C  0.2361111111  0.2777777778  0.0000000000
  C  0.2222222222  0.3055555556  0.0000000000
  C  0.2361111111  0.3194444444  0.0000000000
  C  0.2222222222  0.3472222222  0.0000000000
  C  0.2361111111  0.3611111111  0.0000000000
  C  0.2222222222  0.3888888889  0.0000000000
  C  0.2361111111  0.4027777778  0.0000000000
  C  0.2222222222  0.4305555556  0.0000000000
  C  0.2361111111  0.4444444444  0.0000000000
  C  0.2222222222  0.4722222222  0.0000000000
  C  0.2361111111  0.4861111111  0.0000000000
  C  0.2222222222  0.5138888889  0.0000000000
  C  0.2361111111  0.5277777778  0.0000000000
  C  0.2222222222  0.5555555556  0.0000000000
  C  0.2361111111  0.5694444444  0.0000000000
  C  0.2222222222  0.5972222222  0.0000000000
  C  0.2361111111  0.6111111111  0.0000000000
  C  0.2222222222  0.6388888889  0.0000000000
  C  0.2361111111  0.6527777778  0.0000000000
  C  0.2222222222  0.6805555556  0.0000000000
  C  0.2361111111  0.6944444444  0.0000000000
  C  0.2222222222  0.7222222222  0.0000000000
  C  0.2361111111  0.7361111111  0.0000000000
  C  0.2222222222  0.7638888889  0.0000000000
  C  0.2361111111  0.7777777778  0.0000000000
  C  0.2222222222  0.8055555556  0.0000000000
  C  0.2361111111  0.8194444444  0.0000000000
  C  0.2222222222  0.8472222222  0.0000000000
  C  0.2361111111  0.8611111111  0.0000000000
  C  0.2222222222  0.8888888889  0.0000000000
  C  0.2361111111  0.9027777778  0.0000000000
  C  0.2222222222  0.9305555556  0.0000000000
  C  0.2361111111  0.9444444444  0.0000000000
  C  0.2222222222  0.9722222222  0.0000000000
  C  0.2361111111  0.9861111111  0.0000000000
  C  0.2638888889  0.0138888889  0.0000000000
  C  0.2777777778  0.0277777778  0.0000000000
  C  0.2638888889  0.0555555556  0.0000000000
  C  0.2777777778  0.0694444444  0.0000000000
  C  0.2638888889  0.0972222222  0.0000000000
  C  0.2777777778  0.1111111111  0.0000000000
  C  0.2638888889  0.1388888889  0.0000000000
  C  0.2777777778  0.1527777778  0.0000000000
  C  0.2638888889  0.1805555556  0.0000000000
  C  0.2777777778  0.1944444444  0.0000000000
  C  0.2638888889  0.2222222222  0.0000000000
  C  0.2777777778  0.2361111111  0.0000000000
  C  0.2638888889  0.2638888889  0.0000000000
  C  0.2777777778  0.2777777778  0.0000000000
  C  0.2638888889  0.3055555556  0.0000000000
  C  0.2777777778  0.3194444444  0.0000000000
  C  0.2638888889  0.3472222222  0.0000000000
  C  0.2777777778  0.3611111111  0.0000000000
  C  0.2638888889  0.3888888889  0.0000000000
  C  0.2777777778  0.4027777778  0.0000000000
  C  0.2638888889  0.4305555556  0.0000000000
  C  0.2777777778  0.4444444444  0.0000000000
  C  0.2638888889  0.4722222222  0.0000000000
  C  0.2777777778  0.4861111111  0.0000000000
  C  0.2638888889  0.5138888889  0.0000000000
  C  0.2777777778  0.5277777778  0.0000000000
  C  0.2638888889  0.5555555556  0.0000000000
  C  0.2777777778  0.5694444444  0.0000000000
  C  0.2638888889  0.5972222222  0.0000000000
  C  0.2777777778  0.6111111111  0.0000000000
  C  0.2638888889  0.6388888889  0.0000000000
  C  0.2777777778  0.6527777778  0.0000000000
  C  0.2638888889  0.6805555556  0.0000000000
  C  0.2777777778  0.6944444444  0.0000000000
  C  0.2638888889  0.7222222222  0.0000000000
  C  0.2777777778  0.7361111111  0.0000000000
  C  0.2638888889  0.7638888889  0.0000000000
  C  0.2777777778  0.7777777778  0.0000000000
  C  0.2638888889  0.8055555556  0.0000000000
  C  0.2777777778  0.8194444444  0.0000000000
  C  0.2638888889  0.8472222222  0.0000000000
  C  0.2777777778  0.8611111111  0.0000000000
  C  0.2638888889  0.8888888889  0.0000000000
  C  0.2777777778  0.9027777778  0.0000000000
  C  0.2638888889  0.9305555556  0.0000000000
  C  0.2777777778  0.9444444444  0.0000000000
  C  0.2638888889  0.9722222222  0.0000000000
  C  0.2777777778  0.9861111111  0.0000000000
  C  0.3055555556  0.0138888889  0.0000000000
  C  0.3194444444  0.0277777778  0.0000000000
  C  0.3055555556  0.0555555556  0.0000000000
  C  0.3194444444  0.0694444444  0.0000000000
  C  0.3055555556  0.0972222222  0.0000000000
  C  0.3194444444  0.1111111111  0.0000000000
  C  0.3055555556  0.1388888889  0.0000000000
  C  0.3194444444  0.1527777778  0.0000000000
  C  0.3055555556  0.1805555556  0.0000000000
  C  0.3194444444  0.1944444444  0.0000000000
  C  0.3055555556  0.2222222222  0.0000000000
  C  0.3194444444  0.2361111111  0.0000000000
  C  0.3055555556  0.2638888889  0.0000000000
  C  0.3194444444  0.2777777778  0.0000000000
  C  0.3055555556  0.3055555556  0.0000000000
  C  0.3194444444  0.3194444444  0.0000000000
  C  0.3055555556  0.3472222222  0.0000000000
  C  0.3194444444  0.3611111111  0.0000000000
  C  0.3055555556  0.3888888889  0.0000000000
  C  0.3194444444  0.4027777778  0.0000000000
  C  0.3055555556  0.4305555556  0.0000000000
  C  0.3194444444  0.4444444444  0.0000000000
  C  0.3055555556  0.4722222222  0.0000000000
  C  0.3194444444  0.4861111111  0.0000000000
  C  0.3055555556  0.5138888889  0.0000000000
  C  0.3194444444  0.5277777778  0.0000000000
  C  0.3055555556  0.5555555556  0.0000000000
  C  0.3194444444  0.5694444444  0.0000000000
  C  0.3055555556  0.5972222222  0.0000000000
  C  0.3194444444  0.6111111111  0.0000000000
  C  0.3055555556  0.6388888889  0.0000000000
  C  0.3194444444  0.6527777778  0.0000000000
  C  0.3055555556  0.6805555556  0.0000000000
  C  0.3194444444  0.6944444444  0.0000000000
  C  0.3055555556  0.7222222222  0.0000000000
  C  0.3194444444  0.7361111111  0.0000000000
  C  0.3055555556  0.7638888889  0.0000000000
  C  0.3194444444  0.7777777778  0.0000000000
  C  0.3055555556  0.8055555556  0.0000000000
  C  0.3194444444  0.8194444444  0.0000000000
  C  0.3055555556  0.8472222222  0.0000000000
  C  0.3194444444  0.8611111111  0.0000000000
  C  0.3055555556  0.8888888889  0.0000000000
  C  0.3194444444  0.9027777778  0.0000000000
  C  0.3055555556  0.9305555556  0.0000000000
  C  0.3194444444  0.9444444444  0.0000000000
  C  0.3055555556  0.9722222222  0.0000000000
  C  0.3194444444  0.9861111111  0.0000000000
  C  0.3472222222  0.0138888889  0.0000000000
  C  0.3611111111  0.0277777778  0.0000000000
  C  0.3472222222  0.0555555556  0.0000000000
  C  0.3611111111  0.0694444444  0.0000000000
  C  0.3472222222  0.0972222222  0.0000000000
  C  0.3611111111  0.1111111111  0.0000000000
  C  0.3472222222  0.1388888889  0.0000000000
  C  0.3611111111  0.1527777778  0.0000000000
  C  0.3472222222  0.1805555556  0.0000000000
  C  0.3611111111  0.1944444444  0.0000000000
  C  0.3472222222  0.2222222222  0.0000000000
  C  0.3611111111  0.2361111111  0.0000000000
  C  0.3472222222  0.2638888889  0.0000000000
  C  0.3611111111  0.2777777778  0.0000000000
  C  0.3472222222  0.3055555556  0.0000000000
  C  0.3611111111  0.3194444444  0.0000000000
  C  0.3472222222  0.3472222222  0.0000000000
  C  0.3611111111  0.3611111111  0.0000000000
  C  0.3472222222  0.3888888889  0.0000000000
  C  0.3611111111  0.4027777778  0.0000000000
  C  0.3472222222  0.4305555556  0.0000000000
  C  0.3611111111  0.4444444444  0.0000000000
  C  0.3472222222  0.4722222222  0.0000000000
  C  0.3611111111  0.4861111111  0.0000000000
  C  0.3472222222  0.5138888889  0.0000000000
  C  0.3611111111  0.5277777778  0.0000000000
  C  0.3472222222  0.5555555556  0.0000000000
  C  0.3611111111  0.5694444444  0.0000000000
  C  0.3472222222  0.5972222222  0.0000000000
  C  0.3611111111  0.6111111111  0.0000000000
  C  0.3472222222  0.6388888889  0.0000000000
  C  0.3611111111  0.6527777778  0.0000000000
  C  0.3472222222  0.6805555556  0.0000000000
  C  0.3611111111  0.6944444444  0.0000000000
  C  0.3472222222  0.7222222222  0.0000000000
  C  0.3611111111  0.7361111111  0.0000000000
  C  0.3472222222  0.7638888889  0.0000000000
  C  0.3611111111  0.7777777778  0.0000000000
  C  0.3472222222  0.8055555556  0.0000000000
  C  0.3611111111  0.8194444444  0.0000000000
  C  0.3472222222  0.8472222222  0.0000000000
  C  0.3611111111  0.8611111111  0.0000000000
  C  0.3472222222  0.8888888889  0.0000000000
  C  0.3611111111  0.9027777778  0.0000000000
  C  0.3472222222  0.9305555556  0.0000000000
  C  0.3611111111  0.9444444444  0.0000000000
  C  0.3472222222  0.9722222222  0.0000000000
  C  0.3611111111  0.9861111111  0.0000000000
  C  0.3888888889  0.0138888889  0.0000000000
  C  0.4027777778  0.0277777778  0.0000000000
  C  0.3888888889  0.0555555556  0.0000000000
  C  0.4027777778  0.0694444444  0.0000000000
  C  0.3888888889  0.0972222222  0.0000000000
  C  0.4027777778  0.1111111111  0.0000000000
  C  0.3888888889  0.1388888889  0.0000000000
  C  0.4027777778  0.1527777778  0.0000000000
  C  0.3888888889  0.1805555556  0.0000000000
  C  0.4027777778  0.1944444444  0.0000000000
  C  0.3888888889  0.2222222222  0.0000000000
  C  0.4027777778  0.2361111111  0.0000000000
  C  0.3888888889  0.2638888889  0.0000000000
  C  0.4027777778  0.2777777778  0.0000000000
  C  0.3888888889  0.3055555556  0.0000000000
  C  0.4027777778  0.3194444444  0.0000000000
  C  0.3888888889  0.3472222222  0.0000000000
  C  0.4027777778  0.3611111111  0.0000000000
  C  0.3888888889  0.3888888889  0.0000000000
  C  0.4027777778  0.4027777778  0.0000000000
  C  0.3888888889  0.4305555556  0.0000000000
  C  0.4027777778  0.4444444444  0.0000000000
  C  0.3888888889  0.4722222222  0.0000000000
  C  0.4027777778  0.4861111111  0.0000000000
  C  0.3888888889  0.5138888889  0.0000000000
  C  0.4027777778  0.5277777778  0.0000000000
  C  0.3888888889  0.5555555556  0.0000000000
  C  0.4027777778  0.5694444444  0.0000000000
  C  0.3888888889  0.5972222222  0.0000000000
  C  0.4027777778  0.6111111111  0.0000000000
  C  0.3888888889  0.6388888889  0.0000000000
  C  0.4027777778  0.6527777778  0.0000000000
  C  0.3888888889  0.6805555556  0.0000000000
  C  0.4027777778  0.6944444444  0.0000000000
  C  0.3888888889  0.7222222222  0.0000000000
  C  0.4027777778  0.7361111111  0.0000000000
  C  0.3888888889  0.7638888889  0.0000000000
  C  0.4027777778  0.7777777778  0.0000000000
  C  0.3888888889  0.8055555556  0.0000000000
  C  0.4027777778  0.8194444444  0.0000000000
  C  0.3888888889  0.8472222222  0.0000000000
  C  0.4027777778  0.8611111111  0.0000000000
  C  0.3888888889  0.8888888889  0.0000000000
  C  0.4027777778  0.9027777778  0.0000000000
  C  0.3888888889  0.9305555556  0.0000000000
  C  0.4027777778  0.9444444444  0.0000000000
  C  0.3888888889  0.9722222222  0.0000000000
  C  0.4027777778  0.9861111111  0.0000000000
  C  0.4305555556  0.0138888889  0.0000000000
  C  0.4444444444  0.0277777778  0.0000000000
  C  0.4305555556  0.0555555556  0.0000000000
  C  0.4444444444  0.0694444444  0.0000000000
  C  0.4305555556  0.0972222222  0.0000000000
  C  0.4444444444  0.1111111111  0.0000000000
  C  0.4305555556  0.1388888889  0.0000000000
  C  0.4444444444  0.1527777778  0.0000000000
  C  0.4305555556  0.1805555556  0.0000000000
  C  0.4444444444  0.1944444444  0.0000000000
  C  0.4305555556  0.2222222222  0.0000000000
  C  0.4444444444  0.2361111111  0.0000000000
  C  0.4305555556  0.2638888889  0.0000000000
  C  0.4444444444  0.2777777778  0.0000000000
  C  0.4305555556  0.3055555556  0.0000000000
  C  0.4444444444  0.3194444444  0.0000000000
  C  0.4305555556  0.3472222222  0.0000000000
  C  0.4444444444  0.3611111111  0.0000000000
  C  0.4305555556  0.3888888889  0.0000000000
  C  0.4444444444  0.4027777778  0.0000000000
  C  0.4305555556  0.4305555556  0.0000000000
  C  0.4444444444  0.4444444444  0.0000000000
  C  0.4305555556  0.4722222222  0.0000000000
  C  0.4444444444  0.4861111111  0.0000000000
  C  0.4305555556  0.5138888889  0.0000000000
  C  0.4444444444  0.5277777778  0.0000000000
  C  0.4305555556  0.5555555556  0.0000000000
  C  0.4444444444  0.5694444444  0.0000000000
  C  0.4305555556  0.5972222222  0.0000000000
  C  0.4444444444  0.6111111111  0.0000000000
  C  0.4305555556  0.6388888889  0.0000000000
  C  0.4444444444  0.6527777778  0.0000000000
  C  0.4305555556  0.6805555556  0.0000000000
  C  0.4444444444  0.6944444444  0.0000000000
  C  0.4305555556  0.7222222222  0.0000000000
  C  0.4444444444  0.7361111111  0.0000000000
  C  0.4305555556  0.7638888889  0.0000000000
  C  0.4444444444  0.7777777778  0.0000000000
  C  0.4305555556  0.8055555556  0.0000000000
  C  0.4444444444  0.8194444444  0.0000000000
  C  0.4305555556  0.8472222222  0.0000000000
  C  0.4444444444  0.8611111111  0.0000000000
  C  0.4305555556  0.8888888889  0.0000000000
  C  0.4444444444  0.9027777778  0.0000000000
  C  0.4305555556  0.9305555556  0.0000000000
  C  0.4444444444  0.9444444444  0.0000000000
  C  0.4305555556  0.9722222222  0.0000000000
  C  0.4444444444  0.9861111111  0.0000000000
  C  0.4722222222  0.0138888889  0.0000000000
  C  0.4861111111  0.0277777778  0.0000000000
  C  0.4722222222  0.0555555556  0.0000000000
  C  0.4861111111  0.0694444444  0.0000000000
  C  0.4722222222  0.0972222222  0.0000000000
  C  0.4861111111  0.1111111111  0.0000000000
  C  0.4722222222  0.1388888889  0.0000000000
  C  0.4861111111  0.1527777778  0.0000000000
  C  0.4722222222  0.1805555556  0.0000000000
  C  0.4861111111  0.1944444444  0.0000000000
  C  0.4722222222  0.2222222222  0.0000000000
  C  0.4861111111  0.2361111111  0.0000000000
  C  0.4722222222  0.2638888889  0.0000000000
  C  0.4861111111  0.2777777778  0.0000000000
  C  0.4722222222  0.3055555556  0.0000000000
  C  0.4861111111  0.3194444444  0.0000000000
  C  0.4722222222  0.3472222222  0.0000000000
  C  0.4861111111  0.3611111111  0.0000000000
  C  0.4722222222  0.3888888889  0.0000000000
  C  0.4861111111  0.4027777778  0.0000000000
  C  0.4722222222  0.4305555556  0.0000000000
  C  0.4861111111  0.4444444444  0.0000000000
  C  0.4722222222  0.4722222222  0.0000000000
  C  0.4861111111  0.4861111111  0.0000000000
  C  0.4722222222  0.5138888889  0.0000000000
  C  0.4861111111  0.5277777778  0.0000000000
  C  0.4722222222  0.5555555556  0.0000000000
  C  0.4861111111  0.5694444444  0.0000000000
  C  0.4722222222  0.5972222222  0.0000000000
  C  0.4861111111  0.6111111111  0.0000000000
  C  0.4722222222  0.6388888889  0.0000000000
  C  0.4861111111  0.6527777778  0.0000000000
  C  0.4722222222  0.6805555556  0.0000000000
  C  0.4861111111  0.6944444444  0.0000000000
  C  0.4722222222  0.7222222222  0.0000000000
  C  0.4861111111  0.7361111111  0.0000000000
  C  0.4722222222  0.7638888889  0.0000000000
  C  0.4861111111  0.7777777778  0.0000000000
  C  0.4722222222  0.8055555556  0.0000000000
  C  0.4861111111  0.8194444444  0.0000000000
  C  0.4722222222  0.8472222222  0.0000000000
  C  0.4861111111  0.8611111111  0.0000000000
  C  0.4722222222  0.8888888889  0.0000000000
  C  0.4861111111  0.9027777778  0.0000000000
  C  0.4722222222  0.9305555556  0.0000000000
  C  0.4861111111  0.9444444444  0.0000000000
  C  0.4722222222  0.9722222222  0.0000000000
  C  0.4861111111  0.9861111111  0.0000000000
  C  0.5138888889  0.0138888889  0.0000000000
  C  0.5277777778  0.0277777778  0.0000000000
  C  0.5138888889  0.0555555556  0.0000000000
  C  0.5277777778  0.0694444444  0.0000000000
  C  0.5138888889  0.0972222222  0.0000000000
  C  0.5277777778  0.1111111111  0.0000000000
  C  0.5138888889  0.1388888889  0.0000000000
  C  0.5277777778  0.1527777778  0.0000000000
  C  0.5138888889  0.1805555556  0.0000000000
  C  0.5277777778  0.1944444444  0.0000000000
  C  0.5138888889  0.2222222222  0.0000000000
  C  0.5277777778  0.2361111111  0.0000000000
  C  0.5138888889  0.2638888889  0.0000000000
  C  0.5277777778  0.2777777778  0.0000000000
  C  0.5138888889  0.3055555556  0.0000000000
  C  0.5277777778  0.3194444444  0.0000000000
  C  0.5138888889  0.3472222222  0.0000000000
  C  0.5277777778  0.3611111111  0.0000000000
  C  0.5138888889  0.3888888889  0.0000000000
  C  0.5277777778  0.4027777778  0.0000000000
  C  0.5138888889  0.4305555556  0.0000000000
  C  0.5277777778  0.4444444444  0.0000000000
  C  0.5138888889  0.4722222222  0.0000000000
  C  0.5277777778  0.4861111111  0.0000000000
  C  0.5277777778  0.5277777778  0.0000000000
  C  0.5138888889  0.5555555556  0.0000000000
  C  0.5277777778  0.5694444444  0.0000000000
  C  0.5138888889  0.5972222222  0.0000000000
  C  0.5277777778  0.6111111111  0.0000000000
  C  0.5138888889  0.6388888889  0.0000000000
  C  0.5277777778  0.6527777778  0.0000000000
  C  0.5138888889  0.6805555556  0.0000000000
  C  0.5277777778  0.6944444444  0.0000000000
  C  0.5138888889  0.7222222222  0.0000000000
  C  0.5277777778  0.7361111111  0.0000000000
  C  0.5138888889  0.7638888889  0.0000000000
  C  0.5277777778  0.7777777778  0.0000000000
  C  0.5138888889  0.8055555556  0.0000000000
  C  0.5277777778  0.8194444444  0.0000000000
  C  0.5138888889  0.8472222222  0.0000000000
  C  0.5277777778  0.8611111111  0.0000000000
  C  0.5138888889  0.8888888889  0.0000000000
  C  0.5277777778  0.9027777778  0.0000000000
  C  0.5138888889  0.9305555556  0.0000000000
  C  0.5277777778  0.9444444444  0.0000000000
  C  0.5138888889  0.9722222222  0.0000000000
  C  0.5277777778  0.9861111111  0.0000000000
  C  0.5555555556  0.0138888889  0.0000000000
  C  0.5694444444  0.0277777778  0.0000000000
  C  0.5555555556  0.0555555556  0.0000000000
  C  0.5694444444  0.0694444444  0.0000000000
  C  0.5555555556  0.0972222222  0.0000000000
  C  0.5694444444  0.1111111111  0.0000000000
  C  0.5555555556  0.1388888889  0.0000000000
  C  0.5694444444  0.1527777778  0.0000000000
  C  0.5555555556  0.1805555556  0.0000000000
  C  0.5694444444  0.1944444444  0.0000000000
  C  0.5555555556  0.2222222222  0.0000000000
  C  0.5694444444  0.2361111111  0.0000000000
  C  0.5555555556  0.2638888889  0.0000000000
  C  0.5694444444  0.2777777778  0.0000000000
  C  0.5555555556  0.3055555556  0.0000000000
  C  0.5694444444  0.3194444444  0.0000000000
  C  0.5555555556  0.3472222222  0.0000000000
  C  0.5694444444  0.3611111111  0.0000000000
  C  0.5555555556  0.3888888889  0.0000000000
  C  0.5694444444  0.4027777778  0.0000000000
  C  0.5555555556  0.4305555556  0.0000000000
  C  0.5694444444  0.4444444444  0.0000000000
  C  0.5555555556  0.4722222222  0.0000000000
  C  0.5694444444  0.4861111111  0.0000000000
  C  0.5555555556  0.5138888889  0.0000000000
  C  0.5694444444  0.5277777778  0.0000000000
  C  0.5555555556  0.5555555556  0.0000000000
  C  0.5694444444  0.5694444444  0.0000000000
  C  0.5555555556  0.5972222222  0.0000000000
  C  0.5694444444  0.6111111111  0.0000000000
  C  0.5555555556  0.6388888889  0.0000000000
  C  0.5694444444  0.6527777778  0.0000000000
  C  0.5555555556  0.6805555556  0.0000000000
  C  0.5694444444  0.6944444444  0.0000000000
  C  0.5555555556  0.7222222222  0.0000000000
  C  0.5694444444  0.7361111111  0.0000000000
  C  0.5555555556  0.7638888889  0.0000000000
  C  0.5694444444  0.7777777778  0.0000000000
  C  0.5555555556  0.8055555556  0.0000000000
  C  0.5694444444  0.8194444444  0.0000000000
  C  0.5555555556  0.8472222222  0.0000000000
  C  0.5694444444  0.8611111111  0.0000000000
  C  0.5555555556  0.8888888889  0.0000000000
  C  0.5694444444  0.9027777778  0.0000000000
  C  0.5555555556  0.9305555556  0.0000000000
  C  0.5694444444  0.9444444444  0.0000000000
  C  0.5555555556  0.9722222222  0.0000000000
  C  0.5694444444  0.9861111111  0.0000000000
  C  0.5972222222  0.0138888889  0.0000000000
  C  0.6111111111  0.0277777778  0.0000000000
  C  0.5972222222  0.0555555556  0.0000000000
  C  0.6111111111  0.0694444444  0.0000000000
  C  0.5972222222  0.0972222222  0.0000000000
  C  0.6111111111  0.1111111111  0.0000000000
  C  0.5972222222  0.1388888889  0.0000000000
  C  0.6111111111  0.1527777778  0.0000000000
  C  0.5972222222  0.1805555556  0.0000000000
  C  0.6111111111  0.1944444444  0.0000000000
  C  0.5972222222  0.2222222222  0.0000000000
  C  0.6111111111  0.2361111111  0.0000000000
  C  0.5972222222  0.2638888889  0.0000000000
  C  0.6111111111  0.2777777778  0.0000000000
  C  0.5972222222  0.3055555556  0.0000000000
  C  0.6111111111  0.3194444444  0.0000000000
  C  0.5972222222  0.3472222222  0.0000000000
  C  0.6111111111  0.3611111111  0.0000000000
  C  0.5972222222  0.3888888889  0.0000000000
  C  0.6111111111  0.4027777778  0.0000000000
  C  0.5972222222  0.4305555556  0.0000000000
  C  0.6111111111  0.4444444444  0.0000000000
  C  0.5972222222  0.4722222222  0.0000000000
  C  0.6111111111  0.4861111111  0.0000000000
  C  0.5972222222  0.5138888889  0.0000000000
  C  0.6111111111  0.5277777778  0.0000000000
  C  0.5972222222  0.5555555556  0.0000000000
  C  0.6111111111  0.5694444444  0.0000000000
  C  0.5972222222  0.5972222222  0.0000000000
  C  0.6111111111  0.6111111111  0.0000000000
  C  0.5972222222  0.6388888889  0.0000000000
  C  0.6111111111  0.6527777778  0.0000000000
  C  0.5972222222  0.6805555556  0.0000000000
  C  0.6111111111  0.6944444444  0.0000000000
  C  0.5972222222  0.7222222222  0.0000000000
  C  0.6111111111  0.7361111111  0.0000000000
  C  0.5972222222  0.7638888889  0.0000000000
  C  0.6111111111  0.7777777778  0.0000000000
  C  0.5972222222  0.8055555556  0.0000000000
  C  0.6111111111  0.8194444444  0.0000000000
  C  0.5972222222  0.8472222222  0.0000000000
  C  0.6111111111  0.8611111111  0.0000000000
  C  0.5972222222  0.8888888889  0.0000000000
  C  0.6111111111  0.9027777778  0.0000000000
  C  0.5972222222  0.9305555556  0.0000000000
  C  0.6111111111  0.9444444444  0.0000000000
  C  0.5972222222  0.9722222222  0.0000000000
  C  0.6111111111  0.9861111111  0.0000000000
  C  0.6388888889  0.0138888889  0.0000000000
  C  0.6527777778  0.0277777778  0.0000000000
  C  0.6388888889  0.0555555556  0.0000000000
  C  0.6527777778  0.0694444444  0.0000000000
  C  0.6388888889  0.0972222222  0.0000000000
  C  0.6527777778  0.1111111111  0.0000000000
  C  0.6388888889  0.1388888889  0.0000000000
  C  0.6527777778  0.1527777778  0.0000000000
  C  0.6388888889  0.1805555556  0.0000000000
  C  0.6527777778  0.1944444444  0.0000000000
  C  0.6388888889  0.2222222222  0.0000000000
  C  0.6527777778  0.2361111111  0.0000000000
  C  0.6388888889  0.2638888889  0.0000000000
  C  0.6527777778  0.2777777778  0.0000000000
  C  0.6388888889  0.3055555556  0.0000000000
  C  0.6527777778  0.3194444444  0.0000000000
  C  0.6388888889  0.3472222222  0.0000000000
  C  0.6527777778  0.3611111111  0.0000000000
  C  0.6388888889  0.3888888889  0.0000000000
  C  0.6527777778  0.4027777778  0.0000000000
  C  0.6388888889  0.4305555556  0.0000000000
  C  0.6527777778  0.4444444444  0.0000000000
  C  0.6388888889  0.4722222222  0.0000000000
  C  0.6527777778  0.4861111111  0.0000000000
  C  0.6388888889  0.5138888889  0.0000000000
  C  0.6527777778  0.5277777778  0.0000000000
  C  0.6388888889  0.5555555556  0.0000000000
  C  0.6527777778  0.5694444444  0.0000000000
  C  0.6388888889  0.5972222222  0.0000000000
  C  0.6527777778  0.6111111111  0.0000000000
  C  0.6388888889  0.6388888889  0.0000000000
  C  0.6527777778  0.6527777778  0.0000000000
  C  0.6388888889  0.6805555556  0.0000000000
  C  0.6527777778  0.6944444444  0.0000000000
  C  0.6388888889  0.7222222222  0.0000000000
  C  0.6527777778  0.7361111111  0.0000000000
  C  0.6388888889  0.7638888889  0.0000000000
  C  0.6527777778  0.7777777778  0.0000000000
  C  0.6388888889  0.8055555556  0.0000000000
  C  0.6527777778  0.8194444444  0.0000000000
  C  0.6388888889  0.8472222222  0.0000000000
  C  0.6527777778  0.8611111111  0.0000000000
  C  0.6388888889  0.8888888889  0.0000000000
  C  0.6527777778  0.9027777778  0.0000000000
  C  0.6388888889  0.9305555556  0.0000000000
  C  0.6527777778  0.9444444444  0.0000000000
  C  0.6388888889  0.9722222222  0.0000000000
  C  0.6527777778  0.9861111111  0.0000000000
  C  0.6805555556  0.0138888889  0.0000000000
  C  0.6944444444  0.0277777778  0.0000000000
  C  0.6805555556  0.0555555556  0.0000000000
  C  0.6944444444  0.0694444444  0.0000000000
  C  0.6805555556  0.0972222222  0.0000000000
  C  0.6944444444  0.1111111111  0.0000000000
  C  0.6805555556  0.1388888889  0.0000000000
  C  0.6944444444  0.1527777778  0.0000000000
  C  0.6805555556  0.1805555556  0.0000000000
  C  0.6944444444  0.1944444444  0.0000000000
  C  0.6805555556  0.2222222222  0.0000000000
  C  0.6944444444  0.2361111111  0.0000000000
  C  0.6805555556  0.2638888889  0.0000000000
  C  0.6944444444  0.2777777778  0.0000000000
  C  0.6805555556  0.3055555556  0.0000000000
  C  0.6944444444  0.3194444444  0.0000000000
  C  0.6805555556  0.3472222222  0.0000000000
  C  0.6944444444  0.3611111111  0.0000000000
  C  0.6805555556  0.3888888889  0.0000000000
  C  0.6944444444  0.4027777778  0.0000000000
  C  0.6805555556  0.4305555556  0.0000000000
  C  0.6944444444  0.4444444444  0.0000000000
  C  0.6805555556  0.4722222222  0.0000000000
  C  0.6944444444  0.4861111111  0.0000000000
  C  0.6805555556  0.5138888889  0.0000000000
  C  0.6944444444  0.5277777778  0.0000000000
  C  0.6805555556  0.5555555556  0.0000000000
  C  0.6944444444  0.5694444444  0.0000000000
  C  0.6805555556  0.5972222222  0.0000000000
  C  0.6944444444  0.6111111111  0.0000000000
  C  0.6805555556  0.6388888889  0.0000000000
  C  0.6944444444  0.6527777778  0.0000000000
  C  0.6805555556  0.6805555556  0.0000000000
  C  0.6944444444  0.6944444444  0.0000000000
  C  0.6805555556  0.7222222222  0.0000000000
  C  0.6944444444  0.7361111111  0.0000000000
  C  0.6805555556  0.7638888889  0.0000000000
  C  0.6944444444  0.7777777778  0.0000000000
  C  0.6805555556  0.8055555556  0.0000000000
  C  0.6944444444  0.8194444444  0.0000000000
  C  0.6805555556  0.8472222222  0.0000000000
  C  0.6944444444  0.8611111111  0.0000000000
  C  0.6805555556  0.8888888889  0.0000000000
  C  0.6944444444  0.9027777778  0.0000000000
  C  0.6805555556  0.9305555556  0.0000000000
  C  0.6944444444  0.9444444444  0.0000000000
  C  0.6805555556  0.9722222222  0.0000000000
  C  0.6944444444  0.9861111111  0.0000000000
  C  0.7222222222  0.0138888889  0.0000000000
  C  0.7361111111  0.0277777778  0.0000000000
  C  0.7222222222  0.0555555556  0.0000000000
  C  0.7361111111  0.0694444444  0.0000000000
  C  0.7222222222  0.0972222222  0.0000000000
  C  0.7361111111  0.1111111111  0.0000000000
  C  0.7222222222  0.1388888889  0.0000000000
  C  0.7361111111  0.1527777778  0.0000000000
  C  0.7222222222  0.1805555556  0.0000000000
  C  0.7361111111  0.1944444444  0.0000000000
  C  0.7222222222  0.2222222222  0.0000000000
  C  0.7361111111  0.2361111111  0.0000000000
  C  0.7222222222  0.2638888889  0.0000000000
  C  0.7361111111  0.2777777778  0.0000000000
  C  0.7222222222  0.3055555556  0.0000000000
  C  0.7361111111  0.3194444444  0.0000000000
  C  0.7222222222  0.3472222222  0.0000000000
  C  0.7361111111  0.3611111111  0.0000000000
  C  0.7222222222  0.3888888889  0.0000000000
  C  0.7361111111  0.4027777778  0.0000000000
  C  0.7222222222  0.4305555556  0.0000000000
  C  0.7361111111  0.4444444444  0.0000000000
  C  0.7222222222  0.4722222222  0.0000000000
  C  0.7361111111  0.4861111111  0.0000000000
  C  0.7222222222  0.5138888889  0.0000000000
  C  0.7361111111  0.5277777778  0.0000000000
  C  0.7222222222  0.5555555556  0.0000000000
  C  0.7361111111  0.5694444444  0.0000000000
  C  0.7222222222  0.5972222222  0.0000000000
  C  0.7361111111  0.6111111111  0.0000000000
  C  0.7222222222  0.6388888889  0.0000000000
  C  0.7361111111  0.6527777778  0.0000000000
  C  0.7222222222  0.6805555556  0.0000000000
  C  0.7361111111  0.6944444444  0.0000000000
  C  0.7222222222  0.7222222222  0.0000000000
  C  0.7361111111  0.7361111111  0.0000000000
  C  0.7222222222  0.7638888889  0.0000000000
  C  0.7361111111  0.7777777778  0.0000000000
  C  0.7222222222  0.8055555556  0.0000000000
  C  0.7361111111  0.8194444444  0.0000000000
  C  0.7222222222  0.8472222222  0.0000000000
  C  0.7361111111  0.8611111111  0.0000000000
  C  0.7222222222  0.8888888889  0.0000000000
  C  0.7361111111  0.9027777778  0.0000000000
  C  0.7222222222  0.9305555556  0.0000000000
  C  0.7361111111  0.9444444444  0.0000000000
  C  0.7222222222  0.9722222222  0.0000000000
  C  0.7361111111  0.9861111111  0.0000000000
  C  0.7638888889  0.0138888889  0.0000000000
  C  0.7777777778  0.0277777778  0.0000000000
  C  0.7638888889  0.0555555556  0.0000000000
  C  0.7777777778  0.0694444444  0.0000000000
  C  0.7638888889  0.0972222222  0.0000000000
  C  0.7777777778  0.1111111111  0.0000000000
  C  0.7638888889  0.1388888889  0.0000000000
  C  0.7777777778  0.1527777778  0.0000000000
  C  0.7638888889  0.1805555556  0.0000000000
  C  0.7777777778  0.1944444444  0.0000000000
  C  0.7638888889  0.2222222222  0.0000000000
  C  0.7777777778  0.2361111111  0.0000000000
  C  0.7638888889  0.2638888889  0.0000000000
  C  0.7777777778  0.2777777778  0.0000000000
  C  0.7638888889  0.3055555556  0.0000000000
  C  0.7777777778  0.3194444444  0.0000000000
  C  0.7638888889  0.3472222222  0.0000000000
  C  0.7777777778  0.3611111111  0.0000000000
  C  0.7638888889  0.3888888889  0.0000000000
  C  0.7777777778  0.4027777778  0.0000000000
  C  0.7638888889  0.4305555556  0.0000000000
  C  0.7777777778  0.4444444444  0.0000000000
  C  0.7638888889  0.4722222222  0.0000000000
  C  0.7777777778  0.4861111111  0.0000000000
  C  0.7638888889  0.5138888889  0.0000000000
  C  0.7777777778  0.5277777778  0.0000000000
  C  0.7638888889  0.5555555556  0.0000000000
  C  0.7777777778  0.5694444444  0.0000000000
  C  0.7638888889  0.5972222222  0.0000000000
  C  0.7777777778  0.6111111111  0.0000000000
  C  0.7638888889  0.6388888889  0.0000000000
  C  0.7777777778  0.6527777778  0.0000000000
  C  0.7638888889  0.6805555556  0.0000000000
  C  0.7777777778  0.6944444444  0.0000000000
  C  0.7638888889  0.7222222222  0.0000000000
  C  0.7777777778  0.7361111111  0.0000000000
  C  0.7638888889  0.7638888889  0.0000000000
  C  0.7777777778  0.7777777778  0.0000000000
  C  0.7638888889  0.8055555556  0.0000000000
  C  0.7777777778  0.8194444444  0.0000000000
  C  0.7638888889  0.8472222222  0.0000000000
  C  0.7777777778  0.8611111111  0.0000000000
  C  0.7638888889  0.8888888889  0.0000000000
  C  0.7777777778  0.9027777778  0.0000000000
  C  0.7638888889  0.9305555556  0.0000000000
  C  0.7777777778  0.9444444444  0.0000000000
  C  0.7638888889  0.9722222222  0.0000000000
  C  0.7777777778  0.9861111111  0.0000000000
  C  0.8055555556  0.0138888889  0.0000000000
  C  0.8194444444  0.0277777778  0.0000000000
  C  0.8055555556  0.0555555556  0.0000000000
  C  0.8194444444  0.0694444444  0.0000000000
  C  0.8055555556  0.0972222222  0.0000000000
  C  0.8194444444  0.1111111111  0.0000000000
  C  0.8055555556  0.1388888889  0.0000000000
  C  0.8194444444  0.1527777778  0.0000000000
  C  0.8055555556  0.1805555556  0.0000000000
  C  0.8194444444  0.1944444444  0.0000000000
  C  0.8055555556  0.2222222222  0.0000000000
  C  0.8194444444  0.2361111111  0.0000000000
  C  0.8055555556  0.2638888889  0.0000000000
  C  0.8194444444  0.2777777778  0.0000000000
  C  0.8055555556  0.3055555556  0.0000000000
  C  0.8194444444  0.3194444444  0.0000000000
  C  0.8055555556  0.3472222222  0.0000000000
  C  0.8194444444  0.3611111111  0.0000000000
  C  0.8055555556  0.3888888889  0.0000000000
  C  0.8194444444  0.4027777778  0.0000000000
  C  0.8055555556  0.4305555556  0.0000000000
  C  0.8194444444  0.4444444444  0.0000000000
  C  0.8055555556  0.4722222222  0.0000000000
  C  0.8194444444  0.4861111111  0.0000000000
  C  0.8055555556  0.5138888889  0.0000000000
  C  0.8194444444  0.5277777778  0.0000000000
  C  0.8055555556  0.5555555556  0.0000000000
  C  0.8194444444  0.5694444444  0.0000000000
  C  0.8055555556  0.5972222222  0.0000000000
  C  0.8194444444  0.6111111111  0.0000000000
  C  0.8055555556  0.6388888889  0.0000000000
  C  0.8194444444  0.6527777778  0.0000000000
  C  0.8055555556  0.6805555556  0.0000000000
  C  0.8194444444  0.6944444444  0.0000000000
  C  0.8055555556  0.7222222222  0.0000000000
  C  0.8194444444  0.7361111111  0.0000000000
  C  0.8055555556  0.7638888889  0.0000000000
  C  0.8194444444  0.7777777778  0.0000000000
  C  0.8055555556  0.8055555556  0.0000000000
  C  0.8194444444  0.8194444444  0.0000000000
  C  0.8055555556  0.8472222222  0.0000000000
  C  0.8194444444  0.8611111111  0.0000000000
  C  0.8055555556  0.8888888889  0.0000000000
  C  0.8194444444  0.9027777778  0.0000000000
  C  0.8055555556  0.9305555556  0.0000000000
  C  0.8194444444  0.9444444444  0.0000000000
  C  0.8055555556  0.9722222222  0.0000000000
  C  0.8194444444  0.9861111111  0.0000000000
  C  0.8472222222  0.0138888889  0.0000000000
  C  0.8611111111  0.0277777778  0.0000000000
  C  0.8472222222  0.0555555556  0.0000000000
  C  0.8611111111  0.0694444444  0.0000000000
  C  0.8472222222  0.0972222222  0.0000000000
  C  0.8611111111  0.1111111111  0.0000000000
  C  0.8472222222  0.1388888889  0.0000000000
  C  0.8611111111  0.1527777778  0.0000000000
  C  0.8472222222  0.1805555556  0.0000000000
  C  0.8611111111  0.1944444444  0.0000000000
  C  0.8472222222  0.2222222222  0.0000000000
  C  0.8611111111  0.2361111111  0.0000000000
  C  0.8472222222  0.2638888889  0.0000000000
  C  0.8611111111  0.2777777778  0.0000000000
  C  0.8472222222  0.3055555556  0.0000000000
  C  0.8611111111  0.3194444444  0.0000000000
  C  0.8472222222  0.3472222222  0.0000000000
  C  0.8611111111  0.3611111111  0.0000000000
  C  0.8472222222  0.3888888889  0.0000000000
  C  0.8611111111  0.4027777778  0.0000000000
  C  0.8472222222  0.4305555556  0.0000000000
  C  0.8611111111  0.4444444444  0.0000000000
  C  0.8472222222  0.4722222222  0.0000000000
  C  0.8611111111  0.4861111111  0.0000000000
  C  0.8472222222  0.5138888889  0.0000000000
  C  0.8611111111  0.5277777778  0.0000000000
  C  0.8472222222  0.5555555556  0.0000000000
  C  0.8611111111  0.5694444444  0.0000000000
  C  0.8472222222  0.5972222222  0.0000000000
  C  0.8611111111  0.6111111111  0.0000000000
  C  0.8472222222  0.6388888889  0.0000000000
  C  0.8611111111  0.6527777778  0.0000000000
  C  0.8472222222  0.6805555556  0.0000000000
  C  0.8611111111  0.6944444444  0.0000000000
  C  0.8472222222  0.7222222222  0.0000000000
  C  0.8611111111  0.7361111111  0.0000000000
  C  0.8472222222  0.7638888889  0.0000000000
  C  0.8611111111  0.7777777778  0.0000000000
  C  0.8472222222  0.8055555556  0.0000000000
  C  0.8611111111  0.8194444444  0.0000000000
  C  0.8472222222  0.8472222222  0.0000000000
  C  0.8611111111  0.8611111111  0.0000000000
  C  0.8472222222  0.8888888889  0.0000000000
  C  0.8611111111  0.9027777778  0.0000000000
  C  0.8472222222  0.9305555556  0.0000000000
  C  0.8611111111  0.9444444444  0.0000000000
  C  0.8472222222  0.9722222222  0.0000000000
  C  0.8611111111  0.9861111111  0.0000000000
  C  0.8888888889  0.0138888889  0.0000000000
  C  0.9027777778  0.0277777778  0.0000000000
  C  0.8888888889  0.0555555556  0.0000000000
  C  0.9027777778  0.0694444444  0.0000000000
  C  0.8888888889  0.0972222222  0.0000000000
  C  0.9027777778  0.1111111111  0.0000000000
  C  0.8888888889  0.1388888889  0.0000000000
  C  0.9027777778  0.1527777778  0.0000000000
  C  0.8888888889  0.1805555556  0.0000000000
  C  0.9027777778  0.1944444444  0.0000000000
  C  0.8888888889  0.2222222222  0.0000000000
  C  0.9027777778  0.2361111111  0.0000000000
  C  0.8888888889  0.2638888889  0.0000000000
  C  0.9027777778  0.2777777778  0.0000000000
  C  0.8888888889  0.3055555556  0.0000000000
  C  0.9027777778  0.3194444444  0.0000000000
  C  0.8888888889  0.3472222222  0.0000000000
  C  0.9027777778  0.3611111111  0.0000000000
  C  0.8888888889  0.3888888889  0.0000000000
  C  0.9027777778  0.4027777778  0.0000000000
  C  0.8888888889  0.4305555556  0.0000000000
  C  0.9027777778  0.4444444444  0.0000000000
  C  0.8888888889  0.4722222222  0.0000000000
  C  0.9027777778  0.4861111111  0.0000000000
  C  0.8888888889  0.5138888889  0.0000000000
  C  0.9027777778  0.5277777778  0.0000000000
  C  0.8888888889  0.5555555556  0.0000000000
  C  0.9027777778  0.5694444444  0.0000000000
  C  0.8888888889  0.5972222222  0.0000000000
  C  0.9027777778  0.6111111111  0.0000000000
  C  0.8888888889  0.6388888889  0.0000000000
  C  0.9027777778  0.6527777778  0.0000000000
  C  0.8888888889  0.6805555556  0.0000000000
  C  0.9027777778  0.6944444444  0.0000000000
  C  0.8888888889  0.7222222222  0.0000000000
  C  0.9027777778  0.7361111111  0.0000000000
  C  0.8888888889  0.7638888889  0.0000000000
  C  0.9027777778  0.7777777778  0.0000000000
  C  0.8888888889  0.8055555556  0.0000000000
  C  0.9027777778  0.8194444444  0.0000000000
  C  0.8888888889  0.8472222222  0.0000000000
  C  0.9027777778  0.8611111111  0.0000000000
  C  0.8888888889  0.8888888889  0.0000000000
  C  0.9027777778  0.9027777778  0.0000000000
  C  0.8888888889  0.9305555556  0.0000000000
  C  0.9027777778  0.9444444444  0.0000000000
  C  0.8888888889  0.9722222222  0.0000000000
  C  0.9027777778  0.9861111111  0.0000000000
  C  0.9305555556  0.0138888889  0.0000000000
  C  0.9444444444  0.0277777778  0.0000000000
  C  0.9305555556  0.0555555556  0.0000000000
  C  0.9444444444  0.0694444444  0.0000000000
  C  0.9305555556  0.0972222222  0.0000000000
  C  0.9444444444  0.1111111111  0.0000000000
  C  0.9305555556  0.1388888889  0.0000000000
  C  0.9444444444  0.1527777778  0.0000000000
  C  0.9305555556  0.1805555556  0.0000000000
  C  0.9444444444  0.1944444444  0.0000000000
  C  0.9305555556  0.2222222222  0.0000000000
  C  0.9444444444  0.2361111111  0.0000000000
  C  0.9305555556  0.2638888889  0.0000000000
  C  0.9444444444  0.2777777778  0.0000000000
  C  0.9305555556  0.3055555556  0.0000000000
  C  0.9444444444  0.3194444444  0.0000000000
  C  0.9305555556  0.3472222222  0.0000000000
  C  0.9444444444  0.3611111111  0.0000000000
  C  0.9305555556  0.3888888889  0.0000000000
  C  0.9444444444  0.4027777778  0.0000000000
  C  0.9305555556  0.4305555556  0.0000000000
  C  0.9444444444  0.4444444444  0.0000000000
  C  0.9305555556  0.4722222222  0.0000000000
  C  0.9444444444  0.4861111111  0.0000000000
  C  0.9305555556  0.5138888889  0.0000000000
  C  0.9444444444  0.5277777778  0.0000000000
  C  0.9305555556  0.5555555556  0.0000000000
  C  0.9444444444  0.5694444444  0.0000000000
  C  0.9305555556  0.5972222222  0.0000000000
  C  0.9444444444  0.6111111111  0.0000000000
  C  0.9305555556  0.6388888889  0.0000000000
  C  0.9444444444  0.6527777778  0.0000000000
  C  0.9305555556  0.6805555556  0.0000000000
  C  0.9444444444  0.6944444444  0.0000000000
  C  0.9305555556  0.7222222222  0.0000000000
  C  0.9444444444  0.7361111111  0.0000000000
  C  0.9305555556  0.7638888889  0.0000000000
  C  0.9444444444  0.7777777778  0.0000000000
  C  0.9305555556  0.8055555556  0.0000000000
  C  0.9444444444  0.8194444444  0.0000000000
  C  0.9305555556  0.8472222222  0.0000000000
  C  0.9444444444  0.8611111111  0.0000000000
  C  0.9305555556  0.8888888889  0.0000000000
  C  0.9444444444  0.9027777778  0.0000000000
  C  0.9305555556  0.9305555556  0.0000000000
  C  0.9444444444  0.9444444444  0.0000000000
  C  0.9305555556  0.9722222222  0.0000000000
  C  0.9444444444  0.9861111111  0.0000000000
  C  0.9722222222  0.0138888889  0.0000000000
  C  0.9861111111  0.0277777778  0.0000000000
  C  0.9722222222  0.0555555556  0.0000000000
  C  0.9861111111  0.0694444444  0.0000000000
  C  0.9722222222  0.0972222222  0.0000000000
  C  0.9861111111  0.1111111111  0.0000000000
  C  0.9722222222  0.1388888889  0.0000000000
  C  0.9861111111  0.1527777778  0.0000000000
  C  0.9722222222  0.1805555556  0.0000000000
  C  0.9861111111  0.1944444444  0.0000000000
  C  0.9722222222  0.2222222222  0.0000000000
  C  0.9861111111  0.2361111111  0.0000000000
  C  0.9722222222  0.2638888889  0.0000000000
  C  0.9861111111  0.2777777778  0.0000000000
  C  0.9722222222  0.3055555556  0.0000000000
  C  0.9861111111  0.3194444444  0.0000000000
  C  0.9722222222  0.3472222222  0.0000000000
  C  0.9861111111  0.3611111111  0.0000000000
  C  0.9722222222  0.3888888889  0.0000000000
  C  0.9861111111  0.4027777778  0.0000000000
  C  0.9722222222  0.4305555556  0.0000000000
  C  0.9861111111  0.4444444444  0.0000000000
  C  0.9722222222  0.4722222222  0.0000000000
  C  0.9861111111  0.4861111111  0.0000000000
  C  0.9722222222  0.5138888889  0.0000000000
  C  0.9861111111  0.5277777778  0.0000000000
  C  0.9722222222  0.5555555556  0.0000000000
  C  0.9861111111  0.5694444444  0.0000000000
  C  0.9722222222  0.5972222222  0.0000000000
  C  0.9861111111  0.6111111111  0.0000000000
  C  0.9722222222  0.6388888889  0.0000000000
  C  0.9861111111  0.6527777778  0.0000000000
  C  0.9722222222  0.6805555556  0.0000000000
  C  0.9861111111  0.6944444444  0.0000000000
  C  0.9722222222  0.7222222222  0.0000000000
  C  0.9861111111  0.7361111111  0.0000000000
  C  0.9722222222  0.7638888889  0.0000000000
  C  0.9861111111  0.7777777778  0.0000000000
  C  0.9722222222  0.8055555556  0.0000000000
  C  0.9861111111  0.8194444444  0.0000000000
  C  0.9722222222  0.8472222222  0.0000000000
  C  0.9861111111  0.8611111111  0.0000000000
  C  0.9722222222  0.8888888889  0.0000000000
  C  0.9861111111  0.9027777778  0.0000000000
  C  0.9722222222  0.9305555556  0.0000000000
  C  0.9861111111  0.9444444444  0.0000000000
  C  0.9722222222  0.9722222222  0.0000000000
  C  0.9861111111  0.9861111111  0.0000000000

K_POINTS gamma