  0.20000000E+00 -0.17085376E-11  0.34123072E-11
  0.21000000E+00 -0.18848054E-11  0.35580520E-11
  0.22000000E+00 -0.20738374E-11  0.36903989E-11
  0.23000000E+00 -0.22688974E-11  0.38111620E-11
  0.24000000E+00 -0.24631073E-11  0.39236816E-11
  0.25000000E+00 -0.26519847E-11  0.40292093E-11
  0.26000000E+00 -0.28351297E-11  0.41286462E-11
  0.27000000E+00 -0.30164226E-11  0.42257217E-11
  0.28000000E+00 -0.32026409E-11  0.43256859E-11
  0.29000000E+00 -0.34009880E-11  0.44297381E-11
  0.30000000E+00 -0.36164459E-11  0.45321113E-11
  0.31000000E+00 -0.38499307E-11  0.46242008E-11
  0.32000000E+00 -0.40978865E-11  0.47009865E-11
  0.33000000E+00 -0.43533679E-11  0.47631974E-11
  0.34000000E+00 -0.46081352E-11  0.48143836E-11
  0.35000000E+00 -0.48550651E-11  0.48573955E-11
  0.36000000E+00 -0.50902576E-11  0.48933986E-11
  0.37000000E+00 -0.53143972E-11  0.49223286E-11
  0.38000000E+00 -0.55330217E-11  0.49452829E-11
  0.39000000E+00 -0.57554111E-11  0.49671980E-11
  0.40000000E+00 -0.59920216E-11  0.49940204E-11
  0.41000000E+00 -0.62508882E-11  0.50252756E-11
  0.42000000E+00 -0.65340483E-11  0.50509800E-11
  0.43000000E+00 -0.68354248E-11  0.50583777E-11
  0.44000000E+00 -0.71414285E-11  0.50413657E-11
  0.45000000E+00 -0.74347229E-11  0.50023952E-11
  0.46000000E+00 -0.77003719E-11  0.49470741E-11
  0.47000000E+00 -0.79323704E-11  0.48791466E-11
  0.48000000E+00 -0.81378477E-11  0.48037532E-11
  0.49000000E+00 -0.83365078E-11  0.47352759E-11
  0.50000000E+00 -0.85543889E-11  0.46922563E-11
  0.51000000E+00 -0.88134871E-11  0.46770818E-11
  0.52000000E+00 -0.91211937E-11  0.46651646E-11
  0.53000000E+00 -0.94644747E-11  0.46201746E-11
  0.54000000E+00 -0.98123777E-11  0.45199533E-11
  0.55000000E+00 -0.10127046E-10  0.43679266E-11
  0.56000000E+00 -0.10379405E-10  0.41855730E-11
  0.57000000E+00 -0.10563000E-10  0.39998140E-11
  0.58000000E+00 -0.10699483E-10  0.38346700E-11
  0.59000000E+00 -0.10832264E-10  0.37080246E-11
  0.60000000E+00 -0.11009711E-10  0.36283171E-11
  0.61000000E+00 -0.11264221E-10  0.35829578E-11
  0.62000000E+00 -0.11596142E-10  0.35294414E-11
  0.63000000E+00 -0.11970403E-10  0.34121248E-11
  0.64000000E+00 -0.12328700E-10  0.31996054E-11
  0.65000000E+00 -0.12613143E-10  0.29091121E-11
  0.66000000E+00 -0.12791548E-10  0.25954679E-11
  0.67000000E+00 -0.12873099E-10  0.23171809E-11
  0.68000000E+00 -0.12906750E-10  0.21072593E-11
  0.69000000E+00 -0.12962169E-10  0.19656774E-11
  0.70000000E+00 -0.13100739E-10  0.18703688E-11
  0.71000000E+00 -0.13348815E-10  0.17851463E-11
  0.72000000E+00 -0.13684936E-10  0.16584423E-11
  0.73000000E+00 -0.14047091E-10  0.14374889E-11
  0.74000000E+00 -0.14357576E-10  0.11055428E-11
  0.75000000E+00 -0.14555241E-10  0.70544228E-12
  0.76000000E+00 -0.14621343E-10  0.31595838E-12
  0.77000000E+00 -0.14587798E-10  0.11343789E-14
  0.78000000E+00 -0.14524245E-10 -0.22102239E-12
  0.79000000E+00 -0.14509497E-10 -0.37492712E-12
  0.80000000E+00 -0.14599505E-10 -0.50579706E-12
  0.81000000E+00 -0.14805082E-10 -0.66041897E-12
  0.82000000E+00 -0.15088154E-10 -0.87820474E-12
  0.83000000E+00 -0.15377474E-10 -0.11840453E-11
  0.84000000E+00 -0.15596923E-10 -0.15740666E-11
  0.85000000E+00 -0.15694854E-10 -0.20056892E-11
  0.86000000E+00 -0.15663034E-10 -0.24133645E-11
  0.87000000E+00 -0.15538410E-10 -0.27473587E-11
  0.88000000E+00 -0.15387930E-10 -0.30013532E-11
  0.89000000E+00 -0.15283078E-10 -0.32048905E-11
  0.90000000E+00 -0.15274017E-10 -0.33966149E-11
  0.91000000E+00 -0.15372473E-10 -0.36064524E-11
  0.92000000E+00 -0.15548621E-10 -0.38554678E-11
  0.93000000E+00 -0.15742162E-10 -0.41619383E-11
  0.94000000E+00 -0.15883314E-10 -0.45355124E-11
  0.95000000E+00 -0.15916657E-10 -0.49593701E-11
  0.96000000E+00 -0.15820158E-10 -0.53875682E-11
  0.97000000E+00 -0.15613265E-10 -0.57717962E-11
  0.98000000E+00 -0.15351226E-10 -0.60893631E-11
  0.99000000E+00 -0.15107094E-10 -0.63439843E-11
  0.10000000E+01 -0.14946859E-10 -0.65515219E-11
  0.10100000E+01 -0.14905728E-10 -0.67360205E-11
  0.10200000E+01 -0.14973869E-10 -0.69341278E-11
  0.10300000E+01 -0.15097416E-10 -0.71904631E-11
  0.10400000E+01 -0.15195716E-10 -0.75377383E-11
  0.10500000E+01 -0.15189817E-10 -0.79709457E-11
  0.10600000E+01 -0.15032310E-10 -0.84394165E-11
  0.10700000E+01 -0.14727085E-10 -0.88718852E-11
  0.10800000E+01 -0.14330506E-10 -0.92150616E-11
  0.10900000E+01 -0.13932374E-10 -0.94548227E-11
  0.11000000E+01 -0.13623044E-10 -0.96126065E-11
  0.11100000E+01 -0.13458951E-10 -0.97320963E-11
  0.11200000E+01 -0.13439992E-10 -0.98700379E-11
  0.11300000E+01 -0.13508015E-10 -0.10084913E-10
  0.11400000E+01 -0.13567637E-10 -0.10412354E-10
  0.11500000E+01 -0.13521802E-10 -0.10838698E-10
  0.11600000E+01 -0.13308525E-10 -0.11300056E-10
  0.11700000E+01 -0.12924643E-10 -0.11715781E-10
  0.11800000E+01 -0.12427431E-10 -0.12030237E-10
  0.11900000E+01 -0.11913622E-10 -0.12232286E-10
  0.12000000E+01 -0.11483948E-10 -0.12348372E-10
  0.12100000E+01 -0.11206540E-10 -0.12424918E-10
  0.12200000E+01 -0.11092497E-10 -0.12514913E-10
  0.12300000E+01 -0.11092166E-10 -0.12669165E-10
  0.12400000E+01 -0.11113080E-10 -0.12921891E-10
  0.12500000E+01 -0.11052941E-10 -0.13270765E-10
  0.12600000E+01 -0.10835911E-10 -0.13669550E-10
  0.12700000E+01 -0.10439519E-10 -0.14048179E-10
  0.12800000E+01 -0.99028975E-11 -0.14347596E-10
  0.12900000E+01 -0.93135748E-11 -0.14541785E-10
  0.13000000E+01 -0.87774066E-11 -0.14638058E-10
  0.13100000E+01 -0.83819022E-11 -0.14667715E-10
  0.13200000E+01 -0.81654397E-11 -0.14677965E-10
  0.13300000E+01 -0.81030365E-11 -0.14724726E-10
  0.13400000E+01 -0.81139875E-11 -0.14859627E-10
  0.13500000E+01 -0.80893433E-11 -0.15107208E-10
  0.13600000E+01 -0.79301384E-11 -0.15443726E-10
  0.13700000E+01 -0.75830325E-11 -0.15800939E-10
  0.13800000E+01 -0.70604196E-11 -0.16099616E-10
  0.13900000E+01 -0.64373272E-11 -0.16286668E-10
  0.14000000E+01 -0.58257646E-11 -0.16351776E-10
  0.14100000E+01 -0.53354450E-11 -0.16323161E-10
  0.14200000E+01 -0.50348488E-11 -0.16253515E-10
  0.14300000E+01 -0.49265707E-11 -0.16205110E-10
  0.14400000E+01 -0.49458713E-11 -0.16236634E-10
  0.14500000E+01 -0.49831258E-11 -0.16386249E-10
  0.14600000E+01 -0.49223214E-11 -0.16648504E-10
  0.14700000E+01 -0.46819594E-11 -0.16964531E-10
  0.14800000E+01 -0.42438468E-11 -0.17248321E-10
  0.14900000E+01 -0.36596891E-11 -0.17432785E-10
  0.15000000E+01 -0.30333990E-11 -0.17496172E-10
  0.15100000E+01 -0.24855241E-11 -0.17457264E-10
  0.15200000E+01 -0.21121040E-11 -0.17357289E-10
  0.15300000E+01 -0.19518154E-11 -0.17246917E-10
  0.15400000E+01 -0.19723285E-11 -0.17182154E-10
  0.15500000E+01 -0.20805393E-11 -0.17217189E-10
  0.15600000E+01 -0.21536202E-11 -0.17380625E-10
  0.15700000E+01 -0.20808462E-11 -0.17647109E-10
  0.15800000E+01 -0.18021479E-11 -0.17940273E-10
  0.15900000E+01 -0.13299416E-11 -0.18174674E-10
  0.16000000E+01 -0.74617787E-12 -0.18296363E-10
  0.16100000E+01 -0.17506551E-12 -0.18293495E-10
  0.16200000E+01  0.25945524E-12 -0.18189826E-10
  0.16300000E+01  0.47683829E-12 -0.18036772E-10
  0.16400000E+01  0.46851546E-12 -0.17904206E-10
  0.16500000E+01  0.30164746E-12 -0.17864789E-10
  0.16600000E+01  0.96379033E-13 -0.17967373E-10
  0.16700000E+01 -0.15615317E-13 -0.18207243E-10
  0.16800000E+01  0.63305742E-13 -0.18519278E-10
  0.16900000E+01  0.36317163E-12 -0.18810767E-10
  0.17000000E+01  0.83641400E-12 -0.19008735E-10
  0.17100000E+01  0.13744571E-11 -0.19084445E-10
  0.17200000E+01  0.18445972E-11 -0.19051920E-10
  0.17300000E+01  0.21344007E-11 -0.18954103E-10
  0.17400000E+01  0.21890254E-11 -0.18846292E-10
  0.17500000E+01  0.20296436E-11 -0.18786425E-10
  0.17600000E+01  0.17471749E-11 -0.18829282E-10
  0.17700000E+01  0.14730728E-11 -0.19010424E-10
  0.17800000E+01  0.13361124E-11 -0.19321435E-10
  0.17900000E+01  0.14190371E-11 -0.19700176E-10
  0.18000000E+01  0.17297129E-11 -0.20054485E-10
  0.18100000E+01  0.21972194E-11 -0.20305327E-10
  0.18200000E+01  0.26950033E-11 -0.20420073E-10
  0.18300000E+01  0.30836599E-11 -0.20419355E-10
  0.18400000E+01  0.32587157E-11 -0.20360875E-10
  0.18500000E+01  0.31867889E-11 -0.20318765E-10
  0.18600000E+01  0.29174932E-11 -0.20366648E-10
  0.18700000E+01  0.25669393E-11 -0.20557600E-10
  0.18800000E+01  0.22785988E-11 -0.20902722E-10
  0.18900000E+01  0.21750981E-11 -0.21359122E-10
  0.19000000E+01  0.23174497E-11 -0.21841138E-10
  0.19100000E+01  0.26853434E-11 -0.22259617E-10
  0.19200000E+01  0.31846373E-11 -0.22563478E-10
  0.19300000E+01  0.36789911E-11 -0.22751583E-10
  0.19400000E+01  0.40349187E-11 -0.22856513E-10
  0.19500000E+01  0.41656944E-11 -0.22927398E-10
  0.19600000E+01  0.40602258E-11 -0.23024318E-10
  0.19700000E+01  0.37876569E-11 -0.23212608E-10
  0.19800000E+01  0.34757952E-11 -0.23546352E-10
  0.19900000E+01  0.32697145E-11 -0.24040218E-10
  0.20000000E+01  0.32837433E-11 -0.24645775E-10
  0.20100000E+01  0.35629918E-11 -0.25264622E-10
  0.20200000E+01  0.40679309E-11 -0.25799851E-10
  0.20300000E+01  0.46877249E-11 -0.26201709E-10
  0.20400000E+01  0.52778461E-11 -0.26476451E-10
  0.20500000E+01  0.57089381E-11 -0.26670614E-10
  0.20600000E+01  0.59102147E-11 -0.26851508E-10
  0.20700000E+01  0.58929479E-11 -0.27089128E-10
  0.20800000E+01  0.57465946E-11 -0.27440938E-10
  0.20900000E+01  0.56092295E-11 -0.27938950E-10
  0.21000000E+01  0.56222419E-11 -0.28574418E-10
  0.21100000E+01  0.58842384E-11 -0.29287653E-10
  0.21200000E+01  0.64192387E-11 -0.29984656E-10
  0.21300000E+01  0.71694666E-11 -0.30582522E-10
  0.21400000E+01  0.80149032E-11 -0.31047755E-10
  0.21500000E+01  0.88130418E-11 -0.31397625E-10
  0.21600000E+01  0.94458850E-11 -0.31677436E-10
  0.21700000E+01  0.98590267E-11 -0.31942467E-10
  0.21800000E+01  0.10080132E-10 -0.32254138E-10
  0.21900000E+01  0.10210476E-10 -0.32675017E-10
  0.22000000E+01  0.10391790E-10 -0.33245597E-10
  0.22100000E+01  0.10759080E-10 -0.33951936E-10
  0.22200000E+01  0.11395424E-10 -0.34714206E-10
  0.22300000E+01  0.12304569E-10 -0.35418651E-10
  0.22400000E+01  0.13410826E-10 -0.35980366E-10
  0.22500000E+01  0.14585811E-10 -0.36386821E-10
  0.22600000E+01  0.15692006E-10 -0.36686202E-10
  0.22700000E+01  0.16628016E-10 -0.36942700E-10
  0.22800000E+01  0.17360964E-10 -0.37205310E-10
  0.22900000E+01  0.17936452E-10 -0.37508217E-10
  0.23000000E+01  0.18463513E-10 -0.37886225E-10
  0.23100000E+01  0.19079105E-10 -0.38374329E-10
  0.23200000E+01  0.19902859E-10 -0.38974572E-10
  0.23300000E+01  0.20996654E-10 -0.39619732E-10
  0.23400000E+01  0.22343187E-10 -0.40188250E-10
  0.23500000E+01  0.23851863E-10 -0.40577190E-10
  0.23600000E+01  0.25390376E-10 -0.40772347E-10
  0.23700000E+01  0.26830405E-10 -0.40848217E-10
  0.23800000E+01  0.28090770E-10 -0.40901147E-10
  0.23900000E+01  0.29163231E-10 -0.40987890E-10
  0.24000000E+01  0.30113278E-10 -0.41120765E-10
  0.24100000E+01  0.31056941E-10 -0.41301049E-10
  0.24200000E+01  0.32121652E-10 -0.41541158E-10
  0.24300000E+01  0.33403398E-10 -0.41844726E-10
  0.24400000E+01  0.34933661E-10 -0.42161633E-10
  0.24500000E+01  0.36667519E-10 -0.42380200E-10
  0.24600000E+01  0.38498060E-10 -0.42393871E-10
  0.24700000E+01  0.40293030E-10 -0.42190467E-10
  0.24800000E+01  0.41940763E-10 -0.41865948E-10
  0.24900000E+01  0.43388475E-10 -0.41540415E-10
  0.25000000E+01  0.44659126E-10 -0.41271509E-10
  0.25100000E+01  0.45841581E-10 -0.41050757E-10
  0.25200000E+01  0.47058414E-10 -0.40856939E-10
  0.25300000E+01  0.48422685E-10 -0.40689036E-10
  0.25400000E+01  0.49997860E-10 -0.40543039E-10
  0.25500000E+01  0.51774002E-10 -0.40363495E-10
  0.25600000E+01  0.53668789E-10 -0.40039136E-10
  0.25700000E+01  0.55554183E-10 -0.39480608E-10
  0.25800000E+01  0.57300363E-10 -0.38714281E-10
  0.25900000E+01  0.58821385E-10 -0.37870721E-10
  0.26000000E+01  0.60105593E-10 -0.37069384E-10
  0.26100000E+01  0.61219404E-10 -0.36341324E-10
  0.26200000E+01  0.62283065E-10 -0.35661325E-10
  0.26300000E+01  0.63427034E-10 -0.35011575E-10
  0.26400000E+01  0.64744002E-10 -0.34388866E-10
  0.26500000E+01  0.66252927E-10 -0.33759282E-10
  0.26600000E+01  0.67887876E-10 -0.33027386E-10
  0.26700000E+01  0.69516753E-10 -0.32080593E-10
  0.26800000E+01  0.70984854E-10 -0.30893801E-10
  0.26900000E+01  0.72168706E-10 -0.29573608E-10
  0.27000000E+01  0.73020825E-10 -0.28266626E-10
  0.27100000E+01  0.73588550E-10 -0.27049963E-10
  0.27200000E+01  0.73999168E-10 -0.25931994E-10
  0.27300000E+01  0.74415680E-10 -0.24910519E-10
  0.27400000E+01  0.74977918E-10 -0.23981694E-10
  0.27500000E+01  0.75749231E-10 -0.23098784E-10
  0.27600000E+01  0.76687820E-10 -0.22150502E-10
  0.27700000E+01  0.77654314E-10 -0.21008731E-10
  0.27800000E+01  0.78455083E-10 -0.19626160E-10
  0.27900000E+01  0.78907743E-10 -0.18082679E-10
  0.28000000E+01  0.78906293E-10 -0.16518181E-10
  0.28100000E+01  0.78462123E-10 -0.15046764E-10
  0.28200000E+01  0.77704929E-10 -0.13745955E-10
  0.28300000E+01  0.76841369E-10 -0.12668294E-10
  0.28400000E+01  0.76084300E-10 -0.11815515E-10
  0.28500000E+01  0.75576294E-10 -0.11110104E-10
  0.28600000E+01  0.75334249E-10 -0.10412696E-10
  0.28700000E+01  0.75235931E-10 -0.95864447E-11
  0.28800000E+01  0.75055693E-10 -0.85635040E-11
  0.28900000E+01  0.74539385E-10 -0.73631275E-11
  0.29000000E+01  0.73493593E-10 -0.60777965E-11
  0.29100000E+01  0.71857610E-10 -0.48647859E-11
  0.29200000E+01  0.69731230E-10 -0.39084360E-11
  0.29300000E+01  0.67346418E-10 -0.33343713E-11
  0.29400000E+01  0.64991017E-10 -0.31472337E-11
  0.29500000E+01  0.62910211E-10 -0.32440139E-11
  0.29600000E+01  0.61220159E-10 -0.34766741E-11
  0.29700000E+01  0.59864838E-10 -0.37086615E-11
  0.29800000E+01  0.58632769E-10 -0.38349618E-11
  0.29900000E+01  0.57229703E-10 -0.37971198E-11
  0.30000000E+01  0.55383130E-10 -0.36323140E-11
  0.30100000E+01  0.52941910E-10 -0.35087634E-11
  0.30200000E+01  0.49934626E-10 -0.36694713E-11
  0.30300000E+01  0.46564449E-10 -0.43064640E-11
  0.30400000E+01  0.43141747E-10 -0.54682428E-11
  0.30500000E+01  0.39979134E-10 -0.70635106E-11
  0.30600000E+01  0.37287595E-10 -0.89303507E-11
  0.30700000E+01  0.35111152E-10 -0.10905731E-10
  0.30800000E+01  0.33322345E-10 -0.12868208E-10
  0.30900000E+01  0.31678063E-10 -0.14759588E-10
  0.31000000E+01  0.29913658E-10 -0.16595625E-10
  0.31100000E+01  0.27840381E-10 -0.18475040E-10
  0.31200000E+01  0.25411252E-10 -0.20573141E-10
  0.31300000E+01  0.22733543E-10 -0.23078876E-10
  0.31400000E+01  0.20027198E-10 -0.26086393E-10
  0.31500000E+01  0.17549285E-10 -0.29539079E-10
  0.31600000E+01  0.15516019E-10 -0.33284366E-10
  0.31700000E+01  0.14050964E-10 -0.37176702E-10
  0.31800000E+01  0.13173084E-10 -0.41141419E-10
  0.31900000E+01  0.12819633E-10 -0.45173571E-10
  0.32000000E+01  0.12886144E-10 -0.49298623E-10
  0.32100000E+01  0.13264397E-10 -0.53535180E-10
  0.32200000E+01  0.13867615E-10 -0.57884065E-10
  0.32300000E+01  0.14643438E-10 -0.62340024E-10
  0.32400000E+01  0.15582263E-10 -0.66901109E-10
  0.32500000E+01  0.16727353E-10 -0.71567268E-10
  0.32600000E+01  0.18185350E-10 -0.76348619E-10
  0.32700000E+01  0.20127089E-10 -0.81280281E-10
  0.32800000E+01  0.22765806E-10 -0.86409205E-10
  0.32900000E+01  0.26307133E-10 -0.91747651E-10
  0.33000000E+01  0.30881195E-10 -0.97228482E-10
  0.33100000E+01  0.36483740E-10 -0.10269097E-09
  0.33200000E+01  0.42959533E-10 -0.10790526E-09
  0.33300000E+01  0.50049181E-10 -0.11265246E-09
  0.33400000E+01  0.57491966E-10 -0.11685729E-09
  0.33500000E+01  0.65145070E-10 -0.12067679E-09
  0.33600000E+01  0.73062696E-10 -0.12442184E-09
  0.33700000E+01  0.81490312E-10 -0.12834887E-09
  0.33800000E+01  0.90767882E-10 -0.13249524E-09
  0.33900000E+01  0.10118294E-09 -0.13664912E-09
  0.34000000E+01  0.11284376E-09 -0.14043459E-09
  0.34100000E+01  0.12563638E-09 -0.14346844E-09
  0.34200000E+01  0.13928762E-09 -0.14553130E-09
  0.34300000E+01  0.15350128E-09 -0.14668383E-09
  0.34400000E+01  0.16809567E-09 -0.14722493E-09
  0.34500000E+01  0.18307021E-09 -0.14746116E-09
  0.34600000E+01  0.19856774E-09 -0.14748762E-09
  0.34700000E+01  0.21475626E-09 -0.14716594E-09
  0.34800000E+01  0.23169801E-09 -0.14620869E-09
  0.34900000E+01  0.24928075E-09 -0.14427217E-09
  0.35000000E+01  0.26725098E-09 -0.14110520E-09
  0.35100000E+01  0.28533181E-09 -0.13671250E-09
  0.35200000E+01  0.30335921E-09 -0.13137919E-09
  0.35300000E+01  0.32135793E-09 -0.12548497E-09
  0.35400000E+01  0.33950918E-09 -0.11922967E-09
  0.35500000E+01  0.35802035E-09 -0.11250690E-09
  0.35600000E+01  0.37696122E-09 -0.10499391E-09
  0.35700000E+01  0.39615239E-09 -0.96316707E-10
  0.35800000E+01  0.41516799E-09 -0.86203128E-10
  0.35900000E+01  0.43345853E-09 -0.74602681E-10
  0.36000000E+01  0.45053970E-09 -0.61726557E-10
  0.36100000E+01  0.46615909E-09 -0.47986252E-10
  0.36200000E+01  0.48036222E-09 -0.33828083E-10
  0.36300000E+01  0.49342694E-09 -0.19525918E-10
  0.36400000E+01  0.50569755E-09 -0.50529986E-11
  0.36500000E+01  0.51739511E-09  0.98885587E-11
  0.36600000E+01  0.52848833E-09  0.25664578E-10
  0.36700000E+01  0.53867747E-09  0.42456222E-10
  0.36800000E+01  0.54749038E-09  0.60162070E-10
  0.36900000E+01  0.55444288E-09  0.78506955E-10
  0.37000000E+01  0.55919398E-09  0.97204573E-10
  0.37100000E+01  0.56163798E-09  0.11600301E-09
  0.37200000E+01  0.56190924E-09  0.13463767E-09
  0.37300000E+01  0.56031374E-09  0.15285943E-09
  0.37400000E+01  0.55722888E-09  0.17058649E-09
  0.37500000E+01  0.55301654E-09  0.18798086E-09
  0.37600000E+01  0.54797820E-09  0.20526013E-09
  0.37700000E+01  0.54235446E-09  0.22239096E-09
  0.37800000E+01  0.53635238E-09  0.23907256E-09
  0.37900000E+01  0.53018100E-09  0.25512128E-09
  0.38000000E+01  0.52408586E-09  0.27076245E-09
  0.38100000E+01  0.51838420E-09  0.28638975E-09
  0.38200000E+01  0.51350189E-09  0.30209566E-09
  0.38300000E+01  0.51000417E-09  0.31764665E-09
  0.38400000E+01  0.50860364E-09  0.33295969E-09
  0.38500000E+01  0.51013117E-09  0.34839641E-09
  0.38600000E+01  0.51546714E-09  0.36452000E-09
  0.38700000E+01  0.52544183E-09  0.38178667E-09
  0.38800000E+01  0.54071646E-09  0.40062802E-09
  0.38900000E+01  0.56164984E-09  0.42167309E-09
  0.39000000E+01  0.58814469E-09  0.44571202E-09
  0.39100000E+01  0.61945983E-09  0.47352140E-09
  0.39200000E+01  0.65397291E-09  0.50580805E-09
  0.39300000E+01  0.68888974E-09  0.54318535E-09
  0.39400000E+01  0.71992624E-09  0.58607084E-09
  0.39500000E+01  0.74104567E-09  0.63459115E-09
  0.39600000E+01  0.74440818E-09  0.68847389E-09
  0.39700000E+01  0.72075367E-09  0.74684251E-09
  0.39800000E+01  0.66043652E-09  0.80794477E-09
  0.39900000E+01  0.55520462E-09  0.86881893E-09
  0.40000000E+01  0.40054544E-09  0.92496296E-09
  0.40100000E+01  0.19806794E-09  0.97018287E-09
  0.40200000E+01 -0.42894009E-10  0.99686811E-09
  0.40300000E+01 -0.30529064E-09  0.99712888E-09
  0.40400000E+01 -0.56644297E-09  0.96514386E-09
  0.40500000E+01 -0.80197626E-09  0.90026257E-09
  0.40600000E+01 -0.99061426E-09  0.80893171E-09
  0.40700000E+01 -0.11184023E-08  0.70312621E-09
  0.40800000E+01 -0.11810498E-08  0.59566307E-09
  0.40900000E+01 -0.11837536E-08  0.49591078E-09
  0.41000000E+01 -0.11387806E-08  0.40849032E-09
  0.41100000E+01 -0.10618192E-08  0.33436792E-09
  0.41200000E+01 -0.96835522E-09  0.27253633E-09
  0.41300000E+01 -0.87105558E-09  0.22126375E-09
  0.41400000E+01 -0.77857171E-09  0.17876263E-09
  0.41500000E+01 -0.69561122E-09  0.14345561E-09
  0.41600000E+01 -0.62379406E-09  0.11402469E-09
  0.41700000E+01 -0.56276184E-09  0.89371701E-10
  0.41800000E+01 -0.51115837E-09  0.68574551E-10
  0.41900000E+01 -0.46731102E-09  0.50872183E-10
  0.42000000E+01 -0.42961042E-09  0.35664025E-10
  0.42100000E+01 -0.39667107E-09  0.22491546E-10
  0.42200000E+01 -0.36736903E-09  0.11010214E-10
  0.42300000E+01 -0.34082843E-09  0.96199021E-12
  0.42400000E+01 -0.31639527E-09 -0.78439248E-11
  0.42500000E+01 -0.29361176E-09 -0.15534948E-10
  0.42600000E+01 -0.27219005E-09 -0.22194949E-10
  0.42700000E+01 -0.25198046E-09 -0.27877820E-10
  0.42800000E+01 -0.23293105E-09 -0.32633345E-10
  0.42900000E+01 -0.21504073E-09 -0.36550805E-10
  0.43000000E+01 -0.19831259E-09 -0.39749108E-10
  0.43100000E+01 -0.18271665E-09 -0.42356279E-10
  0.43200000E+01 -0.16816918E-09 -0.44496394E-10
  0.43300000E+01 -0.15453209E-09 -0.46251556E-10
  0.43400000E+01 -0.14163004E-09 -0.47670872E-10
  0.43500000E+01 -0.12927942E-09 -0.48796736E-10
  0.43600000E+01 -0.11732104E-09 -0.49640669E-10
  0.43700000E+01 -0.10564812E-09 -0.50180182E-10
  0.43800000E+01 -0.94222859E-10 -0.50390576E-10
  0.43900000E+01 -0.83076713E-10 -0.50240756E-10
  0.44000000E+01 -0.72294062E-10 -0.49692679E-10
  0.44100000E+01 -0.61982863E-10 -0.48756859E-10
  0.44200000E+01 -0.52240090E-10 -0.47501997E-10
  0.44300000E+01 -0.43121353E-10 -0.46000226E-10
  0.44400000E+01 -0.34622755E-10 -0.44314230E-10
  0.44500000E+01 -0.26679220E-10 -0.42505706E-10
  0.44600000E+01 -0.19178794E-10 -0.40615537E-10
  0.44700000E+01 -0.11988487E-10 -0.38653827E-10
  0.44800000E+01 -0.49848889E-11 -0.36612243E-10
  0.44900000E+01  0.19178384E-11 -0.34472891E-10
  0.45000000E+01  0.87493013E-11 -0.32203699E-10
  0.45100000E+01  0.15478238E-10 -0.29755323E-10
  0.45200000E+01  0.22023378E-10 -0.27081363E-10
  0.45300000E+01  0.28277203E-10 -0.24177204E-10
  0.45400000E+01  0.34136267E-10 -0.21088819E-10
  0.45500000E+01  0.39529770E-10 -0.17877165E-10
  0.45600000E+01  0.44438737E-10 -0.14589536E-10
  0.45700000E+01  0.48901112E-10 -0.11265300E-10
  0.45800000E+01  0.53002206E-10 -0.79511842E-11
  0.45900000E+01  0.56853624E-10 -0.46795194E-11
  0.46000000E+01  0.60566279E-10 -0.14318427E-11
  0.46100000E+01  0.64224059E-10  0.18357741E-11
  0.46200000E+01  0.67864456E-10  0.51425135E-11
  0.46300000E+01  0.71470912E-10  0.84996460E-11
  0.46400000E+01  0.74979037E-10  0.11957456E-10
  0.46500000E+01  0.78295237E-10  0.15575250E-10
  0.46600000E+01  0.81322748E-10  0.19330232E-10
  0.46700000E+01  0.83987893E-10  0.23120988E-10
  0.46800000E+01  0.86259485E-10  0.26888492E-10
  0.46900000E+01  0.88156614E-10  0.30648987E-10
  0.47000000E+01  0.89743459E-10  0.34395177E-10
  0.47100000E+01  0.91113031E-10  0.38059358E-10
  0.47200000E+01  0.92364244E-10  0.41595331E-10
  0.47300000E+01  0.93578060E-10  0.45048803E-10
  0.47400000E+01  0.94798603E-10  0.48515739E-10
  0.47500000E+01  0.96023841E-10  0.52034489E-10
  0.47600000E+01  0.97208116E-10  0.55563461E-10
  0.47700000E+01  0.98275797E-10  0.59086951E-10
  0.47800000E+01  0.99142514E-10  0.62672428E-10
  0.47900000E+01  0.99738296E-10  0.66358364E-10
  0.48000000E+01  0.10002624E-09  0.70045576E-10
  0.48100000E+01  0.10001174E-09  0.73599538E-10
  0.48200000E+01  0.99740265E-10  0.77014668E-10
  0.48300000E+01  0.99285248E-10  0.80371909E-10
  0.48400000E+01  0.98729887E-10  0.83690691E-10
  0.48500000E+01  0.98147298E-10  0.86913340E-10
  0.48600000E+01  0.97583465E-10  0.89997189E-10
  0.48700000E+01  0.97047029E-10  0.92988026E-10
  0.48800000E+01  0.96508913E-10  0.96007831E-10
  0.48900000E+01  0.95912257E-10  0.99129240E-10
  0.49000000E+01  0.95189617E-10  0.10227204E-09
  0.49100000E+01  0.94281911E-10  0.10530847E-09
  0.49200000E+01  0.93153674E-10  0.10823992E-09
  0.49300000E+01  0.91801338E-10  0.11116023E-09
  0.49400000E+01  0.90253537E-10  0.11407247E-09
  0.49500000E+01  0.88563803E-10  0.11686383E-09
  0.49600000E+01  0.86797097E-10  0.11946243E-09
  0.49700000E+01  0.85013280E-10  0.12191190E-09
  0.49800000E+01  0.83252313E-10  0.12429613E-09
  0.49900000E+01  0.81525889E-10  0.12667331E-09
  0.50000000E+01  0.79817635E-10  0.12904916E-09
  0.50100000E+01  0.78090602E-10  0.13136548E-09
  0.50200000E+01  0.76298741E-10  0.13357505E-09
  0.50300000E+01  0.74399284E-10  0.13573068E-09
  0.50400000E+01  0.72363808E-10  0.13791001E-09
  0.50500000E+01  0.70185929E-10  0.14007281E-09
  0.50600000E+01  0.67883237E-10  0.14210077E-09
  0.50700000E+01  0.65492027E-10  0.14395379E-09
  0.50800000E+01  0.63056214E-10  0.14568778E-09
  0.50900000E+01  0.60614776E-10  0.14735039E-09
  0.51000000E+01  0.58192676E-10  0.14895334E-09
  0.51100000E+01  0.55797697E-10  0.15050971E-09
  0.51200000E+01  0.53422288E-10  0.15201050E-09
  0.51300000E+01  0.51047943E-10  0.15340793E-09
  0.51400000E+01  0.48650685E-10  0.15469823E-09
  0.51500000E+01  0.46207652E-10  0.15596193E-09
  0.51600000E+01  0.43704437E-10  0.15724597E-09
  0.51700000E+01  0.41140730E-10  0.15847785E-09
  0.51800000E+01  0.38530752E-10  0.15956382E-09
  0.51900000E+01  0.35897075E-10  0.16049802E-09
  0.52000000E+01  0.33260841E-10  0.16133126E-09
  0.52100000E+01  0.30634236E-10  0.16211240E-09
  0.52200000E+01  0.28019330E-10  0.16288578E-09
  0.52300000E+01  0.25412341E-10  0.16365784E-09
  0.52400000E+01  0.22808579E-10  0.16434269E-09
  0.52500000E+01  0.20204326E-10  0.16483824E-09
  0.52600000E+01  0.17596520E-10  0.16518760E-09
  0.52700000E+01  0.14983987E-10  0.16555931E-09
  0.52800000E+01  0.12371705E-10  0.16602147E-09
  0.52900000E+01  0.97742359E-11  0.16643679E-09
  0.53000000E+01  0.72124577E-11  0.16663664E-09
  0.53100000E+01  0.47025390E-11  0.16661698E-09
  0.53200000E+01  0.22440961E-11  0.16652592E-09
  0.53300000E+01 -0.18258000E-12  0.16651855E-09
  0.53400000E+01 -0.26066362E-11  0.16663370E-09
  0.53500000E+01 -0.50510530E-11  0.16675401E-09
  0.53600000E+01 -0.75229564E-11  0.16667685E-09
  0.53700000E+01 -0.10015298E-10  0.16630716E-09
  0.53800000E+01 -0.12514239E-10  0.16581049E-09
  0.53900000E+01 -0.15002066E-10  0.16546114E-09
  0.54000000E+01 -0.17452681E-10  0.16529760E-09
  0.54100000E+01 -0.19828278E-10  0.16504657E-09
  0.54200000E+01 -0.22088464E-10  0.16443631E-09
  0.54300000E+01 -0.24211983E-10  0.16351253E-09
  0.54400000E+01 -0.26216161E-10  0.16260057E-09
  0.54500000E+01 -0.28156173E-10  0.16198001E-09
  0.54600000E+01 -0.30100566E-10  0.16162678E-09
  0.54700000E+01 -0.32099297E-10  0.16125116E-09
  0.54800000E+01 -0.34166796E-10  0.16054802E-09
  0.54900000E+01 -0.36288524E-10  0.15946407E-09
  0.55000000E+01 -0.38438142E-10  0.15828617E-09
  0.55100000E+01 -0.40585012E-10  0.15738252E-09
  0.55200000E+01 -0.42686002E-10  0.15677947E-09
  0.55300000E+01 -0.44677250E-10  0.15608249E-09
  0.55400000E+01 -0.46487077E-10  0.15488544E-09
  0.55500000E+01 -0.48072389E-10  0.15322691E-09
  0.55600000E+01 -0.49454248E-10  0.15159415E-09
  0.55700000E+01 -0.50720971E-10  0.15045108E-09
  0.55800000E+01 -0.51989555E-10  0.14979239E-09
  0.55900000E+01 -0.53350255E-10  0.14917537E-09
  0.56000000E+01 -0.54833308E-10  0.14813197E-09
  0.56100000E+01 -0.56416938E-10  0.14656661E-09
  0.56200000E+01 -0.58059476E-10  0.14484271E-09
  0.56300000E+01 -0.59720031E-10  0.14345959E-09
  0.56400000E+01 -0.61349382E-10  0.14254874E-09
  0.56500000E+01 -0.62869044E-10  0.14169161E-09
  0.56600000E+01 -0.64175131E-10  0.14029921E-09
  0.56700000E+01 -0.65183549E-10  0.13821817E-09
  0.56800000E+01 -0.65890620E-10  0.13595612E-09
  0.56900000E+01 -0.66398877E-10  0.13423622E-09
  0.57000000E+01 -0.66878173E-10  0.13330581E-09
  0.57100000E+01 -0.67482913E-10  0.13272201E-09
  0.57200000E+01 -0.68282998E-10  0.13177778E-09
  0.57300000E+01 -0.69254631E-10  0.13011271E-09
  0.57400000E+01 -0.70326434E-10  0.12800510E-09
  0.57500000E+01 -0.71431569E-10  0.12611386E-09
  0.57600000E+01 -0.72518566E-10  0.12486227E-09
  0.57700000E+01 -0.73520284E-10  0.12402144E-09
  0.57800000E+01 -0.74327552E-10  0.12289007E-09
  0.57900000E+01 -0.74815136E-10  0.12093096E-09
  0.58000000E+01 -0.74918567E-10  0.11833592E-09
  0.58100000E+01 -0.74704651E-10  0.11594673E-09
  0.58200000E+01 -0.74369757E-10  0.11450098E-09
  0.58300000E+01 -0.74151436E-10  0.11394653E-09
  0.58400000E+01 -0.74209052E-10  0.11350862E-09
  0.58500000E+01 -0.74556755E-10  0.11236913E-09
  0.58600000E+01 -0.75090966E-10  0.11033743E-09
  0.58700000E+01 -0.75678761E-10  0.10799188E-09
  0.58800000E+01 -0.76228550E-10  0.10615203E-09
  0.58900000E+01 -0.76689412E-10  0.10512560E-09
  0.59000000E+01 -0.76997468E-10  0.10443466E-09
  0.59100000E+01 -0.77041000E-10  0.10323357E-09
  0.59200000E+01 -0.76700550E-10  0.10105631E-09
  0.59300000E+01 -0.75947410E-10  0.98317421E-10
  0.59400000E+01 -0.74918567E-10  0.96046748E-10
  0.59500000E+01 -0.73890113E-10  0.94977929E-10
  0.59600000E+01 -0.73146886E-10  0.94881166E-10
  0.59700000E+01 -0.72832186E-10  0.94771855E-10
  0.59800000E+01 -0.72883468E-10  0.93720874E-10
  0.59900000E+01 -0.73096189E-10  0.91589598E-10
  0.60000000E+01 -0.73259511E-10  0.89134965E-10
