# EM2 A: QE (bands + bands.x lp) vs Wannier, per k. P_TO_HV = 14.3996454785 eV A per hbar/bohr
# ik set hw theta(deg) eps_pi^QE-E_D eps_pi*^QE-E_D (eV) d_eps_pi d_eps_pi* (meV, QE-W) |hv_cv|_QE |hv_cv|_full |hv_cv|_centres |hv_cv|_noberry (eV A) |hv^z_cv|_QE rel_full rel_centres rel_noberry
  1 ring  2.33    0.000  -1.187572   1.142433   -0.003    0.002   5.31883   5.31830   5.18376   5.22505 0.0e+00 -0.00010 -0.02539 -0.01763
  2 ring  2.33    7.500  -1.180607   1.149373   -0.003   -0.023   4.84430   4.84360   4.71801   5.00886 0.0e+00 -0.00015 -0.02607 +0.03397
  3 ring  2.33   15.000  -1.175905   1.154087   -0.011   -0.019   4.49235   4.49155   4.37249   4.92375 0.0e+00 -0.00018 -0.02668 +0.09603
  4 ring  2.33   22.500  -1.173206   1.156802   -0.013   -0.005   4.27602   4.27525   4.16015   4.96523 0.0e+00 -0.00018 -0.02710 +0.16118
  5 ring  2.33   30.000  -1.172322   1.157682   -0.003    0.001   4.20301   4.20224   4.08845   5.12332 0.0e+00 -0.00018 -0.02726 +0.21896
  6 ring  2.33   37.500  -1.173189   1.156785    0.016   -0.010   4.27604   4.27523   4.16009   5.38792 0.0e+00 -0.00019 -0.02712 +0.26003
  7 ring  2.33   45.000  -1.175881   1.154064    0.029   -0.026   4.49236   4.49164   4.37253   5.75113 0.0e+00 -0.00016 -0.02667 +0.28020
  8 ring  2.33   52.500  -1.180591   1.149357    0.024   -0.027   4.84431   4.84393   4.71830   6.20711 0.0e+00 -0.00008 -0.02601 +0.28132
  9 ring  2.33   60.000  -1.187568   1.142429    0.005    0.002   5.31883   5.31881   5.18428   6.74865 0.0e+00 -0.00000 -0.02530 +0.26882
 10 ring  2.33   67.500  -1.196925   1.133132   -0.005    0.052   5.89105   5.89087   5.74542   7.35812 0.0e+00 -0.00003 -0.02472 +0.24903
 11 ring  2.33   75.000  -1.208088   1.121989    0.008    0.085   6.50342   6.50243   6.34513   7.98591 0.0e+00 -0.00015 -0.02434 +0.22796
 12 ring  2.33   82.500  -1.218566   1.111496    0.019    0.082   7.02509   7.02331   6.85585   8.51042 0.0e+00 -0.00025 -0.02409 +0.21143
 13 ring  2.33   90.000  -1.223197   1.106857    0.017    0.071   7.24209   7.24004   7.06836   8.72692 0.0e+00 -0.00028 -0.02399 +0.20503
 14 ring  2.33   97.500  -1.218566   1.111496    0.019    0.082   7.02509   7.02331   6.85585   8.51042 0.0e+00 -0.00025 -0.02409 +0.21143
 15 ring  2.33  105.000  -1.208088   1.121989    0.008    0.085   6.50342   6.50243   6.34513   7.98591 0.0e+00 -0.00015 -0.02434 +0.22796
 16 ring  2.33  112.500  -1.196925   1.133132   -0.005    0.052   5.89105   5.89087   5.74542   7.35812 0.0e+00 -0.00003 -0.02472 +0.24903
 17 ring  2.33  120.000  -1.187568   1.142429    0.005    0.002   5.31883   5.31881   5.18428   6.74865 0.0e+00 -0.00000 -0.02530 +0.26882
 18 ring  2.33  127.500  -1.180591   1.149357    0.024   -0.027   4.84431   4.84393   4.71830   6.20711 0.0e+00 -0.00008 -0.02601 +0.28132
 19 ring  2.33  135.000  -1.175881   1.154064    0.029   -0.026   4.49236   4.49164   4.37253   5.75113 0.0e+00 -0.00016 -0.02667 +0.28020
 20 ring  2.33  142.500  -1.173189   1.156785    0.016   -0.010   4.27604   4.27523   4.16009   5.38792 0.0e+00 -0.00019 -0.02712 +0.26003
 21 ring  2.33  150.000  -1.172322   1.157682   -0.003    0.001   4.20301   4.20224   4.08845   5.12332 0.0e+00 -0.00018 -0.02726 +0.21896
 22 ring  2.33  157.500  -1.173206   1.156802   -0.013   -0.005   4.27602   4.27525   4.16015   4.96523 0.0e+00 -0.00018 -0.02710 +0.16118
 23 ring  2.33  165.000  -1.175905   1.154087   -0.011   -0.019   4.49235   4.49155   4.37249   4.92375 0.0e+00 -0.00018 -0.02668 +0.09603
 24 ring  2.33  172.500  -1.180607   1.149373   -0.003   -0.023   4.84430   4.84360   4.71801   5.00886 0.0e+00 -0.00015 -0.02607 +0.03397
 25 ring  2.33  180.000  -1.187572   1.142433   -0.003    0.002   5.31883   5.31830   5.18376   5.22505 0.0e+00 -0.00010 -0.02539 -0.01763
 26 ring  2.33  187.500  -1.196927   1.133134   -0.010    0.051   5.89105   5.89041   5.74492   5.56093 0.0e+00 -0.00011 -0.02480 -0.05604
 27 ring  2.33  195.000  -1.208100   1.121999   -0.010    0.088   6.50343   6.50216   6.34481   5.96764 0.0e+00 -0.00019 -0.02439 -0.08239
 28 ring  2.33  202.500  -1.218578   1.111506    0.005    0.089   7.02511   7.02330   6.85575   6.31963 0.0e+00 -0.00026 -0.02411 -0.10042
 29 ring  2.33  210.000  -1.223203   1.106861    0.018    0.082   7.24210   7.24049   7.06871   6.40263 0.0e+00 -0.00022 -0.02394 -0.11592
 30 ring  2.33  217.500  -1.218570   1.111500    0.011    0.081   7.02510   7.02391   6.85643   6.07465 0.0e+00 -0.00017 -0.02401 -0.13529
 31 ring  2.33  225.000  -1.208082   1.121984   -0.003    0.062   6.50342   6.50240   6.34514   5.44459 0.0e+00 -0.00016 -0.02434 -0.16281
 32 ring  2.33  232.500  -1.196913   1.133122   -0.005    0.030   5.89105   5.89026   5.74485   4.71210 0.0e+00 -0.00013 -0.02482 -0.20013
 33 ring  2.33  240.000  -1.187572   1.142432    0.000    0.004   5.31883   5.31831   5.18377   4.00311 0.0e+00 -0.00010 -0.02539 -0.24737
 34 ring  2.33  247.500  -1.180612   1.149378    0.003   -0.007   4.84430   4.84374   4.71808   3.37880 0.0e+00 -0.00012 -0.02606 -0.30252
 35 ring  2.33  255.000  -1.175905   1.154087    0.002   -0.005   4.49234   4.49138   4.37225   2.87904 0.0e+00 -0.00021 -0.02673 -0.35912
 36 ring  2.33  262.500  -1.173202   1.156798   -0.001   -0.001   4.27603   4.27457   4.15943   2.54704 0.0e+00 -0.00034 -0.02727 -0.40434
 37 ring  2.33  270.000  -1.172322   1.157682   -0.002    0.002   4.20301   4.20135   4.08755   2.42899 0.0e+00 -0.00040 -0.02747 -0.42208
 38 ring  2.33  277.500  -1.173202   1.156798   -0.001   -0.001   4.27603   4.27457   4.15943   2.54704 0.0e+00 -0.00034 -0.02727 -0.40434
 39 ring  2.33  285.000  -1.175905   1.154087    0.002   -0.005   4.49234   4.49138   4.37225   2.87904 0.0e+00 -0.00021 -0.02673 -0.35912
 40 ring  2.33  292.500  -1.180612   1.149378    0.003   -0.007   4.84430   4.84374   4.71808   3.37880 0.0e+00 -0.00012 -0.02606 -0.30252
 41 ring  2.33  300.000  -1.187572   1.142432    0.000    0.004   5.31883   5.31831   5.18377   4.00311 0.0e+00 -0.00010 -0.02539 -0.24737
 42 ring  2.33  307.500  -1.196913   1.133122   -0.005    0.030   5.89105   5.89026   5.74485   4.71210 0.0e+00 -0.00013 -0.02482 -0.20013
 43 ring  2.33  315.000  -1.208082   1.121984   -0.003    0.062   6.50342   6.50240   6.34514   5.44459 0.0e+00 -0.00016 -0.02434 -0.16281
 44 ring  2.33  322.500  -1.218570   1.111500    0.011    0.081   7.02510   7.02391   6.85643   6.07465 0.0e+00 -0.00017 -0.02401 -0.13529
 45 ring  2.33  330.000  -1.223203   1.106861    0.018    0.082   7.24210   7.24049   7.06871   6.40263 0.0e+00 -0.00022 -0.02394 -0.11592
 46 ring  2.33  337.500  -1.218578   1.111506    0.005    0.089   7.02511   7.02330   6.85575   6.31963 0.0e+00 -0.00026 -0.02411 -0.10042
 47 ring  2.33  345.000  -1.208100   1.121999   -0.010    0.088   6.50343   6.50216   6.34481   5.96764 0.0e+00 -0.00019 -0.02439 -0.08239
 48 ring  2.33  352.500  -1.196927   1.133134   -0.010    0.051   5.89105   5.89041   5.74492   5.56093 0.0e+00 -0.00011 -0.02480 -0.05604
 49 ring  1.96    0.000  -0.996471   0.963551   -0.021    0.001   5.36293   5.36279   5.26551   5.29136 0.0e+00 -0.00003 -0.01817 -0.01335
 50 ring  1.96   30.000  -0.986744   0.973235    0.033    0.013   4.37717   4.37656   4.29274   5.13465 0.0e+00 -0.00014 -0.01929 +0.17305
 51 ring  1.96   60.000  -0.996440   0.963521    0.030   -0.009   5.36294   5.36295   5.26569   6.56905 0.0e+00 +0.00000 -0.01813 +0.22490
 52 ring  1.96   90.000  -1.016133   0.943892    0.024    0.049   6.92225   6.91983   6.80048   8.19566 0.0e+00 -0.00035 -0.01759 +0.18396
 53 ring  1.96  120.000  -0.996440   0.963521    0.030   -0.009   5.36294   5.36295   5.26569   6.56905 0.0e+00 +0.00000 -0.01813 +0.22490
 54 ring  1.96  150.000  -0.986744   0.973235    0.033    0.013   4.37717   4.37656   4.29274   5.13465 0.0e+00 -0.00014 -0.01929 +0.17305
 55 ring  1.96  180.000  -0.996471   0.963551   -0.021    0.001   5.36293   5.36279   5.26551   5.29136 0.0e+00 -0.00003 -0.01817 -0.01335
 56 ring  1.96  210.000  -1.016147   0.943904    0.004    0.055   6.92227   6.92037   6.80099   6.22177 0.0e+00 -0.00027 -0.01752 -0.10119
 57 ring  1.96  240.000  -0.996466   0.963546    0.004    0.016   5.36293   5.36304   5.26573   4.22706 0.0e+00 +0.00002 -0.01813 -0.21180
 58 ring  1.96  270.000  -0.986744   0.973235    0.022    0.002   4.37717   4.37533   4.29154   2.89635 0.0e+00 -0.00042 -0.01956 -0.33831
 59 ring  1.96  300.000  -0.996466   0.963546    0.004    0.016   5.36293   5.36304   5.26573   4.22706 0.0e+00 +0.00002 -0.01813 -0.21180
 60 ring  1.96  330.000  -1.016147   0.943904    0.004    0.055   6.92227   6.92037   6.80099   6.22177 0.0e+00 -0.00027 -0.01752 -0.10119
 61 ring  2.54    0.000  -1.296278   1.243692    0.014   -0.016   5.29045   5.28968   5.13204   5.18480 0.0e+00 -0.00014 -0.02994 -0.01997
 62 ring  2.54   30.000  -1.277299   1.262732   -0.025    0.007   4.10801   4.10716   3.97501   5.12421 0.0e+00 -0.00021 -0.03237 +0.24737
 63 ring  2.54   60.000  -1.296293   1.243707   -0.012   -0.012   5.29044   5.29020   5.13254   6.84640 0.0e+00 -0.00005 -0.02985 +0.29411
 64 ring  2.54   90.000  -1.344497   1.195521   -0.034   -0.016   7.42973   7.42844   7.22303   9.03108 0.0e+00 -0.00017 -0.02782 +0.21553
 65 ring  2.54  120.000  -1.296293   1.243707   -0.012   -0.012   5.29044   5.29020   5.13254   6.84640 0.0e+00 -0.00005 -0.02985 +0.29411
 66 ring  2.54  150.000  -1.277299   1.262732   -0.025    0.007   4.10801   4.10716   3.97501   5.12421 0.0e+00 -0.00021 -0.03237 +0.24737
 67 ring  2.54  180.000  -1.296278   1.243692    0.014   -0.016   5.29045   5.28968   5.13204   5.18480 0.0e+00 -0.00014 -0.02994 -0.01997
 68 ring  2.54  210.000  -1.344476   1.195506    0.017   -0.002   7.42970   7.42854   7.22302   6.51019 0.0e+00 -0.00016 -0.02782 -0.12376
 69 ring  2.54  240.000  -1.296281   1.243695   -0.002   -0.025   5.29045   5.28946   5.13183   3.88175 0.0e+00 -0.00019 -0.02998 -0.26627
 70 ring  2.54  270.000  -1.277297   1.262730   -0.016    0.011   4.10801   4.10658   3.97440   2.16635 0.0e+00 -0.00035 -0.03252 -0.47265
 71 ring  2.54  300.000  -1.296281   1.243695   -0.002   -0.025   5.29045   5.28946   5.13183   3.88175 0.0e+00 -0.00019 -0.02998 -0.26627
 72 ring  2.54  330.000  -1.344476   1.195506    0.017   -0.002   7.42970   7.42854   7.22302   6.51019 0.0e+00 -0.00016 -0.02782 -0.12376
 73 dirac 0.00    0.000  -0.027363   0.027335   -0.000    0.003   5.46972   5.46883   5.46875   5.46877 0.0e+00 -0.00016 -0.00018 -0.00017
 74 dirac 0.00   30.000  -0.027450   0.027423   -0.001    0.004   5.43476   5.43402   5.43394   5.45357 0.0e+00 -0.00014 -0.00015 +0.00346
 75 dirac 0.00   60.000  -0.027363   0.027335   -0.003    0.005   5.46972   5.46920   5.46912   5.50293 0.0e+00 -0.00009 -0.00011 +0.00607
 76 dirac 0.00   90.000  -0.027275   0.027247   -0.003    0.006   5.50490   5.50449   5.50441   5.54321 0.0e+00 -0.00007 -0.00009 +0.00696
 77 dirac 0.00  120.000  -0.027363   0.027335   -0.003    0.005   5.46972   5.46920   5.46912   5.50293 0.0e+00 -0.00009 -0.00011 +0.00607
 78 dirac 0.00  150.000  -0.027450   0.027423   -0.001    0.004   5.43476   5.43402   5.43394   5.45357 0.0e+00 -0.00014 -0.00015 +0.00346
 79 dirac 0.00  180.000  -0.027363   0.027335   -0.000    0.003   5.46972   5.46883   5.46875   5.46877 0.0e+00 -0.00016 -0.00018 -0.00017
 80 dirac 0.00  210.000  -0.027275   0.027247   -0.001    0.003   5.50490   5.50414   5.50406   5.48476 0.0e+00 -0.00014 -0.00015 -0.00366
 81 dirac 0.00  240.000  -0.027363   0.027335   -0.002    0.005   5.46972   5.46929   5.46921   5.43559 0.0e+00 -0.00008 -0.00009 -0.00624
 82 dirac 0.00  270.000  -0.027450   0.027423   -0.003    0.006   5.43476   5.43450   5.43442   5.39537 0.0e+00 -0.00005 -0.00006 -0.00725
 83 dirac 0.00  300.000  -0.027363   0.027335   -0.002    0.005   5.46972   5.46929   5.46921   5.43559 0.0e+00 -0.00008 -0.00009 -0.00624
 84 dirac 0.00  330.000  -0.027275   0.027247   -0.001    0.003   5.50490   5.50414   5.50406   5.48476 0.0e+00 -0.00014 -0.00015 -0.00366
