! R7c — relax (cellule fixe) de la supercellule 21x21 avec lacune, nspin=1
! dérivé de super_cell/21x21/defective/scf.in (R7) ; géométrie initiale = champ de déplacements de la 12x12 relaxée (R2 nspin1) transplanté par inversion (lacune B -> A), R_cut = 14.5 A, 225 atomes déplacés ; voisins [441, 440, 400]

&CONTROL
  calculation = 'relax'     ! ions relaxés, cellule fixe
  prefix      = 'vac_21x21_relax_nspin1'
  outdir      = '/home/gregb26/links/scratch/qe_tmp/vacancy_relaxed/series/21x21/nspin1'
  forc_conv_thr = 1.0d-4
  etot_conv_thr = 1.0d-5
  nstep       = 200
  tprnfor     = .true.
  pseudo_dir  = '/home/gregb26/links/projects/rrg-cotemich-ac/gregb26/abinit_processing/pseudo' ! directory of pseudo potentials
/
&SYSTEM
  ibrav       = 0        ! specified by CELL_PARAMETERS
  nat         = 881       ! number of atoms (881 = 2 x 21 x 21 - 1 vacancy)
  ntyp        = 1        ! number of atom types
  ecutwfc     = 100      ! PW energy cutoff in Ry (1 Ha = 2 Ry)
  occupations = 'smearing'
  smearing    = 'mv'     ! Marzari-Vanderbilt cold smearing
  degauss     = 0.01     ! value of gaussian smearing in Ry
  nbnd        = 1854      ! 3524 valence electrons -> 1762 occupied; adjust as needed
  assume_isolated = '2D' ! helps for 2d systems
  nosym       = .true.
  noinv       = .true.
/
&ELECTRONS
  electron_maxstep =  400   ! number of iterations in SCF step
  conv_thr         =  1.d-10 ! convergence threshold for self-consistency
  mixing_beta      =  0.3
/

&IONS
  ion_dynamics = 'bfgs'
/

ATOMIC_SPECIES
  C 12.011 C.upf ! atom type and pseudo potential


CELL_PARAMETERS bohr
  84.7453300281  -48.9277391043   0.0000000000
  84.7453300281   48.9277391043   0.0000000000
   0.0000000000             0.0000000000            30.0000000000

ATOMIC_POSITIONS crystal
  C  0.0158730159  0.0158730159  0.0000000000
  C  0.0317460317  0.0317460317  0.0000000000
  C  0.0158730159  0.0634920635  0.0000000000
  C  0.0317460317  0.0793650794  0.0000000000
  C  0.0158730159  0.1111111111  0.0000000000
  C  0.0317460317  0.1269841270  0.0000000000
  C  0.0158730159  0.1587301587  0.0000000000
  C  0.0317460317  0.1746031746  0.0000000000
  C  0.0158730159  0.2063492063  0.0000000000
  C  0.0317460317  0.2222222222  0.0000000000
  C  0.0158730159  0.2539682540  0.0000000000
  C  0.0317460317  0.2698412698  0.0000000000
  C  0.0158730159  0.3015873016  0.0000000000
  C  0.0317460317  0.3174603175  0.0000000000
  C  0.0158730159  0.3492063492  0.0000000000
  C  0.0317460317  0.3650793651  0.0000000000
  C  0.0158730159  0.3968253968  0.0000000000
  C  0.0317460317  0.4126984127  0.0000000000
  C  0.0158730159  0.4444444444  0.0000000000
  C  0.0317460317  0.4603174603  0.0000000000
  C  0.0158730159  0.4920634921  0.0000000000
  C  0.0317460317  0.5079365079  0.0000000000
  C  0.0158730159  0.5396825397  0.0000000000
  C  0.0317460317  0.5555555556  0.0000000000
  C  0.0158730159  0.5873015873  0.0000000000
  C  0.0317460317  0.6031746032  0.0000000000
  C  0.0158730159  0.6349206349  0.0000000000
  C  0.0317460317  0.6507936508  0.0000000000
  C  0.0158730159  0.6825396825  0.0000000000
  C  0.0317460317  0.6984126984  0.0000000000
  C  0.0158730159  0.7301587302  0.0000000000
  C  0.0317460317  0.7460317460  0.0000000000
  C  0.0158730159  0.7777777778  0.0000000000
  C  0.0317460317  0.7936507937  0.0000000000
  C  0.0158730159  0.8253968254  0.0000000000
  C  0.0317460317  0.8412698413  0.0000000000
  C  0.0158730159  0.8730158730  0.0000000000
  C  0.0317460317  0.8888888889  0.0000000000
  C  0.0158730159  0.9206349206  0.0000000000
  C  0.0317460317  0.9365079365  0.0000000000
  C  0.0158730159  0.9682539683  0.0000000000
  C  0.0317460317  0.9841269841  0.0000000000
  C  0.0634920635  0.0158730159  0.0000000000
  C  0.0793650794  0.0317460317  0.0000000000
  C  0.0634920635  0.0634920635  0.0000000000
  C  0.0793650794  0.0793650794  0.0000000000
  C  0.0634920635  0.1111111111  0.0000000000
  C  0.0793650794  0.1269841270  0.0000000000
  C  0.0634920635  0.1587301587  0.0000000000
  C  0.0793650794  0.1746031746  0.0000000000
  C  0.0634920635  0.2063492063  0.0000000000
  C  0.0793650794  0.2222222222  0.0000000000
  C  0.0634920635  0.2539682540  0.0000000000
  C  0.0793650794  0.2698412698  0.0000000000
  C  0.0634920635  0.3015873016  0.0000000000
  C  0.0793650794  0.3174603175  0.0000000000
  C  0.0634920635  0.3492063492  0.0000000000
  C  0.0793650794  0.3650793651  0.0000000000
  C  0.0634920635  0.3968253968  0.0000000000
  C  0.0793650794  0.4126984127  0.0000000000
  C  0.0634920635  0.4444444444  0.0000000000
  C  0.0793650794  0.4603174603  0.0000000000
  C  0.0634920635  0.4920634921  0.0000000000
  C  0.0793650794  0.5079365079  0.0000000000
  C  0.0634920635  0.5396825397  0.0000000000
  C  0.0793650794  0.5555555556  0.0000000000
  C  0.0634920635  0.5873015873  0.0000000000
  C  0.0793650794  0.6031746032  0.0000000000
  C  0.0634920635  0.6349206349  0.0000000000
  C  0.0793650794  0.6507936508  0.0000000000
  C  0.0634920635  0.6825396825  0.0000000000
  C  0.0793650794  0.6984126984  0.0000000000
  C  0.0634920635  0.7301587302  0.0000000000
  C  0.0793650794  0.7460317460  0.0000000000
  C  0.0634920635  0.7777777778  0.0000000000
  C  0.0793650794  0.7936507937  0.0000000000
  C  0.0634920635  0.8253968254  0.0000000000
  C  0.0793650794  0.8412698413  0.0000000000
  C  0.0634920635  0.8730158730  0.0000000000
  C  0.0793650794  0.8888888889  0.0000000000
  C  0.0634920635  0.9206349206  0.0000000000
  C  0.0793650794  0.9365079365  0.0000000000
  C  0.0634920635  0.9682539683  0.0000000000
  C  0.0793650794  0.9841269841  0.0000000000
  C  0.1111111111  0.0158730159  0.0000000000
  C  0.1269841270  0.0317460317  0.0000000000
  C  0.1111111111  0.0634920635  0.0000000000
  C  0.1269841270  0.0793650794  0.0000000000
  C  0.1111111111  0.1111111111  0.0000000000
  C  0.1269841270  0.1269841270  0.0000000000
  C  0.1111111111  0.1587301587  0.0000000000
  C  0.1269841270  0.1746031746  0.0000000000
  C  0.1111111111  0.2063492063  0.0000000000
  C  0.1269841270  0.2222222222  0.0000000000
  C  0.1111111111  0.2539682540  0.0000000000
  C  0.1269841270  0.2698412698  0.0000000000
  C  0.1111111111  0.3015873016  0.0000000000
  C  0.1269841270  0.3174603175  0.0000000000
  C  0.1111111111  0.3492063492  0.0000000000
  C  0.1269841270  0.3650793651  0.0000000000
  C  0.1111111111  0.3968253968  0.0000000000
  C  0.1269841270  0.4126984127  0.0000000000
  C  0.1111111111  0.4444444444  0.0000000000
  C  0.1269841270  0.4603174603  0.0000000000
  C  0.1111111111  0.4920634921  0.0000000000
  C  0.1269841270  0.5079365079  0.0000000000
  C  0.1111111111  0.5396825397  0.0000000000
  C  0.1269841270  0.5555555556  0.0000000000
  C  0.1111111111  0.5873015873  0.0000000000
  C  0.1269841270  0.6031746032  0.0000000000
  C  0.1111111111  0.6349206349  0.0000000000
  C  0.1269841270  0.6507936508  0.0000000000
  C  0.1111111111  0.6825396825  0.0000000000
  C  0.1269841270  0.6984126984  0.0000000000
  C  0.1111111111  0.7301587302  0.0000000000
  C  0.1269841270  0.7460317460  0.0000000000
  C  0.1111111111  0.7777777778  0.0000000000
  C  0.1269841270  0.7936507937  0.0000000000
  C  0.1111111111  0.8253968254  0.0000000000
  C  0.1269841270  0.8412698413  0.0000000000
  C  0.1111111111  0.8730158730  0.0000000000
  C  0.1269841270  0.8888888889  0.0000000000
  C  0.1111111111  0.9206349206  0.0000000000
  C  0.1269841270  0.9365079365  0.0000000000
  C  0.1111111111  0.9682539683  0.0000000000
  C  0.1269841270  0.9841269841  0.0000000000
  C  0.1587301587  0.0158730159  0.0000000000
  C  0.1746031746  0.0317460317  0.0000000000
  C  0.1587301587  0.0634920635  0.0000000000
  C  0.1746031746  0.0793650794  0.0000000000
  C  0.1587301587  0.1111111111  0.0000000000
  C  0.1746031746  0.1269841270  0.0000000000
  C  0.1587301587  0.1587301587  0.0000000000
  C  0.1746031746  0.1746031746  0.0000000000
  C  0.1587301587  0.2063492063  0.0000000000
  C  0.1746031746  0.2222222222  0.0000000000
  C  0.1587301587  0.2539682540  0.0000000000
  C  0.1746031746  0.2698412698  0.0000000000
  C  0.1587301587  0.3015873016  0.0000000000
  C  0.1746031746  0.3174603175  0.0000000000
  C  0.1587301587  0.3492063492  0.0000000000
  C  0.1746031746  0.3650793651  0.0000000000
  C  0.1587301587  0.3968253968  0.0000000000
  C  0.1746031746  0.4126984127  0.0000000000
  C  0.1587301587  0.4444444444  0.0000000000
  C  0.1746031746  0.4603174603  0.0000000000
  C  0.1587301587  0.4920634921  0.0000000000
  C  0.1746031746  0.5079365079  0.0000000000
  C  0.1587301587  0.5396825397  0.0000000000
  C  0.1746031746  0.5555555556  0.0000000000
  C  0.1587301587  0.5873015873  0.0000000000
  C  0.1746031746  0.6031746032  0.0000000000
  C  0.1587301587  0.6349206349  0.0000000000
  C  0.1746031746  0.6507936508  0.0000000000
  C  0.1587301587  0.6825396825  0.0000000000
  C  0.1746031746  0.6984126984  0.0000000000
  C  0.1587301587  0.7301587302  0.0000000000
  C  0.1746031746  0.7460317460  0.0000000000
  C  0.1587301587  0.7777777778  0.0000000000
  C  0.1746031746  0.7936507937  0.0000000000
  C  0.1587301587  0.8253968254  0.0000000000
  C  0.1746031746  0.8412698413  0.0000000000
  C  0.1587301587  0.8730158730  0.0000000000
  C  0.1746031746  0.8888888889  0.0000000000
  C  0.1587301587  0.9206349206  0.0000000000
  C  0.1746031746  0.9365079365  0.0000000000
  C  0.1587301587  0.9682539683  0.0000000000
  C  0.1746031746  0.9841269841  0.0000000000
  C  0.2063492063  0.0158730159  0.0000000000
  C  0.2222222222  0.0317460317  0.0000000000
  C  0.2063492063  0.0634920635  0.0000000000
  C  0.2222222222  0.0793650794  0.0000000000
  C  0.2063492063  0.1111111111  0.0000000000
  C  0.2222222222  0.1269841270  0.0000000000
  C  0.2063492063  0.1587301587  0.0000000000
  C  0.2222222222  0.1746031746  0.0000000000
  C  0.2063492063  0.2063492063  0.0000000000
  C  0.2222222222  0.2222222222  0.0000000000
  C  0.2063492063  0.2539682540  0.0000000000
  C  0.2222222222  0.2698412698  0.0000000000
  C  0.2063492063  0.3015873016  0.0000000000
  C  0.2222222222  0.3174603175  0.0000000000
  C  0.2063492063  0.3492063492  0.0000000000
  C  0.2222222222  0.3650793651  0.0000000000
  C  0.2063492063  0.3968253968  0.0000000000
  C  0.2222222222  0.4126984127  0.0000000000
  C  0.2063492063  0.4444444444  0.0000000000
  C  0.2222222222  0.4603174603  0.0000000000
  C  0.2063492063  0.4920634921  0.0000000000
  C  0.2221390893  0.5079803238  0.0000000011
  C  0.2061847969  0.5397454908  0.0000000010
  C  0.2219800540  0.5556621372  0.0000000008
  C  0.2060822095  0.5874103478  0.0000000009
  C  0.2219078392  0.6033275862  0.0000000002
  C  0.2060534272  0.6350685243  0.0000000003
  C  0.2219078393  0.6509550501  0.9999999997
  C  0.2060822094  0.6826979188  0.0000000003
  C  0.2219800542  0.6985482845  0.9999999992
  C  0.2061847971  0.7302601883  0.9999999998
  C  0.2221390894  0.7460710632  0.9999999993
  C  0.2063492063  0.7777777778  0.0000000000
  C  0.2222222222  0.7936507937  0.0000000000
  C  0.2063492063  0.8253968254  0.0000000000
  C  0.2222222222  0.8412698413  0.0000000000
  C  0.2063492063  0.8730158730  0.0000000000
  C  0.2222222222  0.8888888889  0.0000000000
  C  0.2063492063  0.9206349206  0.0000000000
  C  0.2222222222  0.9365079365  0.0000000000
  C  0.2063492063  0.9682539683  0.0000000000
  C  0.2222222222  0.9841269841  0.0000000000
  C  0.2539682540  0.0158730159  0.0000000000
  C  0.2698412698  0.0317460317  0.0000000000
  C  0.2539682540  0.0634920635  0.0000000000
  C  0.2698412698  0.0793650794  0.0000000000
  C  0.2539682540  0.1111111111  0.0000000000
  C  0.2698412698  0.1269841270  0.0000000000
  C  0.2539682540  0.1587301587  0.0000000000
  C  0.2698412698  0.1746031746  0.0000000000
  C  0.2539682540  0.2063492063  0.0000000000
  C  0.2698412698  0.2222222222  0.0000000000
  C  0.2539682540  0.2539682540  0.0000000000
  C  0.2698412698  0.2698412698  0.0000000000
  C  0.2539682540  0.3015873016  0.0000000000
  C  0.2698412698  0.3174603175  0.0000000000
  C  0.2539682540  0.3492063492  0.0000000000
  C  0.2698412698  0.3650793651  0.0000000000
  C  0.2539682540  0.3968253968  0.0000000000
  C  0.2699931033  0.4126810277  0.0000000007
  C  0.2540469084  0.4444476665  0.0000000010
  C  0.2698497085  0.4603619360  0.0000000013
  C  0.2538752055  0.4921119134  0.0000000012
  C  0.2696706308  0.5080377917  0.0000000011
  C  0.2537255647  0.5397867805  0.0000000006
  C  0.2695042464  0.5557132621  0.9999999997
  C  0.2536156465  0.5874751046  0.9999999989
  C  0.2694182557  0.6033861101  0.9999999972
  C  0.2536156465  0.6350997250  0.9999999974
  C  0.2695042464  0.6509729674  0.9999999969
  C  0.2537255647  0.6826781311  0.9999999977
  C  0.2696706308  0.6984820537  0.9999999985
  C  0.2538752054  0.7302033576  0.9999999994
  C  0.2698497085  0.7459788321  0.9999999998
  C  0.2539682540  0.7777777778  0.0000000000
  C  0.2698412698  0.7936507937  0.0000000000
  C  0.2539682540  0.8253968254  0.0000000000
  C  0.2698412698  0.8412698413  0.0000000000
  C  0.2539682540  0.8730158730  0.0000000000
  C  0.2698412698  0.8888888889  0.0000000000
  C  0.2539682540  0.9206349206  0.0000000000
  C  0.2698412698  0.9365079365  0.0000000000
  C  0.2539682540  0.9682539683  0.0000000000
  C  0.2698412698  0.9841269841  0.0000000000
  C  0.3015873016  0.0158730159  0.0000000000
  C  0.3174603175  0.0317460317  0.0000000000
  C  0.3015873016  0.0634920635  0.0000000000
  C  0.3174603175  0.0793650794  0.0000000000
  C  0.3015873016  0.1111111111  0.0000000000
  C  0.3174603175  0.1269841270  0.0000000000
  C  0.3015873016  0.1587301587  0.0000000000
  C  0.3174603175  0.1746031746  0.0000000000
  C  0.3015873016  0.2063492063  0.0000000000
  C  0.3174603175  0.2222222222  0.0000000000
  C  0.3015873016  0.2539682540  0.0000000000
  C  0.3174603175  0.2698412698  0.0000000000
  C  0.3015873016  0.3015873016  0.0000000000
  C  0.3174603175  0.3174603175  0.0000000000
  C  0.3015873016  0.3492063492  0.0000000000
  C  0.3176400457  0.3650774981  0.0000000007
  C  0.3017379086  0.3968317014  0.0000000011
  C  0.3175826302  0.4127532197  0.0000000019
  C  0.3016310974  0.4445050539  0.0000000018
  C  0.3174382951  0.4604182898  0.0000000020
  C  0.3014076417  0.4921859754  0.0000000013
  C  0.3171447771  0.5081206462  0.9999999997
  C  0.3012061930  0.5398543897  0.9999999989
  C  0.3169612553  0.5558120017  0.9999999970
  C  0.3011406130  0.5875249315  0.9999999965
  C  0.3169612558  0.6034172192  0.9999999962
  C  0.3012061926  0.6351298938  0.9999999965
  C  0.3171447776  0.6509250528  0.9999999972
  C  0.3014076415  0.6825968595  0.9999999983
  C  0.3174382949  0.6983338917  0.9999999999
  C  0.3016310971  0.7300543258  0.0000000003
  C  0.3175826298  0.7458546271  0.0000000009
  C  0.3015873016  0.7777777778  0.0000000000
  C  0.3174603175  0.7936507937  0.0000000000
  C  0.3015873016  0.8253968254  0.0000000000
  C  0.3174603175  0.8412698413  0.0000000000
  C  0.3015873016  0.8730158730  0.0000000000
  C  0.3174603175  0.8888888889  0.0000000000
  C  0.3015873016  0.9206349206  0.0000000000
  C  0.3174603175  0.9365079365  0.0000000000
  C  0.3015873016  0.9682539683  0.0000000000
  C  0.3174603175  0.9841269841  0.0000000000
  C  0.3492063492  0.0158730159  0.0000000000
  C  0.3650793651  0.0317460317  0.0000000000
  C  0.3492063492  0.0634920635  0.0000000000
  C  0.3650793651  0.0793650794  0.0000000000
  C  0.3492063492  0.1111111111  0.0000000000
  C  0.3650793651  0.1269841270  0.0000000000
  C  0.3492063492  0.1587301587  0.0000000000
  C  0.3650793651  0.1746031746  0.0000000000
  C  0.3492063492  0.2063492063  0.0000000000
  C  0.3650793651  0.2222222222  0.0000000000
  C  0.3492063492  0.2539682540  0.0000000000
  C  0.3650793651  0.2698412698  0.0000000000
  C  0.3492063492  0.3015873016  0.0000000000
  C  0.3652767902  0.3174546895  0.9999999998
  C  0.3494092771  0.3492398195  0.0000000005
  C  0.3652464533  0.3651622417  0.0000000011
  C  0.3493416451  0.3969422163  0.0000000021
  C  0.3651658729  0.4128715185  0.0000000021
  C  0.3492131478  0.4445971626  0.0000000018
  C  0.3650326078  0.4605365115  0.0000000007
  C  0.3489115245  0.4922647302  0.9999999992
  C  0.3645738382  0.5082270301  0.9999999966
  C  0.3486352049  0.5399834141  0.9999999961
  C  0.3643011019  0.5559446877  0.9999999955
  C  0.3486352043  0.5875718571  0.9999999959
  C  0.3645738390  0.6033896080  0.9999999973
  C  0.3489115234  0.6350142226  0.9999999977
  C  0.3650326081  0.6506213567  0.9999999993
  C  0.3492131473  0.6823801669  0.0000000004
  C  0.3651658728  0.6981530852  0.0000000006
  C  0.3493416449  0.7299066156  0.0000000009
  C  0.3652464529  0.7457817820  0.0000000003
  C  0.3492063492  0.7777777778  0.0000000000
  C  0.3650793651  0.7936507937  0.0000000000
  C  0.3492063492  0.8253968254  0.0000000000
  C  0.3650793651  0.8412698413  0.0000000000
  C  0.3492063492  0.8730158730  0.0000000000
  C  0.3650793651  0.8888888889  0.0000000000
  C  0.3492063492  0.9206349206  0.0000000000
  C  0.3650793651  0.9365079365  0.0000000000
  C  0.3492063492  0.9682539683  0.0000000000
  C  0.3650793651  0.9841269841  0.0000000000
  C  0.3968253968  0.0158730159  0.0000000000
  C  0.4126984127  0.0317460317  0.0000000000
  C  0.3968253968  0.0634920635  0.0000000000
  C  0.4126984127  0.0793650794  0.0000000000
  C  0.3968253968  0.1111111111  0.0000000000
  C  0.4126984127  0.1269841270  0.0000000000
  C  0.3968253968  0.1587301587  0.0000000000
  C  0.4126984127  0.1746031746  0.0000000000
  C  0.3968253968  0.2063492063  0.0000000000
  C  0.4126984127  0.2222222222  0.0000000000
  C  0.3968253968  0.2539682540  0.0000000000
  C  0.4128498328  0.2698344652  0.9999999993
  C  0.3970026835  0.3016255423  0.9999999997
  C  0.4128454416  0.3175914216  0.0000000000
  C  0.3970027405  0.3493638244  0.0000000008
  C  0.4128616037  0.3653100816  0.0000000018
  C  0.3969876217  0.3971053392  0.0000000020
  C  0.4128060952  0.4130149475  0.0000000007
  C  0.3968468685  0.4447944185  0.9999999995
  C  0.4126039828  0.4607372468  0.9999999965
  C  0.3962824557  0.4923888322  0.9999999955
  C  0.4116952296  0.5085370574  0.9999999948
  C  0.3960144291  0.5400880226  0.9999999953
  C  0.4116952302  0.5559581908  0.9999999973
  C  0.3962824549  0.5875191888  0.9999999982
  C  0.4126039828  0.6028492464  0.9999999991
  C  0.3968468677  0.6345491910  0.9999999996
  C  0.4128060949  0.6503694331  0.0000000005
  C  0.3969876209  0.6820975166  0.0000000002
  C  0.4128616033  0.6980187914  0.0000000000
  C  0.3970027401  0.7298239118  0.9999999994
  C  0.4128454413  0.7457536136  0.9999999987
  C  0.3968253968  0.7777777778  0.0000000000
  C  0.4126984127  0.7936507937  0.0000000000
  C  0.3968253968  0.8253968254  0.0000000000
  C  0.4126984127  0.8412698413  0.0000000000
  C  0.3968253968  0.8730158730  0.0000000000
  C  0.4126984127  0.8888888889  0.0000000000
  C  0.3968253968  0.9206349206  0.0000000000
  C  0.4126984127  0.9365079365  0.0000000000
  C  0.3968253968  0.9682539683  0.0000000000
  C  0.4126984127  0.9841269841  0.0000000000
  C  0.4444444444  0.0158730159  0.0000000000
  C  0.4603174603  0.0317460317  0.0000000000
  C  0.4444444444  0.0634920635  0.0000000000
  C  0.4603174603  0.0793650794  0.0000000000
  C  0.4444444444  0.1111111111  0.0000000000
  C  0.4603174603  0.1269841270  0.0000000000
  C  0.4444444444  0.1587301587  0.0000000000
  C  0.4603174603  0.1746031746  0.0000000000
  C  0.4444444444  0.2063492063  0.0000000000
  C  0.4603174603  0.2222222222  0.0000000000
  C  0.4445713416  0.2539911901  0.9999999986
  C  0.4604035567  0.2699747575  0.9999999986
  C  0.4445809169  0.3017866672  0.9999999997
  C  0.4604040259  0.3177843611  0.0000000007
  C  0.4445800776  0.3495791809  0.0000000014
  C  0.4604226320  0.3656072025  0.0000000005
  C  0.4446192175  0.3973581703  0.9999999998
  C  0.4604679553  0.4133495294  0.9999999989
  C  0.4446345298  0.4451290095  0.9999999972
  C  0.4602601420  0.4610548183  0.9999999963
  C  0.4436210422  0.4926825518  0.9999999931
  C  0.4570538264  0.5095683273  0.9999999887
  C  0.4436210426  0.5398868799  0.9999999965
  C  0.4602601410  0.5548755170  0.0000000001
  C  0.4446345296  0.5864269381  0.0000000002
  C  0.4604679546  0.6023729915  0.0000000002
  C  0.4446192171  0.6342130895  0.0000000002
  C  0.4604226316  0.6501606418  0.0000000001
  C  0.4445800770  0.6820312183  0.0000000001
  C  0.4604040256  0.6980020895  0.9999999994
  C  0.4445809163  0.7298228927  0.9999999986
  C  0.4604035563  0.7458121623  0.9999999986
  C  0.4444444444  0.7777777778  0.0000000000
  C  0.4603174603  0.7936507937  0.0000000000
  C  0.4444444444  0.8253968254  0.0000000000
  C  0.4603174603  0.8412698413  0.0000000000
  C  0.4444444444  0.8730158730  0.0000000000
  C  0.4603174603  0.8888888889  0.0000000000
  C  0.4444444444  0.9206349206  0.0000000000
  C  0.4603174603  0.9365079365  0.0000000000
  C  0.4444444444  0.9682539683  0.0000000000
  C  0.4603174603  0.9841269841  0.0000000000
  C  0.4920634921  0.0158730159  0.0000000000
  C  0.5079365079  0.0317460317  0.0000000000
  C  0.4920634921  0.0634920635  0.0000000000
  C  0.5079365079  0.0793650794  0.0000000000
  C  0.4920634921  0.1111111111  0.0000000000
  C  0.5079365079  0.1269841270  0.0000000000
  C  0.4920634921  0.1587301587  0.0000000000
  C  0.5079365079  0.1746031746  0.0000000000
  C  0.4920634921  0.2063492063  0.0000000000
  C  0.5079300521  0.2223290703  0.9999999978
  C  0.4921096611  0.2541557833  0.9999999981
  C  0.5079249545  0.2701735757  0.9999999998
  C  0.4921281778  0.3020163194  0.0000000007
  C  0.5079436343  0.3180567000  0.0000000009
  C  0.4921484525  0.3499908647  0.0000000006
  C  0.5079338138  0.3661323319  0.9999999999
  C  0.4921351846  0.3982065484  0.9999999989
  C  0.5079723534  0.4146059706  0.9999999991
  C  0.4921450887  0.4473264739  0.9999999995
  C  0.5090410786  0.4627203464  0.0000000029
  C  0.5090410784  0.5044290510  0.0000000048
  C  0.4921450889  0.5367189135  0.0000000026
  C  0.5079723527  0.5536121523  0.0000000012
  C  0.4921351845  0.5858487436  0.0000000001
  C  0.5079338133  0.6021243302  0.9999999995
  C  0.4921484520  0.6340511593  0.9999999998
  C  0.5079436338  0.6501901419  0.0000000002
  C  0.4921281772  0.6820459792  0.9999999999
  C  0.5079249541  0.6980919458  0.0000000000
  C  0.4921096608  0.7299250316  0.9999999991
  C  0.5079300518  0.7459313537  0.9999999989
  C  0.4920634921  0.7777777778  0.0000000000
  C  0.5079365079  0.7936507937  0.0000000000
  C  0.4920634921  0.8253968254  0.0000000000
  C  0.5079365079  0.8412698413  0.0000000000
  C  0.4920634921  0.8730158730  0.0000000000
  C  0.5079365079  0.8888888889  0.0000000000
  C  0.4920634921  0.9206349206  0.0000000000
  C  0.5079365079  0.9365079365  0.0000000000
  C  0.4920634921  0.9682539683  0.0000000000
  C  0.5079365079  0.9841269841  0.0000000000
  C  0.5396825397  0.0158730159  0.0000000000
  C  0.5555555556  0.0317460317  0.0000000000
  C  0.5396825397  0.0634920635  0.0000000000
  C  0.5555555556  0.0793650794  0.0000000000
  C  0.5396825397  0.1111111111  0.0000000000
  C  0.5555555556  0.1269841270  0.0000000000
  C  0.5396825397  0.1587301587  0.0000000000
  C  0.5555555556  0.1746031746  0.0000000000
  C  0.5396409606  0.2064576641  0.9999999982
  C  0.5554692025  0.2224269517  0.9999999989
  C  0.5396427073  0.2542598739  0.0000000000
  C  0.5554660225  0.2702172925  0.0000000006
  C  0.5396398582  0.3020679261  0.0000000009
  C  0.5554748690  0.3180090450  0.0000000005
  C  0.5396675285  0.3498918994  0.0000000002
  C  0.5555098837  0.3657337751  0.0000000002
  C  0.5396629289  0.3977452731  0.0000000005
  C  0.5557646026  0.4131629489  0.0000000012
  C  0.5401429311  0.4451026550  0.0000000017
  C  0.5572057406  0.4594923679  0.0000000029
  C  0.5401429305  0.4909448901  0.0000000029
  C  0.5557646021  0.5072629247  0.0000000021
  C  0.5396629287  0.5387822741  0.0000000011
  C  0.5555098833  0.5549468170  0.9999999997
  C  0.5396675281  0.5866310486  0.9999999991
  C  0.5554748684  0.6027065620  0.9999999997
  C  0.5396398578  0.6344826915  0.0000000003
  C  0.5554660221  0.6505071607  0.0000000010
  C  0.5396427068  0.6822878948  0.0000000009
  C  0.5554692022  0.6982943215  0.0000000009
  C  0.5396409604  0.7300918508  0.9999999997
  C  0.5555555556  0.7460317460  0.0000000000
  C  0.5396825397  0.7777777778  0.0000000000
  C  0.5555555556  0.7936507937  0.0000000000
  C  0.5396825397  0.8253968254  0.0000000000
  C  0.5555555556  0.8412698413  0.0000000000
  C  0.5396825397  0.8730158730  0.0000000000
  C  0.5555555556  0.8888888889  0.0000000000
  C  0.5396825397  0.9206349206  0.0000000000
  C  0.5555555556  0.9365079365  0.0000000000
  C  0.5396825397  0.9682539683  0.0000000000
  C  0.5555555556  0.9841269841  0.0000000000
  C  0.5873015873  0.0158730159  0.0000000000
  C  0.6031746032  0.0317460317  0.0000000000
  C  0.5873015873  0.0634920635  0.0000000000
  C  0.6031746032  0.0793650794  0.0000000000
  C  0.5873015873  0.1111111111  0.0000000000
  C  0.6031746032  0.1269841270  0.0000000000
  C  0.5873015873  0.1587301587  0.0000000000
  C  0.6031746032  0.1746031746  0.0000000000
  C  0.5871807503  0.2065343535  0.9999999984
  C  0.6030296372  0.2224590754  0.9999999993
  C  0.5871971940  0.2542602871  0.0000000002
  C  0.6030700828  0.2701382588  0.0000000007
  C  0.5872128846  0.3019743673  0.0000000005
  C  0.6031177852  0.3177887804  0.0000000000
  C  0.5872543106  0.3496056980  0.0000000002
  C  0.6033323136  0.3652472247  0.0000000005
  C  0.5876060722  0.3969815677  0.0000000013
  C  0.6039227783  0.4122819394  0.0000000011
  C  0.5882628726  0.4439638018  0.0000000025
  C  0.6039227780  0.4599857587  0.0000000018
  C  0.5876060720  0.4916028363  0.0000000018
  C  0.6033323130  0.5076109380  0.0000000006
  C  0.5872543103  0.5393304676  0.9999999999
  C  0.6031177847  0.5552839104  0.9999999998
  C  0.5872128842  0.5870032240  0.0000000002
  C  0.6030700824  0.6029821343  0.0000000014
  C  0.5871971935  0.6347329947  0.0000000017
  C  0.6030296370  0.6507017627  0.0000000018
  C  0.5871807499  0.6824753718  0.0000000011
  C  0.6030225967  0.6984316309  0.9999999997
  C  0.5873015873  0.7301587302  0.0000000000
  C  0.6031746032  0.7460317460  0.0000000000
  C  0.5873015873  0.7777777778  0.0000000000
  C  0.6031746032  0.7936507937  0.0000000000
  C  0.5873015873  0.8253968254  0.0000000000
  C  0.6031746032  0.8412698413  0.0000000000
  C  0.5873015873  0.8730158730  0.0000000000
  C  0.6031746032  0.8888888889  0.0000000000
  C  0.5873015873  0.9206349206  0.0000000000
  C  0.6031746032  0.9365079365  0.0000000000
  C  0.5873015873  0.9682539683  0.0000000000
  C  0.6031746032  0.9841269841  0.0000000000
  C  0.6349206349  0.0158730159  0.0000000000
  C  0.6507936508  0.0317460317  0.0000000000
  C  0.6349206349  0.0634920635  0.0000000000
  C  0.6507936508  0.0793650794  0.0000000000
  C  0.6349206349  0.1111111111  0.0000000000
  C  0.6507936508  0.1269841270  0.0000000000
  C  0.6349206349  0.1587301587  0.0000000000
  C  0.6507936508  0.1746031746  0.0000000000
  C  0.6347645465  0.2065439498  0.9999999991
  C  0.6506472851  0.2224142619  0.0000000001
  C  0.6347979705  0.2541943525  0.0000000006
  C  0.6507240505  0.2700193826  0.0000000005
  C  0.6348946054  0.3017761662  0.0000000001
  C  0.6509014017  0.3174943152  0.0000000003
  C  0.6350914363  0.3492453477  0.9999999998
  C  0.6511898096  0.3648688200  0.9999999993
  C  0.6354691166  0.3965271454  0.9999999997
  C  0.6513302606  0.4124301078  0.9999999990
  C  0.6354691166  0.4441942142  0.9999999996
  C  0.6511898093  0.4601318468  0.9999999987
  C  0.6350914363  0.4918536920  0.9999999996
  C  0.6509014014  0.5077947591  0.9999999999
  C  0.6348946051  0.5395197045  0.0000000002
  C  0.6507240503  0.5554470426  0.0000000017
  C  0.6347979700  0.5871981528  0.0000000020
  C  0.6506472849  0.6031289284  0.0000000026
  C  0.6347645459  0.6348819793  0.0000000019
  C  0.6506106722  0.6508192213  0.0000000008
  C  0.6349206349  0.6825396825  0.0000000000
  C  0.6507936508  0.6984126984  0.0000000000
  C  0.6349206349  0.7301587302  0.0000000000
  C  0.6507936508  0.7460317460  0.0000000000
  C  0.6349206349  0.7777777778  0.0000000000
  C  0.6507936508  0.7936507937  0.0000000000
  C  0.6349206349  0.8253968254  0.0000000000
  C  0.6507936508  0.8412698413  0.0000000000
  C  0.6349206349  0.8730158730  0.0000000000
  C  0.6507936508  0.8888888889  0.0000000000
  C  0.6349206349  0.9206349206  0.0000000000
  C  0.6507936508  0.9365079365  0.0000000000
  C  0.6349206349  0.9682539683  0.0000000000
  C  0.6507936508  0.9841269841  0.0000000000
  C  0.6825396825  0.0158730159  0.0000000000
  C  0.6984126984  0.0317460317  0.0000000000
  C  0.6825396825  0.0634920635  0.0000000000
  C  0.6984126984  0.0793650794  0.0000000000
  C  0.6825396825  0.1111111111  0.0000000000
  C  0.6984126984  0.1269841270  0.0000000000
  C  0.6825396825  0.1587301587  0.0000000000
  C  0.6984126984  0.1746031746  0.0000000000
  C  0.6823884749  0.2065035161  0.0000000005
  C  0.6983149302  0.2223319849  0.0000000003
  C  0.6824817376  0.2540857346  0.0000000003
  C  0.6984525137  0.2698580834  0.0000000001
  C  0.6826385310  0.3015863956  0.0000000003
  C  0.6986537584  0.3173279455  0.9999999997
  C  0.6828923518  0.3490198976  0.9999999991
  C  0.6987760094  0.3648674239  0.9999999990
  C  0.6829162761  0.3966371002  0.9999999984
  C  0.6987760093  0.4125470428  0.9999999985
  C  0.6828923519  0.4442782270  0.9999999986
  C  0.6986537584  0.4602087721  0.9999999998
  C  0.6826385307  0.4919655494  0.0000000005
  C  0.6984525138  0.5078798787  0.0000000019
  C  0.6824817370  0.5396230040  0.0000000025
  C  0.6983149301  0.5555435606  0.0000000028
  C  0.6823884745  0.5872984848  0.0000000026
  C  0.6982174657  0.6032163815  0.0000000019
  C  0.6825396825  0.6349206349  0.0000000000
  C  0.6984126984  0.6507936508  0.0000000000
  C  0.6825396825  0.6825396825  0.0000000000
  C  0.6984126984  0.6984126984  0.0000000000
  C  0.6825396825  0.7301587302  0.0000000000
  C  0.6984126984  0.7460317460  0.0000000000
  C  0.6825396825  0.7777777778  0.0000000000
  C  0.6984126984  0.7936507937  0.0000000000
  C  0.6825396825  0.8253968254  0.0000000000
  C  0.6984126984  0.8412698413  0.0000000000
  C  0.6825396825  0.8730158730  0.0000000000
  C  0.6984126984  0.8888888889  0.0000000000
  C  0.6825396825  0.9206349206  0.0000000000
  C  0.6984126984  0.9365079365  0.0000000000
  C  0.6825396825  0.9682539683  0.0000000000
  C  0.6984126984  0.9841269841  0.0000000000
  C  0.7301587302  0.0158730159  0.0000000000
  C  0.7460317460  0.0317460317  0.0000000000
  C  0.7301587302  0.0634920635  0.0000000000
  C  0.7460317460  0.0793650794  0.0000000000
  C  0.7301587302  0.1111111111  0.0000000000
  C  0.7460317460  0.1269841270  0.0000000000
  C  0.7301587302  0.1587301587  0.0000000000
  C  0.7460317460  0.1746031746  0.0000000000
  C  0.7300507416  0.2064468800  0.0000000001
  C  0.7460050557  0.2222480285  0.9999999994
  C  0.7302053035  0.2539620359  0.9999999997
  C  0.7461815140  0.2697421747  0.0000000001
  C  0.7303734072  0.3014697194  0.0000000002
  C  0.7462878439  0.3173068079  0.0000000011
  C  0.7304569850  0.3490450755  0.0000000001
  C  0.7463318793  0.3649292985  0.0000000004
  C  0.7304569847  0.3966884164  0.9999999998
  C  0.7462878441  0.4125958245  0.0000000009
  C  0.7303734071  0.4443473498  0.0000000007
  C  0.7461815140  0.4602667876  0.0000000016
  C  0.7302053032  0.4920231369  0.0000000021
  C  0.7460050556  0.5079373921  0.0000000021
  C  0.7300507412  0.5396928545  0.0000000024
  C  0.7460317460  0.5555555556  0.0000000000
  C  0.7301587302  0.5873015873  0.0000000000
  C  0.7460317460  0.6031746032  0.0000000000
  C  0.7301587302  0.6349206349  0.0000000000
  C  0.7460317460  0.6507936508  0.0000000000
  C  0.7301587302  0.6825396825  0.0000000000
  C  0.7460317460  0.6984126984  0.0000000000
  C  0.7301587302  0.7301587302  0.0000000000
  C  0.7460317460  0.7460317460  0.0000000000
  C  0.7301587302  0.7777777778  0.0000000000
  C  0.7460317460  0.7936507937  0.0000000000
  C  0.7301587302  0.8253968254  0.0000000000
  C  0.7460317460  0.8412698413  0.0000000000
  C  0.7301587302  0.8730158730  0.0000000000
  C  0.7460317460  0.8888888889  0.0000000000
  C  0.7301587302  0.9206349206  0.0000000000
  C  0.7460317460  0.9365079365  0.0000000000
  C  0.7301587302  0.9682539683  0.0000000000
  C  0.7460317460  0.9841269841  0.0000000000
  C  0.7777777778  0.0158730159  0.0000000000
  C  0.7936507937  0.0317460317  0.0000000000
  C  0.7777777778  0.0634920635  0.0000000000
  C  0.7936507937  0.0793650794  0.0000000000
  C  0.7777777778  0.1111111111  0.0000000000
  C  0.7936507937  0.1269841270  0.0000000000
  C  0.7777777778  0.1587301587  0.0000000000
  C  0.7936507937  0.1746031746  0.0000000000
  C  0.7777777778  0.2063492063  0.0000000000
  C  0.7936507937  0.2222222222  0.0000000000
  C  0.7777777778  0.2539682540  0.0000000000
  C  0.7936507937  0.2698412698  0.0000000000
  C  0.7777777778  0.3015873016  0.0000000000
  C  0.7936507937  0.3174603175  0.0000000000
  C  0.7777777778  0.3492063492  0.0000000000
  C  0.7936507937  0.3650793651  0.0000000000
  C  0.7777777778  0.3968253968  0.0000000000
  C  0.7936507937  0.4126984127  0.0000000000
  C  0.7777777778  0.4444444444  0.0000000000
  C  0.7936507937  0.4603174603  0.0000000000
  C  0.7777777778  0.4920634921  0.0000000000
  C  0.7936507937  0.5079365079  0.0000000000
  C  0.7777777778  0.5396825397  0.0000000000
  C  0.7936507937  0.5555555556  0.0000000000
  C  0.7777777778  0.5873015873  0.0000000000
  C  0.7936507937  0.6031746032  0.0000000000
  C  0.7777777778  0.6349206349  0.0000000000
  C  0.7936507937  0.6507936508  0.0000000000
  C  0.7777777778  0.6825396825  0.0000000000
  C  0.7936507937  0.6984126984  0.0000000000
  C  0.7777777778  0.7301587302  0.0000000000
  C  0.7936507937  0.7460317460  0.0000000000
  C  0.7777777778  0.7777777778  0.0000000000
  C  0.7936507937  0.7936507937  0.0000000000
  C  0.7777777778  0.8253968254  0.0000000000
  C  0.7936507937  0.8412698413  0.0000000000
  C  0.7777777778  0.8730158730  0.0000000000
  C  0.7936507937  0.8888888889  0.0000000000
  C  0.7777777778  0.9206349206  0.0000000000
  C  0.7936507937  0.9365079365  0.0000000000
  C  0.7777777778  0.9682539683  0.0000000000
  C  0.7936507937  0.9841269841  0.0000000000
  C  0.8253968254  0.0158730159  0.0000000000
  C  0.8412698413  0.0317460317  0.0000000000
  C  0.8253968254  0.0634920635  0.0000000000
  C  0.8412698413  0.0793650794  0.0000000000
  C  0.8253968254  0.1111111111  0.0000000000
  C  0.8412698413  0.1269841270  0.0000000000
  C  0.8253968254  0.1587301587  0.0000000000
  C  0.8412698413  0.1746031746  0.0000000000
  C  0.8253968254  0.2063492063  0.0000000000
  C  0.8412698413  0.2222222222  0.0000000000
  C  0.8253968254  0.2539682540  0.0000000000
  C  0.8412698413  0.2698412698  0.0000000000
  C  0.8253968254  0.3015873016  0.0000000000
  C  0.8412698413  0.3174603175  0.0000000000
  C  0.8253968254  0.3492063492  0.0000000000
  C  0.8412698413  0.3650793651  0.0000000000
  C  0.8253968254  0.3968253968  0.0000000000
  C  0.8412698413  0.4126984127  0.0000000000
  C  0.8253968254  0.4444444444  0.0000000000
  C  0.8412698413  0.4603174603  0.0000000000
  C  0.8253968254  0.4920634921  0.0000000000
  C  0.8412698413  0.5079365079  0.0000000000
  C  0.8253968254  0.5396825397  0.0000000000
  C  0.8412698413  0.5555555556  0.0000000000
  C  0.8253968254  0.5873015873  0.0000000000
  C  0.8412698413  0.6031746032  0.0000000000
  C  0.8253968254  0.6349206349  0.0000000000
  C  0.8412698413  0.6507936508  0.0000000000
  C  0.8253968254  0.6825396825  0.0000000000
  C  0.8412698413  0.6984126984  0.0000000000
  C  0.8253968254  0.7301587302  0.0000000000
  C  0.8412698413  0.7460317460  0.0000000000
  C  0.8253968254  0.7777777778  0.0000000000
  C  0.8412698413  0.7936507937  0.0000000000
  C  0.8253968254  0.8253968254  0.0000000000
  C  0.8412698413  0.8412698413  0.0000000000
  C  0.8253968254  0.8730158730  0.0000000000
  C  0.8412698413  0.8888888889  0.0000000000
  C  0.8253968254  0.9206349206  0.0000000000
  C  0.8412698413  0.9365079365  0.0000000000
  C  0.8253968254  0.9682539683  0.0000000000
  C  0.8412698413  0.9841269841  0.0000000000
  C  0.8730158730  0.0158730159  0.0000000000
  C  0.8888888889  0.0317460317  0.0000000000
  C  0.8730158730  0.0634920635  0.0000000000
  C  0.8888888889  0.0793650794  0.0000000000
  C  0.8730158730  0.1111111111  0.0000000000
  C  0.8888888889  0.1269841270  0.0000000000
  C  0.8730158730  0.1587301587  0.0000000000
  C  0.8888888889  0.1746031746  0.0000000000
  C  0.8730158730  0.2063492063  0.0000000000
  C  0.8888888889  0.2222222222  0.0000000000
  C  0.8730158730  0.2539682540  0.0000000000
  C  0.8888888889  0.2698412698  0.0000000000
  C  0.8730158730  0.3015873016  0.0000000000
  C  0.8888888889  0.3174603175  0.0000000000
  C  0.8730158730  0.3492063492  0.0000000000
  C  0.8888888889  0.3650793651  0.0000000000
  C  0.8730158730  0.3968253968  0.0000000000
  C  0.8888888889  0.4126984127  0.0000000000
  C  0.8730158730  0.4444444444  0.0000000000
  C  0.8888888889  0.4603174603  0.0000000000
  C  0.8730158730  0.4920634921  0.0000000000
  C  0.8888888889  0.5079365079  0.0000000000
  C  0.8730158730  0.5396825397  0.0000000000
  C  0.8888888889  0.5555555556  0.0000000000
  C  0.8730158730  0.5873015873  0.0000000000
  C  0.8888888889  0.6031746032  0.0000000000
  C  0.8730158730  0.6349206349  0.0000000000
  C  0.8888888889  0.6507936508  0.0000000000
  C  0.8730158730  0.6825396825  0.0000000000
  C  0.8888888889  0.6984126984  0.0000000000
  C  0.8730158730  0.7301587302  0.0000000000
  C  0.8888888889  0.7460317460  0.0000000000
  C  0.8730158730  0.7777777778  0.0000000000
  C  0.8888888889  0.7936507937  0.0000000000
  C  0.8730158730  0.8253968254  0.0000000000
  C  0.8888888889  0.8412698413  0.0000000000
  C  0.8730158730  0.8730158730  0.0000000000
  C  0.8888888889  0.8888888889  0.0000000000
  C  0.8730158730  0.9206349206  0.0000000000
  C  0.8888888889  0.9365079365  0.0000000000
  C  0.8730158730  0.9682539683  0.0000000000
  C  0.8888888889  0.9841269841  0.0000000000
  C  0.9206349206  0.0158730159  0.0000000000
  C  0.9365079365  0.0317460317  0.0000000000
  C  0.9206349206  0.0634920635  0.0000000000
  C  0.9365079365  0.0793650794  0.0000000000
  C  0.9206349206  0.1111111111  0.0000000000
  C  0.9365079365  0.1269841270  0.0000000000
  C  0.9206349206  0.1587301587  0.0000000000
  C  0.9365079365  0.1746031746  0.0000000000
  C  0.9206349206  0.2063492063  0.0000000000
  C  0.9365079365  0.2222222222  0.0000000000
  C  0.9206349206  0.2539682540  0.0000000000
  C  0.9365079365  0.2698412698  0.0000000000
  C  0.9206349206  0.3015873016  0.0000000000
  C  0.9365079365  0.3174603175  0.0000000000
  C  0.9206349206  0.3492063492  0.0000000000
  C  0.9365079365  0.3650793651  0.0000000000
  C  0.9206349206  0.3968253968  0.0000000000
  C  0.9365079365  0.4126984127  0.0000000000
  C  0.9206349206  0.4444444444  0.0000000000
  C  0.9365079365  0.4603174603  0.0000000000
  C  0.9206349206  0.4920634921  0.0000000000
  C  0.9365079365  0.5079365079  0.0000000000
  C  0.9206349206  0.5396825397  0.0000000000
  C  0.9365079365  0.5555555556  0.0000000000
  C  0.9206349206  0.5873015873  0.0000000000
  C  0.9365079365  0.6031746032  0.0000000000
  C  0.9206349206  0.6349206349  0.0000000000
  C  0.9365079365  0.6507936508  0.0000000000
  C  0.9206349206  0.6825396825  0.0000000000
  C  0.9365079365  0.6984126984  0.0000000000
  C  0.9206349206  0.7301587302  0.0000000000
  C  0.9365079365  0.7460317460  0.0000000000
  C  0.9206349206  0.7777777778  0.0000000000
  C  0.9365079365  0.7936507937  0.0000000000
  C  0.9206349206  0.8253968254  0.0000000000
  C  0.9365079365  0.8412698413  0.0000000000
  C  0.9206349206  0.8730158730  0.0000000000
  C  0.9365079365  0.8888888889  0.0000000000
  C  0.9206349206  0.9206349206  0.0000000000
  C  0.9365079365  0.9365079365  0.0000000000
  C  0.9206349206  0.9682539683  0.0000000000
  C  0.9365079365  0.9841269841  0.0000000000
  C  0.9682539683  0.0158730159  0.0000000000
  C  0.9841269841  0.0317460317  0.0000000000
  C  0.9682539683  0.0634920635  0.0000000000
  C  0.9841269841  0.0793650794  0.0000000000
  C  0.9682539683  0.1111111111  0.0000000000
  C  0.9841269841  0.1269841270  0.0000000000
  C  0.9682539683  0.1587301587  0.0000000000
  C  0.9841269841  0.1746031746  0.0000000000
  C  0.9682539683  0.2063492063  0.0000000000
  C  0.9841269841  0.2222222222  0.0000000000
  C  0.9682539683  0.2539682540  0.0000000000
  C  0.9841269841  0.2698412698  0.0000000000
  C  0.9682539683  0.3015873016  0.0000000000
  C  0.9841269841  0.3174603175  0.0000000000
  C  0.9682539683  0.3492063492  0.0000000000
  C  0.9841269841  0.3650793651  0.0000000000
  C  0.9682539683  0.3968253968  0.0000000000
  C  0.9841269841  0.4126984127  0.0000000000
  C  0.9682539683  0.4444444444  0.0000000000
  C  0.9841269841  0.4603174603  0.0000000000
  C  0.9682539683  0.4920634921  0.0000000000
  C  0.9841269841  0.5079365079  0.0000000000
  C  0.9682539683  0.5396825397  0.0000000000
  C  0.9841269841  0.5555555556  0.0000000000
  C  0.9682539683  0.5873015873  0.0000000000
  C  0.9841269841  0.6031746032  0.0000000000
  C  0.9682539683  0.6349206349  0.0000000000
  C  0.9841269841  0.6507936508  0.0000000000
  C  0.9682539683  0.6825396825  0.0000000000
  C  0.9841269841  0.6984126984  0.0000000000
  C  0.9682539683  0.7301587302  0.0000000000
  C  0.9841269841  0.7460317460  0.0000000000
  C  0.9682539683  0.7777777778  0.0000000000
  C  0.9841269841  0.7936507937  0.0000000000
  C  0.9682539683  0.8253968254  0.0000000000
  C  0.9841269841  0.8412698413  0.0000000000
  C  0.9682539683  0.8730158730  0.0000000000
  C  0.9841269841  0.8888888889  0.0000000000
  C  0.9682539683  0.9206349206  0.0000000000
  C  0.9841269841  0.9365079365  0.0000000000
  C  0.9682539683  0.9682539683  0.0000000000
  C  0.9841269841  0.9841269841  0.0000000000

K_POINTS gamma