K_POINTS crystal
84
    0.73959906003564   0.40626572670230   0.00000000000000  1.0
    0.73036961602553   0.40751698906944   0.00000000000000  1.0
    0.72151284301142   0.40825460352071   0.00000000000000  1.0
    0.71290933485964   0.40864535799757   0.00000000000000  1.0
    0.70438376048805   0.40876752097612   0.00000000000000  1.0
    0.69573562631184   0.40864432991237   0.00000000000000  1.0
    0.68674138286895   0.40825319414782   0.00000000000000  1.0
    0.67714723723910   0.40751602782726   0.00000000000000  1.0
    0.66666666666666   0.40626549206972   0.00000000000000  1.0
    0.65501230096393   0.40416992024339   0.00000000000000  1.0
    0.64204756576205   0.40059396784138   0.00000000000000  1.0
    0.62823885219491   0.39446315833497   0.00000000000000  1.0
    0.61531222544343   0.38468777455657   0.00000000000000  1.0
    0.60553684166556   0.37176114780475   0.00000000000000  1.0
    0.59940603215944   0.35795243423765   0.00000000000000  1.0
    0.59583007975753   0.34498769903592   0.00000000000000  1.0
    0.59373450793128   0.33333333333334   0.00000000000000  1.0
    0.59248397217354   0.32285276276102   0.00000000000000  1.0
    0.59174680585330   0.31325861713135   0.00000000000000  1.0
    0.59135567008878   0.30426437368860   0.00000000000000  1.0
    0.59123247902504   0.29561623951253   0.00000000000000  1.0
    0.59135464200357   0.28709066514107   0.00000000000000  1.0
    0.59174539648041   0.27848715698940   0.00000000000000  1.0
    0.59248301093109   0.26963038397493   0.00000000000000  1.0
    0.59373427329820   0.26040093996486   0.00000000000000  1.0
    0.59582993150679   0.25084220807998   0.00000000000000  1.0
    0.59940531893383   0.24145262363749   0.00000000000000  1.0
    0.60553613780645   0.23377454753735   0.00000000000000  1.0
    0.61531194058968   0.23062388117935   0.00000000000000  1.0
    0.62823869373802   0.23377528333449   0.00000000000000  1.0
    0.64204770610926   0.24145412170352   0.00000000000000  1.0
    0.65501242036493   0.25084322585453   0.00000000000000  1.0
    0.66666666666668   0.26040097822256   0.00000000000000  1.0
    0.67714741711125   0.26963011612815   0.00000000000000  1.0
    0.68674176791562   0.27848713675413   0.00000000000000  1.0
    0.69573592376072   0.28709082322667   0.00000000000000  1.0
    0.70438376193085   0.29561623806915   0.00000000000000  1.0
    0.71290917677316   0.30426407623939   0.00000000000000  1.0
    0.72151286324546   0.31325823208453   0.00000000000000  1.0
    0.73036988387139   0.32285258288883   0.00000000000000  1.0
    0.73959902177669   0.33333333333332   0.00000000000000  1.0
    0.74915677414467   0.34498757963496   0.00000000000000  1.0
    0.75854587829565   0.35795229389052   0.00000000000000  1.0
    0.76622471666436   0.37176130626154   0.00000000000000  1.0
    0.76937611881950   0.38468805940974   0.00000000000000  1.0
    0.76622545246208   0.39446386219320   0.00000000000000  1.0
    0.75854737636223   0.40059468106597   0.00000000000000  1.0
    0.74915779192029   0.40417006849344   0.00000000000000  1.0
    0.72788623686036   0.39455290352703   0.00000000000000  1.0
    0.69880008319076   0.39760016638153   0.00000000000000  1.0
    0.66666666666666   0.39455096630108   0.00000000000000  1.0
    0.62541469393211   0.37458530606789   0.00000000000000  1.0
    0.60544903369997   0.33333333333334   0.00000000000000  1.0
    0.60239983361993   0.30119991680997   0.00000000000000  1.0
    0.60544709647381   0.27211376314048   0.00000000000000  1.0
    0.62541403418177   0.25082806836353   0.00000000000000  1.0
    0.66666666666667   0.27211411567716   0.00000000000000  1.0
    0.69880008603426   0.30119991396574   0.00000000000000  1.0
    0.72788588432263   0.33333333333333   0.00000000000000  1.0
    0.74917193163622   0.37458596581810   0.00000000000000  1.0
    0.74628041665537   0.41294708332203   0.00000000000000  1.0
    0.70750627340452   0.41501254680906   0.00000000000000  1.0
    0.66666666666666   0.41294803733703   0.00000000000000  1.0
    0.60897548510375   0.39102451489625   0.00000000000000  1.0
    0.58705196266379   0.33333333333334   0.00000000000000  1.0
    0.58498745319189   0.29249372659595   0.00000000000000  1.0
    0.58705291667824   0.25371958334491   0.00000000000000  1.0
    0.60897663998719   0.21795327997436   0.00000000000000  1.0
    0.66666666666668   0.25371937822967   0.00000000000000  1.0
    0.70750621165630   0.29249378834370   0.00000000000000  1.0
    0.74628062176923   0.33333333333332   0.00000000000000  1.0
    0.78204672002374   0.39102336001186   0.00000000000000  1.0
    0.66836603588606   0.33503270255273   0.00000000000000  1.0
    0.66764779794294   0.33529559588588   0.00000000000000  1.0
    0.66666666666667   0.33503270255273   0.00000000000000  1.0
    0.66568553539040   0.33431446460960   0.00000000000000  1.0
    0.66496729744727   0.33333333333333   0.00000000000000  1.0
    0.66470440411412   0.33235220205706   0.00000000000000  1.0
    0.66496729744727   0.33163396411394   0.00000000000000  1.0
    0.66568553539040   0.33137107078079   0.00000000000000  1.0
    0.66666666666667   0.33163396411394   0.00000000000000  1.0
    0.66764779794294   0.33235220205706   0.00000000000000  1.0
    0.66836603588606   0.33333333333333   0.00000000000000  1.0
    0.66862892921921   0.33431446460960   0.00000000000000  1.0
