# EM2 k list: 84 points, K_POINTS crystal order. E_D = -4.238895 eV, K = [ 1.4711341  -0.84935967  0.        ] 1/A (crystal [0.66666667 0.33333333 0.        ])
# _tb.dat wannier/27x27/wannier_tb.dat sha256 baa17b88b1b69e51
# ik set hw(eV) theta(deg) k1 k2 k3 (crystal) kx ky kz (1/A) |k-K|(1/A)
  1 ring   2.33    0.0000  0.73959906003564  0.40626572670230  0.00000000000000  1.685720756942 -0.849359666221  0.000000000000 0.214586661146
  2 ring   2.33    7.5000  0.73036961602553  0.40751698906944  0.00000000000000  1.673983781904 -0.822653998410  0.000000000000 0.204600068054
  3 ring   2.33   15.0000  0.72151284301142  0.40825460352071  0.00000000000000  1.662039410913 -0.798206741205  0.000000000000 0.197639725455
  4 ring   2.33   22.5000  0.71290933485964  0.40864535799757  0.00000000000000  1.649957348962 -0.775288649492  0.000000000000 0.193556894458
  5 ring   2.33   30.0000  0.70438376048805  0.40876752097612  0.00000000000000  1.637594803940 -0.753253531564  0.000000000000 0.192212269314
  6 ring   2.33   37.5000  0.69573562631184  0.40864432991237  0.00000000000000  1.624691008314 -0.731531303055  0.000000000000 0.193554252211
  7 ring   2.33   45.0000  0.68674138286895  0.40825319414782  0.00000000000000  1.610883856960 -0.709609905056  0.000000000000 0.197636007578
  8 ring   2.33   52.5000  0.67714723723910  0.40751602782726  0.00000000000000  1.595685111696 -0.687041622087  0.000000000000 0.204597416928
  9 ring   2.33   60.0000  0.66666666666666  0.40626549206972  0.00000000000000  1.578427081192 -0.663522764218  0.000000000000 0.214585970794
 10 ring   2.33   67.5000  0.65501230096393  0.40416992024339  0.00000000000000  1.558199079278 -0.639166202289  0.000000000000 0.227511765913
 11 ring   2.33   75.0000  0.64204756576205  0.40059396784138  0.00000000000000  1.533865509776 -0.615242842014  0.000000000000 0.242375571536
 12 ring   2.33   82.5000  0.62823885219491  0.39446315833497  0.00000000000000  1.504531797529 -0.595678935923  0.000000000000 0.255869731320
 13 ring   2.33   90.0000  0.61531222544343  0.38468777455657  0.00000000000000  1.471134095795 -0.587649319883  0.000000000000 0.261710346338
 14 ring   2.33   97.5000  0.60553684166556  0.37176114780475  0.00000000000000  1.437736394062 -0.595678935925  0.000000000000 0.255869731318
 15 ring   2.33  105.0000  0.59940603215944  0.35795243423765  0.00000000000000  1.408402681815 -0.615242842016  0.000000000000 0.242375571533
 16 ring   2.33  112.5000  0.59583007975753  0.34498769903592  0.00000000000000  1.384069112314 -0.639166202292  0.000000000000 0.227511765910
 17 ring   2.33  120.0000  0.59373450793128  0.33333333333334  0.00000000000000  1.363841110400 -0.663522764220  0.000000000000 0.214585970791
 18 ring   2.33  127.5000  0.59248397217354  0.32285276276102  0.00000000000000  1.346583079896 -0.687041622088  0.000000000000 0.204597416926
 19 ring   2.33  135.0000  0.59174680585330  0.31325861713135  0.00000000000000  1.331384334632 -0.709609905058  0.000000000000 0.197636007575
 20 ring   2.33  142.5000  0.59135567008878  0.30426437368860  0.00000000000000  1.317577183279 -0.731531303056  0.000000000000 0.193554252208
 21 ring   2.33  150.0000  0.59123247902504  0.29561623951253  0.00000000000000  1.304673387653 -0.753253531566  0.000000000000 0.192212269311
 22 ring   2.33  157.5000  0.59135464200357  0.28709066514107  0.00000000000000  1.292310842632 -0.775288649493  0.000000000000 0.193556894455
 23 ring   2.33  165.0000  0.59174539648041  0.27848715698940  0.00000000000000  1.280228780681 -0.798206741205  0.000000000000 0.197639725452
 24 ring   2.33  172.5000  0.59248301093109  0.26963038397493  0.00000000000000  1.268284409688 -0.822653998410  0.000000000000 0.204600068052
 25 ring   2.33  180.0000  0.59373427329820  0.26040093996486  0.00000000000000  1.256547434651 -0.849359666221  0.000000000000 0.214586661145
 26 ring   2.33  187.5000  0.59582993150679  0.25084220807998  0.00000000000000  1.245568252506 -0.879055972861  0.000000000000 0.227512242059
 27 ring   2.33  195.0000  0.59940531893383  0.24145262363749  0.00000000000000  1.237014789037 -0.912091745400  0.000000000000 0.242378141661
 28 ring   2.33  202.5000  0.60553613780645  0.23377454753735  0.00000000000000  1.234738566175 -0.947277900675  0.000000000000 0.255872677445
 29 ring   2.33  210.0000  0.61531194058968  0.23062388117935  0.00000000000000  1.244485030259 -0.980215565220  0.000000000000 0.261711797998
 30 ring   2.33  217.5000  0.62823869373802  0.23377528333449  0.00000000000000  1.268138152724 -1.005123931791  0.000000000000 0.255870786398
 31 ring   2.33  225.0000  0.64204770610926  0.24145412170352  0.00000000000000  1.299749662593 -1.020744099424  0.000000000000 0.242374189815
 32 ring   2.33  232.5000  0.65501242036493  0.25084322585453  0.00000000000000  1.332635127022 -1.029855036439  0.000000000000 0.227509435016
 33 ring   2.33  240.0000  0.66666666666668  0.26040097822256  0.00000000000000  1.363840821505 -1.035197068602  0.000000000000 0.214586548580
 34 ring   2.33  247.5000  0.67714741711125  0.26963011612815  0.00000000000000  1.392836710282 -1.038386276227  0.000000000000 0.204600928318
 35 ring   2.33  255.0000  0.68674176791562  0.27848713675413  0.00000000000000  1.419981151907 -1.040265051770  0.000000000000 0.197639798370
 36 ring   2.33  262.5000  0.69573592376072  0.28709082322667  0.00000000000000  1.445869937753 -1.041259998578  0.000000000000 0.193556232760
 37 ring   2.33  270.0000  0.70438376193085  0.29561623806915  0.00000000000000  1.471134095795 -1.041571942888  0.000000000000 0.192212276667
 38 ring   2.33  277.5000  0.71290917677316  0.30426407623939  0.00000000000000  1.496398253838 -1.041259998577  0.000000000000 0.193556232759
 39 ring   2.33  285.0000  0.72151286324546  0.31325823208453  0.00000000000000  1.522287039684 -1.040265051768  0.000000000000 0.197639798369
 40 ring   2.33  292.5000  0.73036988387139  0.32285258288883  0.00000000000000  1.549431481309 -1.038386276226  0.000000000000 0.204600928317
 41 ring   2.33  300.0000  0.73959902177669  0.33333333333332  0.00000000000000  1.578427370084 -1.035197068600  0.000000000000 0.214586548578
 42 ring   2.33  307.5000  0.74915677414467  0.34498757963496  0.00000000000000  1.609633064567 -1.029855036437  0.000000000000 0.227509435014
 43 ring   2.33  315.0000  0.75854587829565  0.35795229389052  0.00000000000000  1.642518528996 -1.020744099422  0.000000000000 0.242374189812
 44 ring   2.33  322.5000  0.76622471666436  0.37176130626154  0.00000000000000  1.674130038865 -1.005123931789  0.000000000000 0.255870786395
 45 ring   2.33  330.0000  0.76937611881950  0.38468805940974  0.00000000000000  1.697783161329 -0.980215565219  0.000000000000 0.261711797995
 46 ring   2.33  337.5000  0.76622545246208  0.39446386219320  0.00000000000000  1.707529625415 -0.947277900674  0.000000000000 0.255872677444
 47 ring   2.33  345.0000  0.75854737636223  0.40059468106597  0.00000000000000  1.705253402553 -0.912091745400  0.000000000000 0.242378141660
 48 ring   2.33  352.5000  0.74915779192029  0.40417006849344  0.00000000000000  1.696699939085 -0.879055972861  0.000000000000 0.227512242060
 49 ring   1.96    0.0000  0.72788623686036  0.39455290352703  0.00000000000000  1.651258489879 -0.849359666221  0.000000000000 0.180124394084
 50 ring   1.96   30.0000  0.69880008319076  0.39760016638153  0.00000000000000  1.612951789784 -0.767481182421  0.000000000000 0.163756967601
 51 ring   1.96   60.0000  0.66666666666666  0.39455096630108  0.00000000000000  1.561193442918 -0.693372301308  0.000000000000 0.180118694245
 52 ring   1.96   90.0000  0.62541469393211  0.37458530606789  0.00000000000000  1.471134095795 -0.639133095465  0.000000000000 0.210226570757
 53 ring   1.96  120.0000  0.60544903369997  0.33333333333334  0.00000000000000  1.381074748674 -0.693372301311  0.000000000000 0.180118694242
 54 ring   1.96  150.0000  0.60239983361993  0.30119991680997  0.00000000000000  1.329316401810 -0.767481182423  0.000000000000 0.163756967597
 55 ring   1.96  180.0000  0.60544709647381  0.27211376314048  0.00000000000000  1.291009701714 -0.849359666221  0.000000000000 0.180124394081
 56 ring   1.96  210.0000  0.62541403418177  0.25082806836353  0.00000000000000  1.289069633226 -0.954474632696  0.000000000000 0.210229932949
 57 ring   1.96  240.0000  0.66666666666667  0.27211411567716  0.00000000000000  1.381072417384 -1.005351069046  0.000000000000 0.180123356824
 58 ring   1.96  270.0000  0.69880008603426  0.30119991396574  0.00000000000000  1.471134095795 -1.013116648313  0.000000000000 0.163756982092
 59 ring   1.96  300.0000  0.72788588432263  0.33333333333333  0.00000000000000  1.561195774207 -1.005351069045  0.000000000000 0.180123356823
 60 ring   1.96  330.0000  0.74917193163622  0.37458596581810  0.00000000000000  1.653198558364 -0.954474632695  0.000000000000 0.210229932948
 61 ring   2.54    0.0000  0.74628041665537  0.41294708332203  0.00000000000000  1.705379100000 -0.849359666221  0.000000000000 0.234245004205
 62 ring   2.54   30.0000  0.70750627340452  0.41501254680906  0.00000000000000  1.651375709588 -0.745297121979  0.000000000000 0.208125088485
 63 ring   2.54   60.0000  0.66666666666666  0.41294803733703  0.00000000000000  1.588258001382 -0.646495110965  0.000000000000 0.234247811173
 64 ring   2.54   90.0000  0.60897548510375  0.39102451489625  0.00000000000000  1.471134095795 -0.555356289924  0.000000000000 0.294003376297
 65 ring   2.54  120.0000  0.58705196266379  0.33333333333334  0.00000000000000  1.354010190210 -0.646495110967  0.000000000000 0.234247811171
 66 ring   2.54  150.0000  0.58498745319189  0.29249372659595  0.00000000000000  1.290892482005 -0.745297121980  0.000000000000 0.208125088483
 67 ring   2.54  180.0000  0.58705291667824  0.25371958334491  0.00000000000000  1.236889091591 -0.849359666221  0.000000000000 0.234245004204
 68 ring   2.54  210.0000  0.60897663998719  0.21795327997436  0.00000000000000  1.216524800089 -0.996358411636  0.000000000000 0.293997490829
 69 ring   2.54  240.0000  0.66666666666668  0.25371937822967  0.00000000000000  1.354011291941 -1.052222313222  0.000000000000 0.234245607708
 70 ring   2.54  270.0000  0.70750621165630  0.29249378834370  0.00000000000000  1.471134095795 -1.057484440027  0.000000000000 0.208124773806
 71 ring   2.54  300.0000  0.74628062176923  0.33333333333332  0.00000000000000  1.588256899648 -1.052222313219  0.000000000000 0.234245607705
 72 ring   2.54  330.0000  0.78204672002374  0.39102336001186  0.00000000000000  1.725743391498 -0.996358411633  0.000000000000 0.293997490824
 73 dirac  0.00    0.0000  0.66836603588606  0.33503270255273  0.00000000000000  1.476134095795 -0.849359666221  0.000000000000 0.005000000000
 74 dirac  0.00   30.0000  0.66764779794294  0.33529559588588  0.00000000000000  1.475464222814 -0.846859666221  0.000000000000 0.005000000000
 75 dirac  0.00   60.0000  0.66666666666667  0.33503270255273  0.00000000000000  1.473634095795 -0.845029539202  0.000000000000 0.005000000000
 76 dirac  0.00   90.0000  0.66568553539040  0.33431446460960  0.00000000000000  1.471134095795 -0.844359666221  0.000000000000 0.005000000000
 77 dirac  0.00  120.0000  0.66496729744727  0.33333333333333  0.00000000000000  1.468634095795 -0.845029539202  0.000000000000 0.005000000000
 78 dirac  0.00  150.0000  0.66470440411412  0.33235220205706  0.00000000000000  1.466803968777 -0.846859666221  0.000000000000 0.005000000000
 79 dirac  0.00  180.0000  0.66496729744727  0.33163396411394  0.00000000000000  1.466134095795 -0.849359666221  0.000000000000 0.005000000000
 80 dirac  0.00  210.0000  0.66568553539040  0.33137107078079  0.00000000000000  1.466803968777 -0.851859666221  0.000000000000 0.005000000000
 81 dirac  0.00  240.0000  0.66666666666667  0.33163396411394  0.00000000000000  1.468634095795 -0.853689793240  0.000000000000 0.005000000000
 82 dirac  0.00  270.0000  0.66764779794294  0.33235220205706  0.00000000000000  1.471134095795 -0.854359666221  0.000000000000 0.005000000000
 83 dirac  0.00  300.0000  0.66836603588606  0.33333333333333  0.00000000000000  1.473634095795 -0.853689793240  0.000000000000 0.005000000000
 84 dirac  0.00  330.0000  0.66862892921921  0.33431446460960  0.00000000000000  1.475464222814 -0.851859666221  0.000000000000 0.005000000000
