! ground state SCF of graphene 21x21 supercell
! pristine 21x21 supercell

&CONTROL
  calculation = 'scf'       ! SCF ground state calculation
  prefix      = 'defect_21x21_p'        ! prefix of output files
  outdir      = '/home/gregb26/links/scratch/qe_tmp/defect_21x21_p'   ! directory of tempory files
  pseudo_dir  = '/home/gregb26/links/projects/rrg-cotemich-ac/gregb26/abinit_processing/pseudo' ! directory of pseudo potentials
/
&SYSTEM
  ibrav       = 0        ! specified by CELL_PARAMETERS
  nat         = 882       ! number of atoms (882 = 2 x 21 x 21)
  ntyp        = 1        ! number of atom types
  ecutwfc     = 100      ! PW energy cutoff in Ry (1 Ha = 2 Ry)
  occupations = 'smearing'
  smearing    = 'mv'     ! Marzari-Vanderbilt cold smearing
  degauss     = 0.01     ! value of gaussian smearing in Ry
  nbnd        = 1856      ! 3528 valence electrons -> 1764 occupied; adjust as needed
  assume_isolated = '2D' ! helps for 2d systems
/
&ELECTRONS
  electron_maxstep =  400   ! number of iterations in SCF step
  conv_thr         =  1.d-10 ! convergence threshold for self-consistency
  mixing_beta      =  0.3
/

ATOMIC_SPECIES
  C 12.011 C.upf ! atom type and pseudo potential

CELL_PARAMETERS bohr
  84.7453300281  -48.9277391043   0.0000000000
  84.7453300281   48.9277391043   0.0000000000
   0.0000000000             0.0000000000            30.0000000000

ATOMIC_POSITIONS crystal
  C  0.0158730159  0.0158730159  0.0000000000
  C  0.0317460317  0.0317460317  0.0000000000
  C  0.0158730159  0.0634920635  0.0000000000
  C  0.0317460317  0.0793650794  0.0000000000
  C  0.0158730159  0.1111111111  0.0000000000
  C  0.0317460317  0.1269841270  0.0000000000
  C  0.0158730159  0.1587301587  0.0000000000
  C  0.0317460317  0.1746031746  0.0000000000
  C  0.0158730159  0.2063492063  0.0000000000
  C  0.0317460317  0.2222222222  0.0000000000
  C  0.0158730159  0.2539682540  0.0000000000
  C  0.0317460317  0.2698412698  0.0000000000
  C  0.0158730159  0.3015873016  0.0000000000
  C  0.0317460317  0.3174603175  0.0000000000
  C  0.0158730159  0.3492063492  0.0000000000
  C  0.0317460317  0.3650793651  0.0000000000
  C  0.0158730159  0.3968253968  0.0000000000
  C  0.0317460317  0.4126984127  0.0000000000
  C  0.0158730159  0.4444444444  0.0000000000
  C  0.0317460317  0.4603174603  0.0000000000
  C  0.0158730159  0.4920634921  0.0000000000
  C  0.0317460317  0.5079365079  0.0000000000
  C  0.0158730159  0.5396825397  0.0000000000
  C  0.0317460317  0.5555555556  0.0000000000
  C  0.0158730159  0.5873015873  0.0000000000
  C  0.0317460317  0.6031746032  0.0000000000
  C  0.0158730159  0.6349206349  0.0000000000
  C  0.0317460317  0.6507936508  0.0000000000
  C  0.0158730159  0.6825396825  0.0000000000
  C  0.0317460317  0.6984126984  0.0000000000
  C  0.0158730159  0.7301587302  0.0000000000
  C  0.0317460317  0.7460317460  0.0000000000
  C  0.0158730159  0.7777777778  0.0000000000
  C  0.0317460317  0.7936507937  0.0000000000
  C  0.0158730159  0.8253968254  0.0000000000
  C  0.0317460317  0.8412698413  0.0000000000
  C  0.0158730159  0.8730158730  0.0000000000
  C  0.0317460317  0.8888888889  0.0000000000
  C  0.0158730159  0.9206349206  0.0000000000
  C  0.0317460317  0.9365079365  0.0000000000
  C  0.0158730159  0.9682539683  0.0000000000
  C  0.0317460317  0.9841269841  0.0000000000
  C  0.0634920635  0.0158730159  0.0000000000
  C  0.0793650794  0.0317460317  0.0000000000
  C  0.0634920635  0.0634920635  0.0000000000
  C  0.0793650794  0.0793650794  0.0000000000
  C  0.0634920635  0.1111111111  0.0000000000
  C  0.0793650794  0.1269841270  0.0000000000
  C  0.0634920635  0.1587301587  0.0000000000
  C  0.0793650794  0.1746031746  0.0000000000
  C  0.0634920635  0.2063492063  0.0000000000
  C  0.0793650794  0.2222222222  0.0000000000
  C  0.0634920635  0.2539682540  0.0000000000
  C  0.0793650794  0.2698412698  0.0000000000
  C  0.0634920635  0.3015873016  0.0000000000
  C  0.0793650794  0.3174603175  0.0000000000
  C  0.0634920635  0.3492063492  0.0000000000
  C  0.0793650794  0.3650793651  0.0000000000
  C  0.0634920635  0.3968253968  0.0000000000
  C  0.0793650794  0.4126984127  0.0000000000
  C  0.0634920635  0.4444444444  0.0000000000
  C  0.0793650794  0.4603174603  0.0000000000
  C  0.0634920635  0.4920634921  0.0000000000
  C  0.0793650794  0.5079365079  0.0000000000
  C  0.0634920635  0.5396825397  0.0000000000
  C  0.0793650794  0.5555555556  0.0000000000
  C  0.0634920635  0.5873015873  0.0000000000
  C  0.0793650794  0.6031746032  0.0000000000
  C  0.0634920635  0.6349206349  0.0000000000
  C  0.0793650794  0.6507936508  0.0000000000
  C  0.0634920635  0.6825396825  0.0000000000
  C  0.0793650794  0.6984126984  0.0000000000
  C  0.0634920635  0.7301587302  0.0000000000
  C  0.0793650794  0.7460317460  0.0000000000
  C  0.0634920635  0.7777777778  0.0000000000
  C  0.0793650794  0.7936507937  0.0000000000
  C  0.0634920635  0.8253968254  0.0000000000
  C  0.0793650794  0.8412698413  0.0000000000
  C  0.0634920635  0.8730158730  0.0000000000
  C  0.0793650794  0.8888888889  0.0000000000
  C  0.0634920635  0.9206349206  0.0000000000
  C  0.0793650794  0.9365079365  0.0000000000
  C  0.0634920635  0.9682539683  0.0000000000
  C  0.0793650794  0.9841269841  0.0000000000
  C  0.1111111111  0.0158730159  0.0000000000
  C  0.1269841270  0.0317460317  0.0000000000
  C  0.1111111111  0.0634920635  0.0000000000
  C  0.1269841270  0.0793650794  0.0000000000
  C  0.1111111111  0.1111111111  0.0000000000
  C  0.1269841270  0.1269841270  0.0000000000
  C  0.1111111111  0.1587301587  0.0000000000
  C  0.1269841270  0.1746031746  0.0000000000
  C  0.1111111111  0.2063492063  0.0000000000
  C  0.1269841270  0.2222222222  0.0000000000
  C  0.1111111111  0.2539682540  0.0000000000
  C  0.1269841270  0.2698412698  0.0000000000
  C  0.1111111111  0.3015873016  0.0000000000
  C  0.1269841270  0.3174603175  0.0000000000
  C  0.1111111111  0.3492063492  0.0000000000
  C  0.1269841270  0.3650793651  0.0000000000
  C  0.1111111111  0.3968253968  0.0000000000
  C  0.1269841270  0.4126984127  0.0000000000
  C  0.1111111111  0.4444444444  0.0000000000
  C  0.1269841270  0.4603174603  0.0000000000
  C  0.1111111111  0.4920634921  0.0000000000
  C  0.1269841270  0.5079365079  0.0000000000
  C  0.1111111111  0.5396825397  0.0000000000
  C  0.1269841270  0.5555555556  0.0000000000
  C  0.1111111111  0.5873015873  0.0000000000
  C  0.1269841270  0.6031746032  0.0000000000
  C  0.1111111111  0.6349206349  0.0000000000
  C  0.1269841270  0.6507936508  0.0000000000
  C  0.1111111111  0.6825396825  0.0000000000
  C  0.1269841270  0.6984126984  0.0000000000
  C  0.1111111111  0.7301587302  0.0000000000
  C  0.1269841270  0.7460317460  0.0000000000
  C  0.1111111111  0.7777777778  0.0000000000
  C  0.1269841270  0.7936507937  0.0000000000
  C  0.1111111111  0.8253968254  0.0000000000
  C  0.1269841270  0.8412698413  0.0000000000
  C  0.1111111111  0.8730158730  0.0000000000
  C  0.1269841270  0.8888888889  0.0000000000
  C  0.1111111111  0.9206349206  0.0000000000
  C  0.1269841270  0.9365079365  0.0000000000
  C  0.1111111111  0.9682539683  0.0000000000
  C  0.1269841270  0.9841269841  0.0000000000
  C  0.1587301587  0.0158730159  0.0000000000
  C  0.1746031746  0.0317460317  0.0000000000
  C  0.1587301587  0.0634920635  0.0000000000
  C  0.1746031746  0.0793650794  0.0000000000
  C  0.1587301587  0.1111111111  0.0000000000
  C  0.1746031746  0.1269841270  0.0000000000
  C  0.1587301587  0.1587301587  0.0000000000
  C  0.1746031746  0.1746031746  0.0000000000
  C  0.1587301587  0.2063492063  0.0000000000
  C  0.1746031746  0.2222222222  0.0000000000
  C  0.1587301587  0.2539682540  0.0000000000
  C  0.1746031746  0.2698412698  0.0000000000
  C  0.1587301587  0.3015873016  0.0000000000
  C  0.1746031746  0.3174603175  0.0000000000
  C  0.1587301587  0.3492063492  0.0000000000
  C  0.1746031746  0.3650793651  0.0000000000
  C  0.1587301587  0.3968253968  0.0000000000
  C  0.1746031746  0.4126984127  0.0000000000
  C  0.1587301587  0.4444444444  0.0000000000
  C  0.1746031746  0.4603174603  0.0000000000
  C  0.1587301587  0.4920634921  0.0000000000
  C  0.1746031746  0.5079365079  0.0000000000
  C  0.1587301587  0.5396825397  0.0000000000
  C  0.1746031746  0.5555555556  0.0000000000
  C  0.1587301587  0.5873015873  0.0000000000
  C  0.1746031746  0.6031746032  0.0000000000
  C  0.1587301587  0.6349206349  0.0000000000
  C  0.1746031746  0.6507936508  0.0000000000
  C  0.1587301587  0.6825396825  0.0000000000
  C  0.1746031746  0.6984126984  0.0000000000
  C  0.1587301587  0.7301587302  0.0000000000
  C  0.1746031746  0.7460317460  0.0000000000
  C  0.1587301587  0.7777777778  0.0000000000
  C  0.1746031746  0.7936507937  0.0000000000
  C  0.1587301587  0.8253968254  0.0000000000
  C  0.1746031746  0.8412698413  0.0000000000
  C  0.1587301587  0.8730158730  0.0000000000
  C  0.1746031746  0.8888888889  0.0000000000
  C  0.1587301587  0.9206349206  0.0000000000
  C  0.1746031746  0.9365079365  0.0000000000
  C  0.1587301587  0.9682539683  0.0000000000
  C  0.1746031746  0.9841269841  0.0000000000
  C  0.2063492063  0.0158730159  0.0000000000
  C  0.2222222222  0.0317460317  0.0000000000
  C  0.2063492063  0.0634920635  0.0000000000
  C  0.2222222222  0.0793650794  0.0000000000
  C  0.2063492063  0.1111111111  0.0000000000
  C  0.2222222222  0.1269841270  0.0000000000
  C  0.2063492063  0.1587301587  0.0000000000
  C  0.2222222222  0.1746031746  0.0000000000
  C  0.2063492063  0.2063492063  0.0000000000
  C  0.2222222222  0.2222222222  0.0000000000
  C  0.2063492063  0.2539682540  0.0000000000
  C  0.2222222222  0.2698412698  0.0000000000
  C  0.2063492063  0.3015873016  0.0000000000
  C  0.2222222222  0.3174603175  0.0000000000
  C  0.2063492063  0.3492063492  0.0000000000
  C  0.2222222222  0.3650793651  0.0000000000
  C  0.2063492063  0.3968253968  0.0000000000
  C  0.2222222222  0.4126984127  0.0000000000
  C  0.2063492063  0.4444444444  0.0000000000
  C  0.2222222222  0.4603174603  0.0000000000
  C  0.2063492063  0.4920634921  0.0000000000
  C  0.2222222222  0.5079365079  0.0000000000
  C  0.2063492063  0.5396825397  0.0000000000
  C  0.2222222222  0.5555555556  0.0000000000
  C  0.2063492063  0.5873015873  0.0000000000
  C  0.2222222222  0.6031746032  0.0000000000
  C  0.2063492063  0.6349206349  0.0000000000
  C  0.2222222222  0.6507936508  0.0000000000
  C  0.2063492063  0.6825396825  0.0000000000
  C  0.2222222222  0.6984126984  0.0000000000
  C  0.2063492063  0.7301587302  0.0000000000
  C  0.2222222222  0.7460317460  0.0000000000
  C  0.2063492063  0.7777777778  0.0000000000
  C  0.2222222222  0.7936507937  0.0000000000
  C  0.2063492063  0.8253968254  0.0000000000
  C  0.2222222222  0.8412698413  0.0000000000
  C  0.2063492063  0.8730158730  0.0000000000
  C  0.2222222222  0.8888888889  0.0000000000
  C  0.2063492063  0.9206349206  0.0000000000
  C  0.2222222222  0.9365079365  0.0000000000
  C  0.2063492063  0.9682539683  0.0000000000
  C  0.2222222222  0.9841269841  0.0000000000
  C  0.2539682540  0.0158730159  0.0000000000
  C  0.2698412698  0.0317460317  0.0000000000
  C  0.2539682540  0.0634920635  0.0000000000
  C  0.2698412698  0.0793650794  0.0000000000
  C  0.2539682540  0.1111111111  0.0000000000
  C  0.2698412698  0.1269841270  0.0000000000
  C  0.2539682540  0.1587301587  0.0000000000
  C  0.2698412698  0.1746031746  0.0000000000
  C  0.2539682540  0.2063492063  0.0000000000
  C  0.2698412698  0.2222222222  0.0000000000
  C  0.2539682540  0.2539682540  0.0000000000
  C  0.2698412698  0.2698412698  0.0000000000
  C  0.2539682540  0.3015873016  0.0000000000
  C  0.2698412698  0.3174603175  0.0000000000
  C  0.2539682540  0.3492063492  0.0000000000
  C  0.2698412698  0.3650793651  0.0000000000
  C  0.2539682540  0.3968253968  0.0000000000
  C  0.2698412698  0.4126984127  0.0000000000
  C  0.2539682540  0.4444444444  0.0000000000
  C  0.2698412698  0.4603174603  0.0000000000
  C  0.2539682540  0.4920634921  0.0000000000
  C  0.2698412698  0.5079365079  0.0000000000
  C  0.2539682540  0.5396825397  0.0000000000
  C  0.2698412698  0.5555555556  0.0000000000
  C  0.2539682540  0.5873015873  0.0000000000
  C  0.2698412698  0.6031746032  0.0000000000
  C  0.2539682540  0.6349206349  0.0000000000
  C  0.2698412698  0.6507936508  0.0000000000
  C  0.2539682540  0.6825396825  0.0000000000
  C  0.2698412698  0.6984126984  0.0000000000
  C  0.2539682540  0.7301587302  0.0000000000
  C  0.2698412698  0.7460317460  0.0000000000
  C  0.2539682540  0.7777777778  0.0000000000
  C  0.2698412698  0.7936507937  0.0000000000
  C  0.2539682540  0.8253968254  0.0000000000
  C  0.2698412698  0.8412698413  0.0000000000
  C  0.2539682540  0.8730158730  0.0000000000
  C  0.2698412698  0.8888888889  0.0000000000
  C  0.2539682540  0.9206349206  0.0000000000
  C  0.2698412698  0.9365079365  0.0000000000
  C  0.2539682540  0.9682539683  0.0000000000
  C  0.2698412698  0.9841269841  0.0000000000
  C  0.3015873016  0.0158730159  0.0000000000
  C  0.3174603175  0.0317460317  0.0000000000
  C  0.3015873016  0.0634920635  0.0000000000
  C  0.3174603175  0.0793650794  0.0000000000
  C  0.3015873016  0.1111111111  0.0000000000
  C  0.3174603175  0.1269841270  0.0000000000
  C  0.3015873016  0.1587301587  0.0000000000
  C  0.3174603175  0.1746031746  0.0000000000
  C  0.3015873016  0.2063492063  0.0000000000
  C  0.3174603175  0.2222222222  0.0000000000
  C  0.3015873016  0.2539682540  0.0000000000
  C  0.3174603175  0.2698412698  0.0000000000
  C  0.3015873016  0.3015873016  0.0000000000
  C  0.3174603175  0.3174603175  0.0000000000
  C  0.3015873016  0.3492063492  0.0000000000
  C  0.3174603175  0.3650793651  0.0000000000
  C  0.3015873016  0.3968253968  0.0000000000
  C  0.3174603175  0.4126984127  0.0000000000
  C  0.3015873016  0.4444444444  0.0000000000
  C  0.3174603175  0.4603174603  0.0000000000
  C  0.3015873016  0.4920634921  0.0000000000
  C  0.3174603175  0.5079365079  0.0000000000
  C  0.3015873016  0.5396825397  0.0000000000
  C  0.3174603175  0.5555555556  0.0000000000
  C  0.3015873016  0.5873015873  0.0000000000
  C  0.3174603175  0.6031746032  0.0000000000
  C  0.3015873016  0.6349206349  0.0000000000
  C  0.3174603175  0.6507936508  0.0000000000
  C  0.3015873016  0.6825396825  0.0000000000
  C  0.3174603175  0.6984126984  0.0000000000
  C  0.3015873016  0.7301587302  0.0000000000
  C  0.3174603175  0.7460317460  0.0000000000
  C  0.3015873016  0.7777777778  0.0000000000
  C  0.3174603175  0.7936507937  0.0000000000
  C  0.3015873016  0.8253968254  0.0000000000
  C  0.3174603175  0.8412698413  0.0000000000
  C  0.3015873016  0.8730158730  0.0000000000
  C  0.3174603175  0.8888888889  0.0000000000
  C  0.3015873016  0.9206349206  0.0000000000
  C  0.3174603175  0.9365079365  0.0000000000
  C  0.3015873016  0.9682539683  0.0000000000
  C  0.3174603175  0.9841269841  0.0000000000
  C  0.3492063492  0.0158730159  0.0000000000
  C  0.3650793651  0.0317460317  0.0000000000
  C  0.3492063492  0.0634920635  0.0000000000
  C  0.3650793651  0.0793650794  0.0000000000
  C  0.3492063492  0.1111111111  0.0000000000
  C  0.3650793651  0.1269841270  0.0000000000
  C  0.3492063492  0.1587301587  0.0000000000
  C  0.3650793651  0.1746031746  0.0000000000
  C  0.3492063492  0.2063492063  0.0000000000
  C  0.3650793651  0.2222222222  0.0000000000
  C  0.3492063492  0.2539682540  0.0000000000
  C  0.3650793651  0.2698412698  0.0000000000
  C  0.3492063492  0.3015873016  0.0000000000
  C  0.3650793651  0.3174603175  0.0000000000
  C  0.3492063492  0.3492063492  0.0000000000
  C  0.3650793651  0.3650793651  0.0000000000
  C  0.3492063492  0.3968253968  0.0000000000
  C  0.3650793651  0.4126984127  0.0000000000
  C  0.3492063492  0.4444444444  0.0000000000
  C  0.3650793651  0.4603174603  0.0000000000
  C  0.3492063492  0.4920634921  0.0000000000
  C  0.3650793651  0.5079365079  0.0000000000
  C  0.3492063492  0.5396825397  0.0000000000
  C  0.3650793651  0.5555555556  0.0000000000
  C  0.3492063492  0.5873015873  0.0000000000
  C  0.3650793651  0.6031746032  0.0000000000
  C  0.3492063492  0.6349206349  0.0000000000
  C  0.3650793651  0.6507936508  0.0000000000
  C  0.3492063492  0.6825396825  0.0000000000
  C  0.3650793651  0.6984126984  0.0000000000
  C  0.3492063492  0.7301587302  0.0000000000
  C  0.3650793651  0.7460317460  0.0000000000
  C  0.3492063492  0.7777777778  0.0000000000
  C  0.3650793651  0.7936507937  0.0000000000
  C  0.3492063492  0.8253968254  0.0000000000
  C  0.3650793651  0.8412698413  0.0000000000
  C  0.3492063492  0.8730158730  0.0000000000
  C  0.3650793651  0.8888888889  0.0000000000
  C  0.3492063492  0.9206349206  0.0000000000
  C  0.3650793651  0.9365079365  0.0000000000
  C  0.3492063492  0.9682539683  0.0000000000
  C  0.3650793651  0.9841269841  0.0000000000
  C  0.3968253968  0.0158730159  0.0000000000
  C  0.4126984127  0.0317460317  0.0000000000
  C  0.3968253968  0.0634920635  0.0000000000
  C  0.4126984127  0.0793650794  0.0000000000
  C  0.3968253968  0.1111111111  0.0000000000
  C  0.4126984127  0.1269841270  0.0000000000
  C  0.3968253968  0.1587301587  0.0000000000
  C  0.4126984127  0.1746031746  0.0000000000
  C  0.3968253968  0.2063492063  0.0000000000
  C  0.4126984127  0.2222222222  0.0000000000
  C  0.3968253968  0.2539682540  0.0000000000
  C  0.4126984127  0.2698412698  0.0000000000
  C  0.3968253968  0.3015873016  0.0000000000
  C  0.4126984127  0.3174603175  0.0000000000
  C  0.3968253968  0.3492063492  0.0000000000
  C  0.4126984127  0.3650793651  0.0000000000
  C  0.3968253968  0.3968253968  0.0000000000
  C  0.4126984127  0.4126984127  0.0000000000
  C  0.3968253968  0.4444444444  0.0000000000
  C  0.4126984127  0.4603174603  0.0000000000
  C  0.3968253968  0.4920634921  0.0000000000
  C  0.4126984127  0.5079365079  0.0000000000
  C  0.3968253968  0.5396825397  0.0000000000
  C  0.4126984127  0.5555555556  0.0000000000
  C  0.3968253968  0.5873015873  0.0000000000
  C  0.4126984127  0.6031746032  0.0000000000
  C  0.3968253968  0.6349206349  0.0000000000
  C  0.4126984127  0.6507936508  0.0000000000
  C  0.3968253968  0.6825396825  0.0000000000
  C  0.4126984127  0.6984126984  0.0000000000
  C  0.3968253968  0.7301587302  0.0000000000
  C  0.4126984127  0.7460317460  0.0000000000
  C  0.3968253968  0.7777777778  0.0000000000
  C  0.4126984127  0.7936507937  0.0000000000
  C  0.3968253968  0.8253968254  0.0000000000
  C  0.4126984127  0.8412698413  0.0000000000
  C  0.3968253968  0.8730158730  0.0000000000
  C  0.4126984127  0.8888888889  0.0000000000
  C  0.3968253968  0.9206349206  0.0000000000
  C  0.4126984127  0.9365079365  0.0000000000
  C  0.3968253968  0.9682539683  0.0000000000
  C  0.4126984127  0.9841269841  0.0000000000
  C  0.4444444444  0.0158730159  0.0000000000
  C  0.4603174603  0.0317460317  0.0000000000
  C  0.4444444444  0.0634920635  0.0000000000
  C  0.4603174603  0.0793650794  0.0000000000
  C  0.4444444444  0.1111111111  0.0000000000
  C  0.4603174603  0.1269841270  0.0000000000
  C  0.4444444444  0.1587301587  0.0000000000
  C  0.4603174603  0.1746031746  0.0000000000
  C  0.4444444444  0.2063492063  0.0000000000
  C  0.4603174603  0.2222222222  0.0000000000
  C  0.4444444444  0.2539682540  0.0000000000
  C  0.4603174603  0.2698412698  0.0000000000
  C  0.4444444444  0.3015873016  0.0000000000
  C  0.4603174603  0.3174603175  0.0000000000
  C  0.4444444444  0.3492063492  0.0000000000
  C  0.4603174603  0.3650793651  0.0000000000
  C  0.4444444444  0.3968253968  0.0000000000
  C  0.4603174603  0.4126984127  0.0000000000
  C  0.4444444444  0.4444444444  0.0000000000
  C  0.4603174603  0.4603174603  0.0000000000
  C  0.4444444444  0.4920634921  0.0000000000
  C  0.4603174603  0.5079365079  0.0000000000
  C  0.4444444444  0.5396825397  0.0000000000
  C  0.4603174603  0.5555555556  0.0000000000
  C  0.4444444444  0.5873015873  0.0000000000
  C  0.4603174603  0.6031746032  0.0000000000
  C  0.4444444444  0.6349206349  0.0000000000
  C  0.4603174603  0.6507936508  0.0000000000
  C  0.4444444444  0.6825396825  0.0000000000
  C  0.4603174603  0.6984126984  0.0000000000
  C  0.4444444444  0.7301587302  0.0000000000
  C  0.4603174603  0.7460317460  0.0000000000
  C  0.4444444444  0.7777777778  0.0000000000
  C  0.4603174603  0.7936507937  0.0000000000
  C  0.4444444444  0.8253968254  0.0000000000
  C  0.4603174603  0.8412698413  0.0000000000
  C  0.4444444444  0.8730158730  0.0000000000
  C  0.4603174603  0.8888888889  0.0000000000
  C  0.4444444444  0.9206349206  0.0000000000
  C  0.4603174603  0.9365079365  0.0000000000
  C  0.4444444444  0.9682539683  0.0000000000
  C  0.4603174603  0.9841269841  0.0000000000
  C  0.4920634921  0.0158730159  0.0000000000
  C  0.5079365079  0.0317460317  0.0000000000
  C  0.4920634921  0.0634920635  0.0000000000
  C  0.5079365079  0.0793650794  0.0000000000
  C  0.4920634921  0.1111111111  0.0000000000
  C  0.5079365079  0.1269841270  0.0000000000
  C  0.4920634921  0.1587301587  0.0000000000
  C  0.5079365079  0.1746031746  0.0000000000
  C  0.4920634921  0.2063492063  0.0000000000
  C  0.5079365079  0.2222222222  0.0000000000
  C  0.4920634921  0.2539682540  0.0000000000
  C  0.5079365079  0.2698412698  0.0000000000
  C  0.4920634921  0.3015873016  0.0000000000
  C  0.5079365079  0.3174603175  0.0000000000
  C  0.4920634921  0.3492063492  0.0000000000
  C  0.5079365079  0.3650793651  0.0000000000
  C  0.4920634921  0.3968253968  0.0000000000
  C  0.5079365079  0.4126984127  0.0000000000
  C  0.4920634921  0.4444444444  0.0000000000
  C  0.5079365079  0.4603174603  0.0000000000
  C  0.4920634921  0.4920634921  0.0000000000
  C  0.5079365079  0.5079365079  0.0000000000
  C  0.4920634921  0.5396825397  0.0000000000
  C  0.5079365079  0.5555555556  0.0000000000
  C  0.4920634921  0.5873015873  0.0000000000
  C  0.5079365079  0.6031746032  0.0000000000
  C  0.4920634921  0.6349206349  0.0000000000
  C  0.5079365079  0.6507936508  0.0000000000
  C  0.4920634921  0.6825396825  0.0000000000
  C  0.5079365079  0.6984126984  0.0000000000
  C  0.4920634921  0.7301587302  0.0000000000
  C  0.5079365079  0.7460317460  0.0000000000
  C  0.4920634921  0.7777777778  0.0000000000
  C  0.5079365079  0.7936507937  0.0000000000
  C  0.4920634921  0.8253968254  0.0000000000
  C  0.5079365079  0.8412698413  0.0000000000
  C  0.4920634921  0.8730158730  0.0000000000
  C  0.5079365079  0.8888888889  0.0000000000
  C  0.4920634921  0.9206349206  0.0000000000
  C  0.5079365079  0.9365079365  0.0000000000
  C  0.4920634921  0.9682539683  0.0000000000
  C  0.5079365079  0.9841269841  0.0000000000
  C  0.5396825397  0.0158730159  0.0000000000
  C  0.5555555556  0.0317460317  0.0000000000
  C  0.5396825397  0.0634920635  0.0000000000
  C  0.5555555556  0.0793650794  0.0000000000
  C  0.5396825397  0.1111111111  0.0000000000
  C  0.5555555556  0.1269841270  0.0000000000
  C  0.5396825397  0.1587301587  0.0000000000
  C  0.5555555556  0.1746031746  0.0000000000
  C  0.5396825397  0.2063492063  0.0000000000
  C  0.5555555556  0.2222222222  0.0000000000
  C  0.5396825397  0.2539682540  0.0000000000
  C  0.5555555556  0.2698412698  0.0000000000
  C  0.5396825397  0.3015873016  0.0000000000
  C  0.5555555556  0.3174603175  0.0000000000
  C  0.5396825397  0.3492063492  0.0000000000
  C  0.5555555556  0.3650793651  0.0000000000
  C  0.5396825397  0.3968253968  0.0000000000
  C  0.5555555556  0.4126984127  0.0000000000
  C  0.5396825397  0.4444444444  0.0000000000
  C  0.5555555556  0.4603174603  0.0000000000
  C  0.5396825397  0.4920634921  0.0000000000
  C  0.5555555556  0.5079365079  0.0000000000
  C  0.5396825397  0.5396825397  0.0000000000
  C  0.5555555556  0.5555555556  0.0000000000
  C  0.5396825397  0.5873015873  0.0000000000
  C  0.5555555556  0.6031746032  0.0000000000
  C  0.5396825397  0.6349206349  0.0000000000
  C  0.5555555556  0.6507936508  0.0000000000
  C  0.5396825397  0.6825396825  0.0000000000
  C  0.5555555556  0.6984126984  0.0000000000
  C  0.5396825397  0.7301587302  0.0000000000
  C  0.5555555556  0.7460317460  0.0000000000
  C  0.5396825397  0.7777777778  0.0000000000
  C  0.5555555556  0.7936507937  0.0000000000
  C  0.5396825397  0.8253968254  0.0000000000
  C  0.5555555556  0.8412698413  0.0000000000
  C  0.5396825397  0.8730158730  0.0000000000
  C  0.5555555556  0.8888888889  0.0000000000
  C  0.5396825397  0.9206349206  0.0000000000
  C  0.5555555556  0.9365079365  0.0000000000
  C  0.5396825397  0.9682539683  0.0000000000
  C  0.5555555556  0.9841269841  0.0000000000
  C  0.5873015873  0.0158730159  0.0000000000
  C  0.6031746032  0.0317460317  0.0000000000
  C  0.5873015873  0.0634920635  0.0000000000
  C  0.6031746032  0.0793650794  0.0000000000
  C  0.5873015873  0.1111111111  0.0000000000
  C  0.6031746032  0.1269841270  0.0000000000
  C  0.5873015873  0.1587301587  0.0000000000
  C  0.6031746032  0.1746031746  0.0000000000
  C  0.5873015873  0.2063492063  0.0000000000
  C  0.6031746032  0.2222222222  0.0000000000
  C  0.5873015873  0.2539682540  0.0000000000
  C  0.6031746032  0.2698412698  0.0000000000
  C  0.5873015873  0.3015873016  0.0000000000
  C  0.6031746032  0.3174603175  0.0000000000
  C  0.5873015873  0.3492063492  0.0000000000
  C  0.6031746032  0.3650793651  0.0000000000
  C  0.5873015873  0.3968253968  0.0000000000
  C  0.6031746032  0.4126984127  0.0000000000
  C  0.5873015873  0.4444444444  0.0000000000
  C  0.6031746032  0.4603174603  0.0000000000
  C  0.5873015873  0.4920634921  0.0000000000
  C  0.6031746032  0.5079365079  0.0000000000
  C  0.5873015873  0.5396825397  0.0000000000
  C  0.6031746032  0.5555555556  0.0000000000
  C  0.5873015873  0.5873015873  0.0000000000
  C  0.6031746032  0.6031746032  0.0000000000
  C  0.5873015873  0.6349206349  0.0000000000
  C  0.6031746032  0.6507936508  0.0000000000
  C  0.5873015873  0.6825396825  0.0000000000
  C  0.6031746032  0.6984126984  0.0000000000
  C  0.5873015873  0.7301587302  0.0000000000
  C  0.6031746032  0.7460317460  0.0000000000
  C  0.5873015873  0.7777777778  0.0000000000
  C  0.6031746032  0.7936507937  0.0000000000
  C  0.5873015873  0.8253968254  0.0000000000
  C  0.6031746032  0.8412698413  0.0000000000
  C  0.5873015873  0.8730158730  0.0000000000
  C  0.6031746032  0.8888888889  0.0000000000
  C  0.5873015873  0.9206349206  0.0000000000
  C  0.6031746032  0.9365079365  0.0000000000
  C  0.5873015873  0.9682539683  0.0000000000
  C  0.6031746032  0.9841269841  0.0000000000
  C  0.6349206349  0.0158730159  0.0000000000
  C  0.6507936508  0.0317460317  0.0000000000
  C  0.6349206349  0.0634920635  0.0000000000
  C  0.6507936508  0.0793650794  0.0000000000
  C  0.6349206349  0.1111111111  0.0000000000
  C  0.6507936508  0.1269841270  0.0000000000
  C  0.6349206349  0.1587301587  0.0000000000
  C  0.6507936508  0.1746031746  0.0000000000
  C  0.6349206349  0.2063492063  0.0000000000
  C  0.6507936508  0.2222222222  0.0000000000
  C  0.6349206349  0.2539682540  0.0000000000
  C  0.6507936508  0.2698412698  0.0000000000
  C  0.6349206349  0.3015873016  0.0000000000
  C  0.6507936508  0.3174603175  0.0000000000
  C  0.6349206349  0.3492063492  0.0000000000
  C  0.6507936508  0.3650793651  0.0000000000
  C  0.6349206349  0.3968253968  0.0000000000
  C  0.6507936508  0.4126984127  0.0000000000
  C  0.6349206349  0.4444444444  0.0000000000
  C  0.6507936508  0.4603174603  0.0000000000
  C  0.6349206349  0.4920634921  0.0000000000
  C  0.6507936508  0.5079365079  0.0000000000
  C  0.6349206349  0.5396825397  0.0000000000
  C  0.6507936508  0.5555555556  0.0000000000
  C  0.6349206349  0.5873015873  0.0000000000
  C  0.6507936508  0.6031746032  0.0000000000
  C  0.6349206349  0.6349206349  0.0000000000
  C  0.6507936508  0.6507936508  0.0000000000
  C  0.6349206349  0.6825396825  0.0000000000
  C  0.6507936508  0.6984126984  0.0000000000
  C  0.6349206349  0.7301587302  0.0000000000
  C  0.6507936508  0.7460317460  0.0000000000
  C  0.6349206349  0.7777777778  0.0000000000
  C  0.6507936508  0.7936507937  0.0000000000
  C  0.6349206349  0.8253968254  0.0000000000
  C  0.6507936508  0.8412698413  0.0000000000
  C  0.6349206349  0.8730158730  0.0000000000
  C  0.6507936508  0.8888888889  0.0000000000
  C  0.6349206349  0.9206349206  0.0000000000
  C  0.6507936508  0.9365079365  0.0000000000
  C  0.6349206349  0.9682539683  0.0000000000
  C  0.6507936508  0.9841269841  0.0000000000
  C  0.6825396825  0.0158730159  0.0000000000
  C  0.6984126984  0.0317460317  0.0000000000
  C  0.6825396825  0.0634920635  0.0000000000
  C  0.6984126984  0.0793650794  0.0000000000
  C  0.6825396825  0.1111111111  0.0000000000
  C  0.6984126984  0.1269841270  0.0000000000
  C  0.6825396825  0.1587301587  0.0000000000
  C  0.6984126984  0.1746031746  0.0000000000
  C  0.6825396825  0.2063492063  0.0000000000
  C  0.6984126984  0.2222222222  0.0000000000
  C  0.6825396825  0.2539682540  0.0000000000
  C  0.6984126984  0.2698412698  0.0000000000
  C  0.6825396825  0.3015873016  0.0000000000
  C  0.6984126984  0.3174603175  0.0000000000
  C  0.6825396825  0.3492063492  0.0000000000
  C  0.6984126984  0.3650793651  0.0000000000
  C  0.6825396825  0.3968253968  0.0000000000
  C  0.6984126984  0.4126984127  0.0000000000
  C  0.6825396825  0.4444444444  0.0000000000
  C  0.6984126984  0.4603174603  0.0000000000
  C  0.6825396825  0.4920634921  0.0000000000
  C  0.6984126984  0.5079365079  0.0000000000
  C  0.6825396825  0.5396825397  0.0000000000
  C  0.6984126984  0.5555555556  0.0000000000
  C  0.6825396825  0.5873015873  0.0000000000
  C  0.6984126984  0.6031746032  0.0000000000
  C  0.6825396825  0.6349206349  0.0000000000
  C  0.6984126984  0.6507936508  0.0000000000
  C  0.6825396825  0.6825396825  0.0000000000
  C  0.6984126984  0.6984126984  0.0000000000
  C  0.6825396825  0.7301587302  0.0000000000
  C  0.6984126984  0.7460317460  0.0000000000
  C  0.6825396825  0.7777777778  0.0000000000
  C  0.6984126984  0.7936507937  0.0000000000
  C  0.6825396825  0.8253968254  0.0000000000
  C  0.6984126984  0.8412698413  0.0000000000
  C  0.6825396825  0.8730158730  0.0000000000
  C  0.6984126984  0.8888888889  0.0000000000
  C  0.6825396825  0.9206349206  0.0000000000
  C  0.6984126984  0.9365079365  0.0000000000
  C  0.6825396825  0.9682539683  0.0000000000
  C  0.6984126984  0.9841269841  0.0000000000
  C  0.7301587302  0.0158730159  0.0000000000
  C  0.7460317460  0.0317460317  0.0000000000
  C  0.7301587302  0.0634920635  0.0000000000
  C  0.7460317460  0.0793650794  0.0000000000
  C  0.7301587302  0.1111111111  0.0000000000
  C  0.7460317460  0.1269841270  0.0000000000
  C  0.7301587302  0.1587301587  0.0000000000
  C  0.7460317460  0.1746031746  0.0000000000
  C  0.7301587302  0.2063492063  0.0000000000
  C  0.7460317460  0.2222222222  0.0000000000
  C  0.7301587302  0.2539682540  0.0000000000
  C  0.7460317460  0.2698412698  0.0000000000
  C  0.7301587302  0.3015873016  0.0000000000
  C  0.7460317460  0.3174603175  0.0000000000
  C  0.7301587302  0.3492063492  0.0000000000
  C  0.7460317460  0.3650793651  0.0000000000
  C  0.7301587302  0.3968253968  0.0000000000
  C  0.7460317460  0.4126984127  0.0000000000
  C  0.7301587302  0.4444444444  0.0000000000
  C  0.7460317460  0.4603174603  0.0000000000
  C  0.7301587302  0.4920634921  0.0000000000
  C  0.7460317460  0.5079365079  0.0000000000
  C  0.7301587302  0.5396825397  0.0000000000
  C  0.7460317460  0.5555555556  0.0000000000
  C  0.7301587302  0.5873015873  0.0000000000
  C  0.7460317460  0.6031746032  0.0000000000
  C  0.7301587302  0.6349206349  0.0000000000
  C  0.7460317460  0.6507936508  0.0000000000
  C  0.7301587302  0.6825396825  0.0000000000
  C  0.7460317460  0.6984126984  0.0000000000
  C  0.7301587302  0.7301587302  0.0000000000
  C  0.7460317460  0.7460317460  0.0000000000
  C  0.7301587302  0.7777777778  0.0000000000
  C  0.7460317460  0.7936507937  0.0000000000
  C  0.7301587302  0.8253968254  0.0000000000
  C  0.7460317460  0.8412698413  0.0000000000
  C  0.7301587302  0.8730158730  0.0000000000
  C  0.7460317460  0.8888888889  0.0000000000
  C  0.7301587302  0.9206349206  0.0000000000
  C  0.7460317460  0.9365079365  0.0000000000
  C  0.7301587302  0.9682539683  0.0000000000
  C  0.7460317460  0.9841269841  0.0000000000
  C  0.7777777778  0.0158730159  0.0000000000
  C  0.7936507937  0.0317460317  0.0000000000
  C  0.7777777778  0.0634920635  0.0000000000
  C  0.7936507937  0.0793650794  0.0000000000
  C  0.7777777778  0.1111111111  0.0000000000
  C  0.7936507937  0.1269841270  0.0000000000
  C  0.7777777778  0.1587301587  0.0000000000
  C  0.7936507937  0.1746031746  0.0000000000
  C  0.7777777778  0.2063492063  0.0000000000
  C  0.7936507937  0.2222222222  0.0000000000
  C  0.7777777778  0.2539682540  0.0000000000
  C  0.7936507937  0.2698412698  0.0000000000
  C  0.7777777778  0.3015873016  0.0000000000
  C  0.7936507937  0.3174603175  0.0000000000
  C  0.7777777778  0.3492063492  0.0000000000
  C  0.7936507937  0.3650793651  0.0000000000
  C  0.7777777778  0.3968253968  0.0000000000
  C  0.7936507937  0.4126984127  0.0000000000
  C  0.7777777778  0.4444444444  0.0000000000
  C  0.7936507937  0.4603174603  0.0000000000
  C  0.7777777778  0.4920634921  0.0000000000
  C  0.7936507937  0.5079365079  0.0000000000
  C  0.7777777778  0.5396825397  0.0000000000
  C  0.7936507937  0.5555555556  0.0000000000
  C  0.7777777778  0.5873015873  0.0000000000
  C  0.7936507937  0.6031746032  0.0000000000
  C  0.7777777778  0.6349206349  0.0000000000
  C  0.7936507937  0.6507936508  0.0000000000
  C  0.7777777778  0.6825396825  0.0000000000
  C  0.7936507937  0.6984126984  0.0000000000
  C  0.7777777778  0.7301587302  0.0000000000
  C  0.7936507937  0.7460317460  0.0000000000
  C  0.7777777778  0.7777777778  0.0000000000
  C  0.7936507937  0.7936507937  0.0000000000
  C  0.7777777778  0.8253968254  0.0000000000
  C  0.7936507937  0.8412698413  0.0000000000
  C  0.7777777778  0.8730158730  0.0000000000
  C  0.7936507937  0.8888888889  0.0000000000
  C  0.7777777778  0.9206349206  0.0000000000
  C  0.7936507937  0.9365079365  0.0000000000
  C  0.7777777778  0.9682539683  0.0000000000
  C  0.7936507937  0.9841269841  0.0000000000
  C  0.8253968254  0.0158730159  0.0000000000
  C  0.8412698413  0.0317460317  0.0000000000
  C  0.8253968254  0.0634920635  0.0000000000
  C  0.8412698413  0.0793650794  0.0000000000
  C  0.8253968254  0.1111111111  0.0000000000
  C  0.8412698413  0.1269841270  0.0000000000
  C  0.8253968254  0.1587301587  0.0000000000
  C  0.8412698413  0.1746031746  0.0000000000
  C  0.8253968254  0.2063492063  0.0000000000
  C  0.8412698413  0.2222222222  0.0000000000
  C  0.8253968254  0.2539682540  0.0000000000
  C  0.8412698413  0.2698412698  0.0000000000
  C  0.8253968254  0.3015873016  0.0000000000
  C  0.8412698413  0.3174603175  0.0000000000
  C  0.8253968254  0.3492063492  0.0000000000
  C  0.8412698413  0.3650793651  0.0000000000
  C  0.8253968254  0.3968253968  0.0000000000
  C  0.8412698413  0.4126984127  0.0000000000
  C  0.8253968254  0.4444444444  0.0000000000
  C  0.8412698413  0.4603174603  0.0000000000
  C  0.8253968254  0.4920634921  0.0000000000
  C  0.8412698413  0.5079365079  0.0000000000
  C  0.8253968254  0.5396825397  0.0000000000
  C  0.8412698413  0.5555555556  0.0000000000
  C  0.8253968254  0.5873015873  0.0000000000
  C  0.8412698413  0.6031746032  0.0000000000
  C  0.8253968254  0.6349206349  0.0000000000
  C  0.8412698413  0.6507936508  0.0000000000
  C  0.8253968254  0.6825396825  0.0000000000
  C  0.8412698413  0.6984126984  0.0000000000
  C  0.8253968254  0.7301587302  0.0000000000
  C  0.8412698413  0.7460317460  0.0000000000
  C  0.8253968254  0.7777777778  0.0000000000
  C  0.8412698413  0.7936507937  0.0000000000
  C  0.8253968254  0.8253968254  0.0000000000
  C  0.8412698413  0.8412698413  0.0000000000
  C  0.8253968254  0.8730158730  0.0000000000
  C  0.8412698413  0.8888888889  0.0000000000
  C  0.8253968254  0.9206349206  0.0000000000
  C  0.8412698413  0.9365079365  0.0000000000
  C  0.8253968254  0.9682539683  0.0000000000
  C  0.8412698413  0.9841269841  0.0000000000
  C  0.8730158730  0.0158730159  0.0000000000
  C  0.8888888889  0.0317460317  0.0000000000
  C  0.8730158730  0.0634920635  0.0000000000
  C  0.8888888889  0.0793650794  0.0000000000
  C  0.8730158730  0.1111111111  0.0000000000
  C  0.8888888889  0.1269841270  0.0000000000
  C  0.8730158730  0.1587301587  0.0000000000
  C  0.8888888889  0.1746031746  0.0000000000
  C  0.8730158730  0.2063492063  0.0000000000
  C  0.8888888889  0.2222222222  0.0000000000
  C  0.8730158730  0.2539682540  0.0000000000
  C  0.8888888889  0.2698412698  0.0000000000
  C  0.8730158730  0.3015873016  0.0000000000
  C  0.8888888889  0.3174603175  0.0000000000
  C  0.8730158730  0.3492063492  0.0000000000
  C  0.8888888889  0.3650793651  0.0000000000
  C  0.8730158730  0.3968253968  0.0000000000
  C  0.8888888889  0.4126984127  0.0000000000
  C  0.8730158730  0.4444444444  0.0000000000
  C  0.8888888889  0.4603174603  0.0000000000
  C  0.8730158730  0.4920634921  0.0000000000
  C  0.8888888889  0.5079365079  0.0000000000
  C  0.8730158730  0.5396825397  0.0000000000
  C  0.8888888889  0.5555555556  0.0000000000
  C  0.8730158730  0.5873015873  0.0000000000
  C  0.8888888889  0.6031746032  0.0000000000
  C  0.8730158730  0.6349206349  0.0000000000
  C  0.8888888889  0.6507936508  0.0000000000
  C  0.8730158730  0.6825396825  0.0000000000
  C  0.8888888889  0.6984126984  0.0000000000
  C  0.8730158730  0.7301587302  0.0000000000
  C  0.8888888889  0.7460317460  0.0000000000
  C  0.8730158730  0.7777777778  0.0000000000
  C  0.8888888889  0.7936507937  0.0000000000
  C  0.8730158730  0.8253968254  0.0000000000
  C  0.8888888889  0.8412698413  0.0000000000
  C  0.8730158730  0.8730158730  0.0000000000
  C  0.8888888889  0.8888888889  0.0000000000
  C  0.8730158730  0.9206349206  0.0000000000
  C  0.8888888889  0.9365079365  0.0000000000
  C  0.8730158730  0.9682539683  0.0000000000
  C  0.8888888889  0.9841269841  0.0000000000
  C  0.9206349206  0.0158730159  0.0000000000
  C  0.9365079365  0.0317460317  0.0000000000
  C  0.9206349206  0.0634920635  0.0000000000
  C  0.9365079365  0.0793650794  0.0000000000
  C  0.9206349206  0.1111111111  0.0000000000
  C  0.9365079365  0.1269841270  0.0000000000
  C  0.9206349206  0.1587301587  0.0000000000
  C  0.9365079365  0.1746031746  0.0000000000
  C  0.9206349206  0.2063492063  0.0000000000
  C  0.9365079365  0.2222222222  0.0000000000
  C  0.9206349206  0.2539682540  0.0000000000
  C  0.9365079365  0.2698412698  0.0000000000
  C  0.9206349206  0.3015873016  0.0000000000
  C  0.9365079365  0.3174603175  0.0000000000
  C  0.9206349206  0.3492063492  0.0000000000
  C  0.9365079365  0.3650793651  0.0000000000
  C  0.9206349206  0.3968253968  0.0000000000
  C  0.9365079365  0.4126984127  0.0000000000
  C  0.9206349206  0.4444444444  0.0000000000
  C  0.9365079365  0.4603174603  0.0000000000
  C  0.9206349206  0.4920634921  0.0000000000
  C  0.9365079365  0.5079365079  0.0000000000
  C  0.9206349206  0.5396825397  0.0000000000
  C  0.9365079365  0.5555555556  0.0000000000
  C  0.9206349206  0.5873015873  0.0000000000
  C  0.9365079365  0.6031746032  0.0000000000
  C  0.9206349206  0.6349206349  0.0000000000
  C  0.9365079365  0.6507936508  0.0000000000
  C  0.9206349206  0.6825396825  0.0000000000
  C  0.9365079365  0.6984126984  0.0000000000
  C  0.9206349206  0.7301587302  0.0000000000
  C  0.9365079365  0.7460317460  0.0000000000
  C  0.9206349206  0.7777777778  0.0000000000
  C  0.9365079365  0.7936507937  0.0000000000
  C  0.9206349206  0.8253968254  0.0000000000
  C  0.9365079365  0.8412698413  0.0000000000
  C  0.9206349206  0.8730158730  0.0000000000
  C  0.9365079365  0.8888888889  0.0000000000
  C  0.9206349206  0.9206349206  0.0000000000
  C  0.9365079365  0.9365079365  0.0000000000
  C  0.9206349206  0.9682539683  0.0000000000
  C  0.9365079365  0.9841269841  0.0000000000
  C  0.9682539683  0.0158730159  0.0000000000
  C  0.9841269841  0.0317460317  0.0000000000
  C  0.9682539683  0.0634920635  0.0000000000
  C  0.9841269841  0.0793650794  0.0000000000
  C  0.9682539683  0.1111111111  0.0000000000
  C  0.9841269841  0.1269841270  0.0000000000
  C  0.9682539683  0.1587301587  0.0000000000
  C  0.9841269841  0.1746031746  0.0000000000
  C  0.9682539683  0.2063492063  0.0000000000
  C  0.9841269841  0.2222222222  0.0000000000
  C  0.9682539683  0.2539682540  0.0000000000
  C  0.9841269841  0.2698412698  0.0000000000
  C  0.9682539683  0.3015873016  0.0000000000
  C  0.9841269841  0.3174603175  0.0000000000
  C  0.9682539683  0.3492063492  0.0000000000
  C  0.9841269841  0.3650793651  0.0000000000
  C  0.9682539683  0.3968253968  0.0000000000
  C  0.9841269841  0.4126984127  0.0000000000
  C  0.9682539683  0.4444444444  0.0000000000
  C  0.9841269841  0.4603174603  0.0000000000
  C  0.9682539683  0.4920634921  0.0000000000
  C  0.9841269841  0.5079365079  0.0000000000
  C  0.9682539683  0.5396825397  0.0000000000
  C  0.9841269841  0.5555555556  0.0000000000
  C  0.9682539683  0.5873015873  0.0000000000
  C  0.9841269841  0.6031746032  0.0000000000
  C  0.9682539683  0.6349206349  0.0000000000
  C  0.9841269841  0.6507936508  0.0000000000
  C  0.9682539683  0.6825396825  0.0000000000
  C  0.9841269841  0.6984126984  0.0000000000
  C  0.9682539683  0.7301587302  0.0000000000
  C  0.9841269841  0.7460317460  0.0000000000
  C  0.9682539683  0.7777777778  0.0000000000
  C  0.9841269841  0.7936507937  0.0000000000
  C  0.9682539683  0.8253968254  0.0000000000
  C  0.9841269841  0.8412698413  0.0000000000
  C  0.9682539683  0.8730158730  0.0000000000
  C  0.9841269841  0.8888888889  0.0000000000
  C  0.9682539683  0.9206349206  0.0000000000
  C  0.9841269841  0.9365079365  0.0000000000
  C  0.9682539683  0.9682539683  0.0000000000
  C  0.9841269841  0.9841269841  0.0000000000

K_POINTS gamma