  0.20000000E+00  0.68951125E-11 -0.22763538E-10
  0.21000000E+00  0.75426703E-11 -0.23764951E-10
  0.22000000E+00  0.82157659E-11 -0.24747100E-10
  0.23000000E+00  0.89135639E-11 -0.25709243E-10
  0.24000000E+00  0.96351967E-11 -0.26650664E-10
  0.25000000E+00  0.10379765E-10 -0.27570672E-10
  0.26000000E+00  0.11146341E-10 -0.28468595E-10
  0.27000000E+00  0.11933964E-10 -0.29343801E-10
  0.28000000E+00  0.12741648E-10 -0.30195670E-10
  0.29000000E+00  0.13568379E-10 -0.31023623E-10
  0.30000000E+00  0.14413114E-10 -0.31827103E-10
  0.31000000E+00  0.15274790E-10 -0.32605580E-10
  0.32000000E+00  0.16152314E-10 -0.33358570E-10
  0.33000000E+00  0.17044573E-10 -0.34085594E-10
  0.34000000E+00  0.17950434E-10 -0.34786236E-10
  0.35000000E+00  0.18868739E-10 -0.35460084E-10
  0.36000000E+00  0.19798314E-10 -0.36106779E-10
  0.37000000E+00  0.20737965E-10 -0.36725991E-10
  0.38000000E+00  0.21686483E-10 -0.37317410E-10
  0.39000000E+00  0.22642641E-10 -0.37880792E-10
  0.40000000E+00  0.23605200E-10 -0.38415890E-10
  0.41000000E+00  0.24572908E-10 -0.38922529E-10
  0.42000000E+00  0.25544499E-10 -0.39400543E-10
  0.43000000E+00  0.26518701E-10 -0.39849815E-10
  0.44000000E+00  0.27494230E-10 -0.40270273E-10
  0.45000000E+00  0.28469796E-10 -0.40661857E-10
  0.46000000E+00  0.29444103E-10 -0.41024577E-10
  0.47000000E+00  0.30415852E-10 -0.41358453E-10
  0.48000000E+00  0.31383740E-10 -0.41663558E-10
  0.49000000E+00  0.32346461E-10 -0.41940007E-10
  0.50000000E+00  0.33302714E-10 -0.42187930E-10
  0.51000000E+00  0.34251195E-10 -0.42407532E-10
  0.52000000E+00  0.35190606E-10 -0.42599022E-10
  0.53000000E+00  0.36119653E-10 -0.42762665E-10
  0.54000000E+00  0.37037049E-10 -0.42898773E-10
  0.55000000E+00  0.37941513E-10 -0.43007662E-10
  0.56000000E+00  0.38831776E-10 -0.43089738E-10
  0.57000000E+00  0.39706580E-10 -0.43145392E-10
  0.58000000E+00  0.40564677E-10 -0.43175091E-10
  0.59000000E+00  0.41404836E-10 -0.43179329E-10
  0.60000000E+00  0.42225840E-10 -0.43158617E-10
  0.61000000E+00  0.43026492E-10 -0.43113551E-10
  0.62000000E+00  0.43805611E-10 -0.43044702E-10
  0.63000000E+00  0.44562039E-10 -0.42952731E-10
  0.64000000E+00  0.45294638E-10 -0.42838310E-10
  0.65000000E+00  0.46002295E-10 -0.42702135E-10
  0.66000000E+00  0.46683923E-10 -0.42544978E-10
  0.67000000E+00  0.47338458E-10 -0.42367590E-10
  0.68000000E+00  0.47964870E-10 -0.42170805E-10
  0.69000000E+00  0.48562153E-10 -0.41955467E-10
  0.70000000E+00  0.49129337E-10 -0.41722434E-10
  0.71000000E+00  0.49665483E-10 -0.41472654E-10
  0.72000000E+00  0.50169684E-10 -0.41207027E-10
  0.73000000E+00  0.50641072E-10 -0.40926552E-10
  0.74000000E+00  0.51078814E-10 -0.40632223E-10
  0.75000000E+00  0.51482118E-10 -0.40325048E-10
  0.76000000E+00  0.51850228E-10 -0.40006119E-10
  0.77000000E+00  0.52182432E-10 -0.39676474E-10
  0.78000000E+00  0.52478060E-10 -0.39337250E-10
  0.79000000E+00  0.52736485E-10 -0.38989567E-10
  0.80000000E+00  0.52957126E-10 -0.38634560E-10
  0.81000000E+00  0.53139448E-10 -0.38273438E-10
  0.82000000E+00  0.53282962E-10 -0.37907355E-10
  0.83000000E+00  0.53387230E-10 -0.37537548E-10
  0.84000000E+00  0.53451862E-10 -0.37165250E-10
  0.85000000E+00  0.53476519E-10 -0.36791677E-10
  0.86000000E+00  0.53460914E-10 -0.36418138E-10
  0.87000000E+00  0.53404813E-10 -0.36045861E-10
  0.88000000E+00  0.53308036E-10 -0.35676160E-10
  0.89000000E+00  0.53170456E-10 -0.35310336E-10
  0.90000000E+00  0.52992002E-10 -0.34949664E-10
  0.91000000E+00  0.52772660E-10 -0.34595504E-10
  0.92000000E+00  0.52512474E-10 -0.34249137E-10
  0.93000000E+00  0.52211541E-10 -0.33911902E-10
  0.94000000E+00  0.51870022E-10 -0.33585144E-10
  0.95000000E+00  0.51488133E-10 -0.33270147E-10
  0.96000000E+00  0.51066149E-10 -0.32968291E-10
  0.97000000E+00  0.50604409E-10 -0.32680864E-10
  0.98000000E+00  0.50103307E-10 -0.32409193E-10
  0.99000000E+00  0.49563299E-10 -0.32154621E-10
  0.10000000E+01  0.48984905E-10 -0.31918406E-10
  0.10100000E+01  0.48368701E-10 -0.31701895E-10
  0.10200000E+01  0.47715326E-10 -0.31506349E-10
  0.10300000E+01  0.47025481E-10 -0.31333033E-10
  0.10400000E+01  0.46299928E-10 -0.31183244E-10
  0.10500000E+01  0.45539486E-10 -0.31058174E-10
  0.10600000E+01  0.44745041E-10 -0.30959084E-10
  0.10700000E+01  0.43917534E-10 -0.30887169E-10
  0.10800000E+01  0.43057969E-10 -0.30843583E-10
  0.10900000E+01  0.42167409E-10 -0.30829529E-10
  0.11000000E+01  0.41246975E-10 -0.30846089E-10
  0.11100000E+01  0.40297850E-10 -0.30894389E-10
  0.11200000E+01  0.39321271E-10 -0.30975511E-10
  0.11300000E+01  0.38318535E-10 -0.31090454E-10
  0.11400000E+01  0.37290994E-10 -0.31240273E-10
  0.11500000E+01  0.36240056E-10 -0.31425902E-10
  0.11600000E+01  0.35167184E-10 -0.31648277E-10
  0.11700000E+01  0.34073894E-10 -0.31908321E-10
  0.11800000E+01  0.32961753E-10 -0.32206836E-10
  0.11900000E+01  0.31832382E-10 -0.32544674E-10
  0.12000000E+01  0.30687448E-10 -0.32922583E-10
  0.12100000E+01  0.29528670E-10 -0.33341260E-10
  0.12200000E+01  0.28357811E-10 -0.33801418E-10
  0.12300000E+01  0.27176679E-10 -0.34303628E-10
  0.12400000E+01  0.25987128E-10 -0.34848484E-10
  0.12500000E+01  0.24791050E-10 -0.35436505E-10
  0.12600000E+01  0.23590379E-10 -0.36068114E-10
  0.12700000E+01  0.22387087E-10 -0.36743758E-10
  0.12800000E+01  0.21183180E-10 -0.37463749E-10
  0.12900000E+01  0.19980699E-10 -0.38228373E-10
  0.13000000E+01  0.18781714E-10 -0.39037880E-10
  0.13100000E+01  0.17588326E-10 -0.39892389E-10
  0.13200000E+01  0.16402661E-10 -0.40792030E-10
  0.13300000E+01  0.15226870E-10 -0.41736829E-10
  0.13400000E+01  0.14063125E-10 -0.42726728E-10
  0.13500000E+01  0.12913615E-10 -0.43761665E-10
  0.13600000E+01  0.11780547E-10 -0.44841435E-10
  0.13700000E+01  0.10666140E-10 -0.45965812E-10
  0.13800000E+01  0.95726224E-11 -0.47134502E-10
  0.13900000E+01  0.85022299E-11 -0.48347091E-10
  0.14000000E+01  0.74572023E-11 -0.49603159E-10
  0.14100000E+01  0.64397796E-11 -0.50902168E-10
  0.14200000E+01  0.54521995E-11 -0.52243507E-10
  0.14300000E+01  0.44966934E-11 -0.53626538E-10
  0.14400000E+01  0.35754834E-11 -0.55050482E-10
  0.14500000E+01  0.26907788E-11 -0.56514535E-10
  0.14600000E+01  0.18447725E-11 -0.58017814E-10
  0.14700000E+01  0.10396372E-11 -0.59559323E-10
  0.14800000E+01  0.27752192E-12 -0.61138048E-10
  0.14900000E+01 -0.43945150E-12 -0.62752858E-10
  0.15000000E+01 -0.11091926E-11 -0.64402555E-10
  0.15100000E+01 -0.17296459E-11 -0.66085898E-10
  0.15200000E+01 -0.22987946E-11 -0.67801524E-10
  0.15300000E+01 -0.28146649E-11 -0.69548035E-10
  0.15400000E+01 -0.32753295E-11 -0.71323957E-10
  0.15500000E+01 -0.36789119E-11 -0.73127714E-10
  0.15600000E+01 -0.40235902E-11 -0.74957707E-10
  0.15700000E+01 -0.43076011E-11 -0.76812232E-10
  0.15800000E+01 -0.45292441E-11 -0.78689524E-10
  0.15900000E+01 -0.46868853E-11 -0.80587776E-10
  0.16000000E+01 -0.47789617E-11 -0.82505079E-10
  0.16100000E+01 -0.48039850E-11 -0.84439488E-10
  0.16200000E+01 -0.47605458E-11 -0.86388994E-10
  0.16300000E+01 -0.46473176E-11 -0.88351509E-10
  0.16400000E+01 -0.44630607E-11 -0.90324917E-10
  0.16500000E+01 -0.42066260E-11 -0.92307028E-10
  0.16600000E+01 -0.38769594E-11 -0.94295597E-10
  0.16700000E+01 -0.34731053E-11 -0.96288350E-10
  0.16800000E+01 -0.29942106E-11 -0.98282943E-10
  0.16900000E+01 -0.24395282E-11 -0.10027700E-09
  0.17000000E+01 -0.18084213E-11 -0.10226810E-09
  0.17100000E+01 -0.11003662E-11 -0.10425379E-09
  0.17200000E+01 -0.31495652E-12 -0.10623157E-09
  0.17300000E+01  0.54809359E-12 -0.10819893E-09
  0.17400000E+01  0.14889462E-11 -0.11015330E-09
  0.17500000E+01  0.25076362E-11 -0.11209213E-09
  0.17600000E+01  0.36040684E-11 -0.11401280E-09
  0.17700000E+01  0.47780143E-11 -0.11591271E-09
  0.17800000E+01  0.60291094E-11 -0.11778924E-09
  0.17900000E+01  0.73568505E-11 -0.11963977E-09
  0.18000000E+01  0.87605932E-11 -0.12146165E-09
  0.18100000E+01  0.10239549E-10 -0.12325226E-09
  0.18200000E+01  0.11792786E-10 -0.12500897E-09
  0.18300000E+01  0.13419220E-10 -0.12672918E-09
  0.18400000E+01  0.15117622E-10 -0.12841030E-09
  0.18500000E+01  0.16886608E-10 -0.13004974E-09
  0.18600000E+01  0.18724646E-10 -0.13164496E-09
  0.18700000E+01  0.20630047E-10 -0.13319346E-09
  0.18800000E+01  0.22600967E-10 -0.13469274E-09
  0.18900000E+01  0.24635412E-10 -0.13614039E-09
  0.19000000E+01  0.26731227E-10 -0.13753403E-09
  0.19100000E+01  0.28886105E-10 -0.13887131E-09
  0.19200000E+01  0.31097583E-10 -0.14014999E-09
  0.19300000E+01  0.33363045E-10 -0.14136785E-09
  0.19400000E+01  0.35679718E-10 -0.14252277E-09
  0.19500000E+01  0.38044681E-10 -0.14361271E-09
  0.19600000E+01  0.40454859E-10 -0.14463570E-09
  0.19700000E+01  0.42907028E-10 -0.14558986E-09
  0.19800000E+01  0.45397820E-10 -0.14647342E-09
  0.19900000E+01  0.47923720E-10 -0.14728471E-09
  0.20000000E+01  0.50481073E-10 -0.14802216E-09
  0.20100000E+01  0.53066087E-10 -0.14868433E-09
  0.20200000E+01  0.55674834E-10 -0.14926988E-09
  0.20300000E+01  0.58303258E-10 -0.14977763E-09
  0.20400000E+01  0.60947177E-10 -0.15020648E-09
  0.20500000E+01  0.63602289E-10 -0.15055554E-09
  0.20600000E+01  0.66264177E-10 -0.15082399E-09
  0.20700000E+01  0.68928315E-10 -0.15101122E-09
  0.20800000E+01  0.71590075E-10 -0.15111675E-09
  0.20900000E+01  0.74244732E-10 -0.15114026E-09
  0.21000000E+01  0.76887473E-10 -0.15108159E-09
  0.21100000E+01  0.79513404E-10 -0.15094079E-09
  0.21200000E+01  0.82117559E-10 -0.15071802E-09
  0.21300000E+01  0.84694906E-10 -0.15041370E-09
  0.21400000E+01  0.87240359E-10 -0.15002836E-09
  0.21500000E+01  0.89748786E-10 -0.14956277E-09
  0.21600000E+01  0.92215019E-10 -0.14901789E-09
  0.21700000E+01  0.94633865E-10 -0.14839485E-09
  0.21800000E+01  0.97000117E-10 -0.14769499E-09
  0.21900000E+01  0.99308565E-10 -0.14691989E-09
  0.22000000E+01  0.10155401E-09 -0.14607126E-09
  0.22100000E+01  0.10373126E-09 -0.14515111E-09
  0.22200000E+01  0.10583519E-09 -0.14416158E-09
  0.22300000E+01  0.10786068E-09 -0.14310506E-09
  0.22400000E+01  0.10980270E-09 -0.14198416E-09
  0.22500000E+01  0.11165628E-09 -0.14080169E-09
  0.22600000E+01  0.11341656E-09 -0.13956064E-09
  0.22700000E+01  0.11507875E-09 -0.13826429E-09
  0.22800000E+01  0.11663820E-09 -0.13691604E-09
  0.22900000E+01  0.11809040E-09 -0.13551957E-09
  0.23000000E+01  0.11943097E-09 -0.13407875E-09
  0.23100000E+01  0.12065571E-09 -0.13259760E-09
  0.23200000E+01  0.12176059E-09 -0.13108042E-09
  0.23300000E+01  0.12274180E-09 -0.12953168E-09
  0.23400000E+01  0.12359573E-09 -0.12795597E-09
  0.23500000E+01  0.12431900E-09 -0.12635820E-09
  0.23600000E+01  0.12490848E-09 -0.12474334E-09
  0.23700000E+01  0.12536131E-09 -0.12311656E-09
  0.23800000E+01  0.12567493E-09 -0.12148328E-09
  0.23900000E+01  0.12584704E-09 -0.11984894E-09
  0.24000000E+01  0.12587571E-09 -0.11821921E-09
  0.24100000E+01  0.12575929E-09 -0.11659991E-09
  0.24200000E+01  0.12549654E-09 -0.11499689E-09
  0.24300000E+01  0.12508653E-09 -0.11341621E-09
  0.24400000E+01  0.12452877E-09 -0.11186403E-09
  0.24500000E+01  0.12382315E-09 -0.11034648E-09
  0.24600000E+01  0.12296995E-09 -0.10886990E-09
  0.24700000E+01  0.12196994E-09 -0.10744064E-09
  0.24800000E+01  0.12082429E-09 -0.10606500E-09
  0.24900000E+01  0.11953465E-09 -0.10474948E-09
  0.25000000E+01  0.11810317E-09 -0.10350043E-09
  0.25100000E+01  0.11653246E-09 -0.10232421E-09
  0.25200000E+01  0.11482563E-09 -0.10122728E-09
  0.25300000E+01  0.11298634E-09 -0.10021585E-09
  0.25400000E+01  0.11101874E-09 -0.99296148E-10
  0.25500000E+01  0.10892752E-09 -0.98474410E-10
  0.25600000E+01  0.10671794E-09 -0.97756495E-10
  0.25700000E+01  0.10439577E-09 -0.97148344E-10
  0.25800000E+01  0.10196736E-09 -0.96655704E-10
  0.25900000E+01  0.99439618E-10 -0.96283914E-10
  0.26000000E+01  0.96820010E-10 -0.96038387E-10
  0.26100000E+01  0.94116566E-10 -0.95924141E-10
  0.26200000E+01  0.91337881E-10 -0.95945788E-10
  0.26300000E+01  0.88493110E-10 -0.96107959E-10
  0.26400000E+01  0.85591964E-10 -0.96414685E-10
  0.26500000E+01  0.82644703E-10 -0.96869630E-10
  0.26600000E+01  0.79662130E-10 -0.97476366E-10
  0.26700000E+01  0.76655576E-10 -0.98237679E-10
  0.26800000E+01  0.73636887E-10 -0.99156052E-10
  0.26900000E+01  0.70618411E-10 -0.10023370E-09
  0.27000000E+01  0.67612977E-10 -0.10147191E-09
  0.27100000E+01  0.64633872E-10 -0.10287175E-09
  0.27200000E+01  0.61694819E-10 -0.10443376E-09
  0.27300000E+01  0.58809948E-10 -0.10615751E-09
  0.27400000E+01  0.55993766E-10 -0.10804237E-09
  0.27500000E+01  0.53261122E-10 -0.11008695E-09
  0.27600000E+01  0.50627173E-10 -0.11228885E-09
  0.27700000E+01  0.48107337E-10 -0.11464551E-09
  0.27800000E+01  0.45717255E-10 -0.11715334E-09
  0.27900000E+01  0.43472739E-10 -0.11980779E-09
  0.28000000E+01  0.41389723E-10 -0.12260411E-09
  0.28100000E+01  0.39484205E-10 -0.12553628E-09
  0.28200000E+01  0.37772190E-10 -0.12859746E-09
  0.28300000E+01  0.36269626E-10 -0.13178050E-09
  0.28400000E+01  0.34992336E-10 -0.13507678E-09
  0.28500000E+01  0.33955949E-10 -0.13847706E-09
  0.28600000E+01  0.33175823E-10 -0.14197161E-09
  0.28700000E+01  0.32666967E-10 -0.14554915E-09
  0.28800000E+01  0.32443958E-10 -0.14919799E-09
  0.28900000E+01  0.32520853E-10 -0.15290573E-09
  0.29000000E+01  0.32911103E-10 -0.15665842E-09
  0.29100000E+01  0.33627451E-10 -0.16044194E-09
  0.29200000E+01  0.34681841E-10 -0.16424124E-09
  0.29300000E+01  0.36085315E-10 -0.16803983E-09
  0.29400000E+01  0.37847908E-10 -0.17182129E-09
  0.29500000E+01  0.39978538E-10 -0.17556800E-09
  0.29600000E+01  0.42484902E-10 -0.17926126E-09
  0.29700000E+01  0.45373356E-10 -0.18288253E-09
  0.29800000E+01  0.48648808E-10 -0.18641195E-09
  0.29900000E+01  0.52314595E-10 -0.18982896E-09
  0.30000000E+01  0.56372368E-10 -0.19311333E-09
  0.30100000E+01  0.60821974E-10 -0.19624337E-09
  0.30200000E+01  0.65661337E-10 -0.19919730E-09
  0.30300000E+01  0.70886337E-10 -0.20195367E-09
  0.30400000E+01  0.76490698E-10 -0.20448968E-09
  0.30500000E+01  0.82465864E-10 -0.20678309E-09
  0.30600000E+01  0.88800894E-10 -0.20881189E-09
  0.30700000E+01  0.95482344E-10 -0.21055313E-09
  0.30800000E+01  0.10249417E-09 -0.21198500E-09
  0.30900000E+01  0.10981761E-09 -0.21308589E-09
  0.31000000E+01  0.11743112E-09 -0.21383383E-09
  0.31100000E+01  0.12531025E-09 -0.21420855E-09
  0.31200000E+01  0.13342759E-09 -0.21419001E-09
  0.31300000E+01  0.14175268E-09 -0.21375860E-09
  0.31400000E+01  0.15025199E-09 -0.21289685E-09
  0.31500000E+01  0.15888881E-09 -0.21158771E-09
  0.31600000E+01  0.16762328E-09 -0.20981552E-09
  0.31700000E+01  0.17641233E-09 -0.20756702E-09
  0.31800000E+01  0.18520972E-09 -0.20482987E-09
  0.31900000E+01  0.19396600E-09 -0.20159402E-09
  0.32000000E+01  0.20262859E-09 -0.19785205E-09
  0.32100000E+01  0.21114184E-09 -0.19359825E-09
  0.32200000E+01  0.21944708E-09 -0.18882984E-09
  0.32300000E+01  0.22748277E-09 -0.18354713E-09
  0.32400000E+01  0.23518459E-09 -0.17775295E-09
  0.32500000E+01  0.24248562E-09 -0.17145354E-09
  0.32600000E+01  0.24931657E-09 -0.16465896E-09
  0.32700000E+01  0.25560592E-09 -0.15738235E-09
  0.32800000E+01  0.26128026E-09 -0.14964081E-09
  0.32900000E+01  0.26626456E-09 -0.14145606E-09
  0.33000000E+01  0.27048245E-09 -0.13285310E-09
  0.33100000E+01  0.27385667E-09 -0.12386179E-09
  0.33200000E+01  0.27630941E-09 -0.11451693E-09
  0.33300000E+01  0.27776278E-09 -0.10485694E-09
  0.33400000E+01  0.27813932E-09 -0.94925787E-10
  0.33500000E+01  0.27736248E-09 -0.84772506E-10
  0.33600000E+01  0.27535723E-09 -0.74449987E-10
  0.33700000E+01  0.27205067E-09 -0.64017164E-10
  0.33800000E+01  0.26737265E-09 -0.53537847E-10
  0.33900000E+01  0.26125653E-09 -0.43079721E-10
  0.34000000E+01  0.25363984E-09 -0.32716869E-10
  0.34100000E+01  0.24446509E-09 -0.22527397E-10
  0.34200000E+01  0.23368059E-09 -0.12593454E-10
  0.34300000E+01  0.22124127E-09 -0.30031518E-11
  0.34400000E+01  0.20710955E-09  0.61525056E-11
  0.34500000E+01  0.19125625E-09  0.14778458E-10
  0.34600000E+01  0.17366147E-09  0.22775170E-10
  0.34700000E+01  0.15431556E-09  0.30041133E-10
  0.34800000E+01  0.13322004E-09  0.36471867E-10
  0.34900000E+01  0.11038850E-09  0.41960117E-10
  0.35000000E+01  0.85847566E-10  0.46398224E-10
  0.35100000E+01  0.59637771E-10  0.49677290E-10
  0.35200000E+01  0.31814427E-10  0.51687856E-10
  0.35300000E+01  0.24484417E-11  0.52322315E-10
  0.35400000E+01 -0.28372928E-10  0.51474123E-10
  0.35500000E+01 -0.60545403E-10  0.49039090E-10
  0.35600000E+01 -0.93947109E-10  0.44917655E-10
  0.35700000E+01 -0.12843812E-09  0.39014324E-10
  0.35800000E+01 -0.16386015E-09  0.31239390E-10
  0.35900000E+01 -0.20003640E-09  0.21511104E-10
  0.36000000E+01 -0.23677163E-09  0.97552955E-11
  0.36100000E+01 -0.27385243E-09 -0.40925807E-11
  0.36200000E+01 -0.31104774E-09 -0.20085465E-10
  0.36300000E+01 -0.34810971E-09 -0.38264948E-10
  0.36400000E+01 -0.38477484E-09 -0.58659093E-10
  0.36500000E+01 -0.42076553E-09 -0.81280775E-10
  0.36600000E+01 -0.45579199E-09 -0.10612799E-09
  0.36700000E+01 -0.48955464E-09 -0.13318178E-09
  0.36800000E+01 -0.52174701E-09 -0.16240517E-09
  0.36900000E+01 -0.55205910E-09 -0.19374376E-09
  0.37000000E+01 -0.58018137E-09 -0.22712420E-09
  0.37100000E+01 -0.60580933E-09 -0.26245399E-09
  0.37200000E+01 -0.62864863E-09 -0.29962287E-09
  0.37300000E+01 -0.64842097E-09 -0.33850225E-09
  0.37400000E+01 -0.66487037E-09 -0.37894647E-09
  0.37500000E+01 -0.67777024E-09 -0.42079546E-09
  0.37600000E+01 -0.68693073E-09 -0.46387580E-09
  0.37700000E+01 -0.69220661E-09 -0.50800397E-09
  0.37800000E+01 -0.69350516E-09 -0.55299092E-09
  0.37900000E+01 -0.69079404E-09 -0.59864535E-09
  0.38000000E+01 -0.68410853E-09 -0.64477942E-09
  0.38100000E+01 -0.67355767E-09 -0.69121556E-09
  0.38200000E+01 -0.65932850E-09 -0.73779218E-09
  0.38300000E+01 -0.64168712E-09 -0.78437157E-09
  0.38400000E+01 -0.62097517E-09 -0.83084837E-09
  0.38500000E+01 -0.59759930E-09 -0.87715623E-09
  0.38600000E+01 -0.57201036E-09 -0.92327569E-09
  0.38700000E+01 -0.54466744E-09 -0.96924051E-09
  0.38800000E+01 -0.51597955E-09 -0.10151400E-08
  0.38900000E+01 -0.48621450E-09 -0.10611185E-08
  0.39000000E+01 -0.45536151E-09 -0.11073689E-08
  0.39100000E+01 -0.42293192E-09 -0.11541143E-08
  0.39200000E+01 -0.38768700E-09 -0.12015776E-08
  0.39300000E+01 -0.34729845E-09 -0.12499326E-08
  0.39400000E+01 -0.29798577E-09 -0.12992253E-08
  0.39500000E+01 -0.23423671E-09 -0.13492629E-08
  0.39600000E+01 -0.14879399E-09 -0.13994558E-08
  0.39700000E+01 -0.33147684E-10 -0.14486031E-08
  0.39800000E+01  0.12124794E-09 -0.14946210E-08
  0.39900000E+01  0.32097079E-09 -0.15342275E-08
  0.40000000E+01  0.56808597E-09 -0.15626445E-08
  0.40100000E+01  0.85768943E-09 -0.15734776E-08
  0.40200000E+01  0.11764564E-08 -0.15590873E-08
  0.40300000E+01  0.15030856E-08 -0.15119261E-08
  0.40400000E+01  0.18110674E-08 -0.14271934E-08
  0.40500000E+01  0.20733982E-08 -0.13062202E-08
  0.40600000E+01  0.22680263E-08 -0.11583293E-08
  0.40700000E+01  0.23823747E-08 -0.99862174E-09
  0.40800000E+01  0.24155056E-08 -0.84236358E-09
  0.40900000E+01  0.23773268E-08 -0.70014295E-09
  0.41000000E+01  0.22852991E-08 -0.57665866E-09
  0.41100000E+01  0.21599148E-08 -0.47224718E-09
  0.41200000E+01  0.20204253E-08 -0.38498004E-09
  0.41300000E+01  0.18819216E-08 -0.31217052E-09
  0.41400000E+01  0.17541699E-08 -0.25116215E-09
  0.41500000E+01  0.16419516E-08 -0.19964127E-09
  0.41600000E+01  0.15462892E-08 -0.15570856E-09
  0.41700000E+01  0.14659126E-08 -0.11784828E-09
  0.41800000E+01  0.13985145E-08 -0.84865382E-10
  0.41900000E+01  0.13416004E-08 -0.55822035E-10
  0.42000000E+01  0.12929407E-08 -0.29981487E-10
  0.42100000E+01  0.12507319E-08 -0.67623867E-11
  0.42200000E+01  0.12135930E-08  0.14295718E-10
  0.42300000E+01  0.11804921E-08  0.33559745E-10
  0.42400000E+01  0.11506592E-08  0.51324313E-10
  0.42500000E+01  0.11235135E-08  0.67826773E-10
  0.42600000E+01  0.10986073E-08  0.83259582E-10
  0.42700000E+01  0.10755883E-08  0.97780081E-10
  0.42800000E+01  0.10541734E-08  0.11151692E-09
  0.42900000E+01  0.10341310E-08  0.12457591E-09
  0.43000000E+01  0.10152692E-08  0.13704488E-09
  0.43100000E+01  0.99742695E-09  0.14899634E-09
  0.43200000E+01  0.98046787E-09  0.16049053E-09
  0.43300000E+01  0.96427547E-09  0.17157802E-09
  0.43400000E+01  0.94874966E-09  0.18230071E-09
  0.43500000E+01  0.93380387E-09  0.19269357E-09
  0.43600000E+01  0.91936290E-09  0.20278618E-09
  0.43700000E+01  0.90536111E-09  0.21260298E-09
  0.43800000E+01  0.89174102E-09  0.22216428E-09
  0.43900000E+01  0.87845210E-09  0.23148739E-09
  0.44000000E+01  0.86544985E-09  0.24058638E-09
  0.44100000E+01  0.85269499E-09  0.24947280E-09
  0.44200000E+01  0.84015275E-09  0.25815653E-09
  0.44300000E+01  0.82779235E-09  0.26664532E-09
  0.44400000E+01  0.81558651E-09  0.27494536E-09
  0.44500000E+01  0.80351103E-09  0.28306193E-09
  0.44600000E+01  0.79154446E-09  0.29099888E-09
  0.44700000E+01  0.77966776E-09  0.29875906E-09
  0.44800000E+01  0.76786408E-09  0.30634489E-09
  0.44900000E+01  0.75611854E-09  0.31375778E-09
  0.45000000E+01  0.74441796E-09  0.32099850E-09
  0.45100000E+01  0.73275078E-09  0.32806772E-09
  0.45200000E+01  0.72110684E-09  0.33496532E-09
  0.45300000E+01  0.70947728E-09  0.34169083E-09
  0.45400000E+01  0.69785439E-09  0.34824382E-09
  0.45500000E+01  0.68623154E-09  0.35462330E-09
  0.45600000E+01  0.67460305E-09  0.36082804E-09
  0.45700000E+01  0.66296414E-09  0.36685701E-09
  0.45800000E+01  0.65131082E-09  0.37270873E-09
  0.45900000E+01  0.63963984E-09  0.37838158E-09
  0.46000000E+01  0.62794862E-09  0.38387424E-09
  0.46100000E+01  0.61623521E-09  0.38918501E-09
  0.46200000E+01  0.60449821E-09  0.39431212E-09
  0.46300000E+01  0.59273675E-09  0.39925416E-09
  0.46400000E+01  0.58095043E-09  0.40400940E-09
  0.46500000E+01  0.56913931E-09  0.40857608E-09
  0.46600000E+01  0.55730382E-09  0.41295285E-09
  0.46700000E+01  0.54544479E-09  0.41713810E-09
  0.46800000E+01  0.53356337E-09  0.42113018E-09
  0.46900000E+01  0.52166104E-09  0.42492790E-09
  0.47000000E+01  0.50973956E-09  0.42852984E-09
  0.47100000E+01  0.49780096E-09  0.43193455E-09
  0.47200000E+01  0.48584749E-09  0.43514106E-09
  0.47300000E+01  0.47388166E-09  0.43814820E-09
  0.47400000E+01  0.46190615E-09  0.44095479E-09
  0.47500000E+01  0.44992384E-09  0.44356012E-09
  0.47600000E+01  0.43793778E-09  0.44596332E-09
  0.47700000E+01  0.42595116E-09  0.44816348E-09
  0.47800000E+01  0.41396733E-09  0.45016020E-09
  0.47900000E+01  0.40198976E-09  0.45195291E-09
  0.48000000E+01  0.39002201E-09  0.45354104E-09
  0.48100000E+01  0.37806778E-09  0.45492447E-09
  0.48200000E+01  0.36613082E-09  0.45610298E-09
  0.48300000E+01  0.35421500E-09  0.45707631E-09
  0.48400000E+01  0.34232422E-09  0.45784466E-09
  0.48500000E+01  0.33046247E-09  0.45840816E-09
  0.48600000E+01  0.31863377E-09  0.45876686E-09
  0.48700000E+01  0.30684221E-09  0.45892129E-09
  0.48800000E+01  0.29509189E-09  0.45887191E-09
  0.48900000E+01  0.28338695E-09  0.45861908E-09
  0.49000000E+01  0.27173154E-09  0.45816366E-09
  0.49100000E+01  0.26012984E-09  0.45750644E-09
  0.49200000E+01  0.24858603E-09  0.45664809E-09
  0.49300000E+01  0.23710428E-09  0.45558977E-09
  0.49400000E+01  0.22568878E-09  0.45433261E-09
  0.49500000E+01  0.21434369E-09  0.45287757E-09
  0.49600000E+01  0.20307316E-09  0.45122611E-09
  0.49700000E+01  0.19188134E-09  0.44937967E-09
  0.49800000E+01  0.18077233E-09  0.44733950E-09
  0.49900000E+01  0.16975021E-09  0.44510734E-09
  0.50000000E+01  0.15881903E-09  0.44268493E-09
  0.50100000E+01  0.14798280E-09  0.44007380E-09
  0.50200000E+01  0.13724551E-09  0.43727594E-09
  0.50300000E+01  0.12661107E-09  0.43429338E-09
  0.50400000E+01  0.11608336E-09  0.43112793E-09
  0.50500000E+01  0.10566623E-09  0.42778180E-09
  0.50600000E+01  0.95363438E-10  0.42425729E-09
  0.50700000E+01  0.85178719E-10  0.42055646E-09
  0.50800000E+01  0.75115731E-10  0.41668175E-09
  0.50900000E+01  0.65178075E-10  0.41263570E-09
  0.51000000E+01  0.55369291E-10  0.40842061E-09
  0.51100000E+01  0.45692847E-10  0.40403911E-09
  0.51200000E+01  0.36152148E-10  0.39949398E-09
  0.51300000E+01  0.26750525E-10  0.39478773E-09
  0.51400000E+01  0.17491238E-10  0.38992318E-09
  0.51500000E+01  0.83774732E-11  0.38490331E-09
  0.51600000E+01 -0.58765946E-12  0.37973082E-09
  0.51700000E+01 -0.94011277E-11  0.37440871E-09
  0.51800000E+01 -0.18059978E-10  0.36894014E-09
  0.51900000E+01 -0.26561337E-10  0.36332800E-09
  0.52000000E+01 -0.34902412E-10  0.35757542E-09
  0.52100000E+01 -0.43080495E-10  0.35168573E-09
  0.52200000E+01 -0.51092961E-10  0.34566198E-09
  0.52300000E+01 -0.58937269E-10  0.33950744E-09
  0.52400000E+01 -0.66610965E-10  0.33322556E-09
  0.52500000E+01 -0.74111680E-10  0.32681956E-09
  0.52600000E+01 -0.81437133E-10  0.32029279E-09
  0.52700000E+01 -0.88585133E-10  0.31364886E-09
  0.52800000E+01 -0.95553574E-10  0.30689108E-09
  0.52900000E+01 -0.10234044E-09  0.30002291E-09
  0.53000000E+01 -0.10894381E-09  0.29304804E-09
  0.53100000E+01 -0.11536184E-09  0.28596991E-09
  0.53200000E+01 -0.12159280E-09  0.27879205E-09
  0.53300000E+01 -0.12763502E-09  0.27151823E-09
  0.53400000E+01 -0.13348694E-09  0.26415197E-09
  0.53500000E+01 -0.13914710E-09  0.25669687E-09
  0.53600000E+01 -0.14461410E-09  0.24915673E-09
  0.53700000E+01 -0.14988665E-09  0.24153519E-09
  0.53800000E+01 -0.15496356E-09  0.23383585E-09
  0.53900000E+01 -0.15984372E-09  0.22606258E-09
  0.54000000E+01 -0.16452611E-09  0.21821904E-09
  0.54100000E+01 -0.16900979E-09  0.21030889E-09
  0.54200000E+01 -0.17329394E-09  0.20233599E-09
  0.54300000E+01 -0.17737780E-09  0.19430406E-09
  0.54400000E+01 -0.18126072E-09  0.18621677E-09
  0.54500000E+01 -0.18494213E-09  0.17807796E-09
  0.54600000E+01 -0.18842154E-09  0.16989140E-09
  0.54700000E+01 -0.19169857E-09  0.16166073E-09
  0.54800000E+01 -0.19477292E-09  0.15338980E-09
  0.54900000E+01 -0.19764435E-09  0.14508236E-09
  0.55000000E+01 -0.20031276E-09  0.13674205E-09
  0.55100000E+01 -0.20277808E-09  0.12837267E-09
  0.55200000E+01 -0.20504037E-09  0.11997798E-09
  0.55300000E+01 -0.20709975E-09  0.11156159E-09
  0.55400000E+01 -0.20895642E-09  0.10312723E-09
  0.55500000E+01 -0.21061070E-09  0.94678638E-10
  0.55600000E+01 -0.21206294E-09  0.86219388E-10
  0.55700000E+01 -0.21331361E-09  0.77753154E-10
  0.55800000E+01 -0.21436325E-09  0.69283625E-10
  0.55900000E+01 -0.21521248E-09  0.60814322E-10
  0.56000000E+01 -0.21586198E-09  0.52348842E-10
  0.56100000E+01 -0.21631255E-09  0.43890810E-10
  0.56200000E+01 -0.21656503E-09  0.35443695E-10
  0.56300000E+01 -0.21662035E-09  0.27010999E-10
  0.56400000E+01 -0.21647952E-09  0.18596269E-10
  0.56500000E+01 -0.21614360E-09  0.10202912E-10
  0.56600000E+01 -0.21561377E-09  0.18343227E-11
  0.56700000E+01 -0.21489123E-09 -0.65060428E-11
  0.56800000E+01 -0.21397728E-09 -0.14814852E-10
  0.56900000E+01 -0.21287329E-09 -0.23088822E-10
  0.57000000E+01 -0.21158068E-09 -0.31324606E-10
  0.57100000E+01 -0.21010097E-09 -0.39518955E-10
  0.57200000E+01 -0.20843571E-09 -0.47668703E-10
  0.57300000E+01 -0.20658653E-09 -0.55770628E-10
  0.57400000E+01 -0.20455514E-09 -0.63821573E-10
  0.57500000E+01 -0.20234329E-09 -0.71818497E-10
  0.57600000E+01 -0.19995280E-09 -0.79758313E-10
  0.57700000E+01 -0.19738556E-09 -0.87637969E-10
  0.57800000E+01 -0.19464349E-09 -0.95454549E-10
  0.57900000E+01 -0.19172860E-09 -0.10320512E-09
  0.58000000E+01 -0.18864294E-09 -0.11088673E-09
  0.58100000E+01 -0.18538862E-09 -0.11849661E-09
  0.58200000E+01 -0.18196781E-09 -0.12603197E-09
  0.58300000E+01 -0.17838271E-09 -0.13349001E-09
  0.58400000E+01 -0.17463561E-09 -0.14086806E-09
  0.58500000E+01 -0.17072880E-09 -0.14816351E-09
  0.58600000E+01 -0.16666466E-09 -0.15537369E-09
  0.58700000E+01 -0.16244561E-09 -0.16249608E-09
  0.58800000E+01 -0.15807410E-09 -0.16952824E-09
  0.58900000E+01 -0.15355264E-09 -0.17646764E-09
  0.59000000E+01 -0.14888377E-09 -0.18331189E-09
  0.59100000E+01 -0.14407008E-09 -0.19005873E-09
  0.59200000E+01 -0.13911421E-09 -0.19670579E-09
  0.59300000E+01 -0.13401882E-09 -0.20325082E-09
  0.59400000E+01 -0.12878663E-09 -0.20969173E-09
  0.59500000E+01 -0.12342037E-09 -0.21602634E-09
  0.59600000E+01 -0.11792282E-09 -0.22225252E-09
  0.59700000E+01 -0.11229681E-09 -0.22836837E-09
  0.59800000E+01 -0.10654518E-09 -0.23437188E-09
  0.59900000E+01 -0.10067079E-09 -0.24026106E-09
  0.60000000E+01 -0.94676572E-10 -0.24603419E-09
