  0.20000000E+00  0.23681907E-22 -0.91067377E+00
  0.21000000E+00  0.26322546E-22 -0.95622778E+00
  0.22000000E+00  0.29185571E-22 -0.10017848E+01
  0.23000000E+00  0.32176659E-22 -0.10473449E+01
  0.24000000E+00  0.35197803E-22 -0.10929082E+01
  0.25000000E+00  0.38185236E-22 -0.11384750E+01
  0.26000000E+00  0.41136127E-22 -0.11840453E+01
  0.27000000E+00  0.44113577E-22 -0.12296193E+01
  0.28000000E+00  0.47227123E-22 -0.12751971E+01
  0.29000000E+00  0.50595063E-22 -0.13207789E+01
  0.30000000E+00  0.54302190E-22 -0.13663648E+01
  0.31000000E+00  0.58368566E-22 -0.14119549E+01
  0.32000000E+00  0.62740588E-22 -0.14575495E+01
  0.33000000E+00  0.67306743E-22 -0.15031485E+01
  0.34000000E+00  0.71931837E-22 -0.15487523E+01
  0.35000000E+00  0.76498815E-22 -0.15943609E+01
  0.36000000E+00  0.80947075E-22 -0.16399744E+01
  0.37000000E+00  0.85297892E-22 -0.16855931E+01
  0.38000000E+00  0.89659108E-22 -0.17312170E+01
  0.39000000E+00  0.94203327E-22 -0.17768463E+01
  0.40000000E+00  0.99119261E-22 -0.18224812E+01
  0.41000000E+00  0.10454560E-21 -0.18681217E+01
  0.42000000E+00  0.11050770E-21 -0.19137680E+01
  0.43000000E+00  0.11688315E-21 -0.19594203E+01
  0.44000000E+00  0.12341783E-21 -0.20050787E+01
  0.45000000E+00  0.12979895E-21 -0.20507434E+01
  0.46000000E+00  0.13576921E-21 -0.20964144E+01
  0.47000000E+00  0.14124488E-21 -0.21420920E+01
  0.48000000E+00  0.14638781E-21 -0.21877763E+01
  0.49000000E+00  0.15158745E-21 -0.22334673E+01
  0.50000000E+00  0.15733732E-21 -0.22791654E+01
  0.51000000E+00  0.16403688E-21 -0.23248706E+01
  0.52000000E+00  0.17179422E-21 -0.23705830E+01
  0.53000000E+00  0.18032285E-21 -0.24163028E+01
  0.54000000E+00  0.18899987E-21 -0.24620301E+01
  0.55000000E+00  0.19708741E-21 -0.25077652E+01
  0.56000000E+00  0.20404193E-21 -0.25535080E+01
  0.57000000E+00  0.20978326E-21 -0.25992589E+01
  0.58000000E+00  0.21479491E-21 -0.26450178E+01
  0.59000000E+00  0.21998531E-21 -0.26907850E+01
  0.60000000E+00  0.22633827E-21 -0.27365607E+01
  0.61000000E+00  0.23448198E-21 -0.27823448E+01
  0.62000000E+00  0.24436256E-21 -0.28281377E+01
  0.63000000E+00  0.25518663E-21 -0.28739394E+01
  0.64000000E+00  0.26569272E-21 -0.29197500E+01
  0.65000000E+00  0.27466348E-21 -0.29655698E+01
  0.66000000E+00  0.28146789E-21 -0.30113989E+01
  0.67000000E+00  0.28638836E-21 -0.30572374E+01
  0.68000000E+00  0.29056730E-21 -0.31030854E+01
  0.69000000E+00  0.29556895E-21 -0.31489432E+01
  0.70000000E+00  0.30272522E-21 -0.31948108E+01
  0.71000000E+00  0.31254125E-21 -0.32406884E+01
  0.72000000E+00  0.32442656E-21 -0.32865761E+01
  0.73000000E+00  0.33688963E-21 -0.33324741E+01
  0.74000000E+00  0.34813474E-21 -0.33783826E+01
  0.75000000E+00  0.35681677E-21 -0.34243016E+01
  0.76000000E+00  0.36262729E-21 -0.34702314E+01
  0.77000000E+00  0.36645003E-21 -0.35161720E+01
  0.78000000E+00  0.37001039E-21 -0.35621237E+01
  0.79000000E+00  0.37516649E-21 -0.36080865E+01
  0.80000000E+00  0.38314464E-21 -0.36540606E+01
  0.81000000E+00  0.39404085E-21 -0.37000462E+01
  0.82000000E+00  0.40679018E-21 -0.37460434E+01
  0.83000000E+00  0.41960520E-21 -0.37920523E+01
  0.84000000E+00  0.43069211E-21 -0.38380731E+01
  0.85000000E+00  0.43894728E-21 -0.38841060E+01
  0.86000000E+00  0.44435851E-21 -0.39301510E+01
  0.87000000E+00  0.44796994E-21 -0.39762084E+01
  0.88000000E+00  0.45145266E-21 -0.40222783E+01
  0.89000000E+00  0.45647336E-21 -0.40683608E+01
  0.90000000E+00  0.46410851E-21 -0.41144561E+01
  0.91000000E+00  0.47450299E-21 -0.41605643E+01
  0.92000000E+00  0.48686014E-21 -0.42066855E+01
  0.93000000E+00  0.49973182E-21 -0.42528200E+01
  0.94000000E+00  0.51149555E-21 -0.42989679E+01
  0.95000000E+00  0.52087119E-21 -0.43451293E+01
  0.96000000E+00  0.52733395E-21 -0.43913044E+01
  0.97000000E+00  0.53131069E-21 -0.44374933E+01
  0.98000000E+00  0.53409595E-21 -0.44836961E+01
  0.99000000E+00  0.53748882E-21 -0.45299131E+01
  0.10000000E+01  0.54322787E-21 -0.45761443E+01
  0.10100000E+01  0.55237691E-21 -0.46223899E+01
  0.10200000E+01  0.56486510E-21 -0.46686501E+01
  0.10300000E+01  0.57937935E-21 -0.47149250E+01
  0.10400000E+01  0.59371693E-21 -0.47612148E+01
  0.10500000E+01  0.60553983E-21 -0.48075195E+01
  0.10600000E+01  0.61328569E-21 -0.48538395E+01
  0.10700000E+01  0.61687474E-21 -0.49001747E+01
  0.10800000E+01  0.61788449E-21 -0.49465254E+01
  0.10900000E+01  0.61905553E-21 -0.49928917E+01
  0.11000000E+01  0.62327184E-21 -0.50392738E+01
  0.11100000E+01  0.63240355E-21 -0.50856718E+01
  0.11200000E+01  0.64649263E-21 -0.51320859E+01
  0.11300000E+01  0.66364773E-21 -0.51785162E+01
  0.11400000E+01  0.68072977E-21 -0.52249628E+01
  0.11500000E+01  0.69457179E-21 -0.52714260E+01
  0.11600000E+01  0.70323723E-21 -0.53179058E+01
  0.11700000E+01  0.70679468E-21 -0.53644025E+01
  0.11800000E+01  0.70729270E-21 -0.54109161E+01
  0.11900000E+01  0.70796020E-21 -0.54574469E+01
  0.12000000E+01  0.71197486E-21 -0.55039949E+01
  0.12100000E+01  0.72129510E-21 -0.55505604E+01
  0.12200000E+01  0.73598912E-21 -0.55971434E+01
  0.12300000E+01  0.75427024E-21 -0.56437442E+01
  0.12400000E+01  0.77317350E-21 -0.56903629E+01
  0.12500000E+01  0.78959448E-21 -0.57369997E+01
  0.12600000E+01  0.80132318E-21 -0.57836546E+01
  0.12700000E+01  0.80774924E-21 -0.58303279E+01
  0.12800000E+01  0.81004789E-21 -0.58770197E+01
  0.12900000E+01  0.81081853E-21 -0.59237301E+01
  0.13000000E+01  0.81328953E-21 -0.59704594E+01
  0.13100000E+01  0.82030378E-21 -0.60172077E+01
  0.13200000E+01  0.83336190E-21 -0.60639750E+01
  0.13300000E+01  0.85201829E-21 -0.61107617E+01
  0.13400000E+01  0.87387340E-21 -0.61575678E+01
  0.13500000E+01  0.89525419E-21 -0.62043935E+01
  0.13600000E+01  0.91243617E-21 -0.62512389E+01
  0.13700000E+01  0.92301535E-21 -0.62981042E+01
  0.13800000E+01  0.92690985E-21 -0.63449896E+01
  0.13900000E+01  0.92655172E-21 -0.63918952E+01
  0.14000000E+01  0.92611777E-21 -0.64388212E+01
  0.14100000E+01  0.93003591E-21 -0.64857677E+01
  0.14200000E+01  0.94132090E-21 -0.65327350E+01
  0.14300000E+01  0.96039372E-21 -0.65797230E+01
  0.14400000E+01  0.98486493E-21 -0.66267321E+01
  0.14500000E+01  0.10103810E-20 -0.66737623E+01
  0.14600000E+01  0.10322058E-20 -0.67208138E+01
  0.14700000E+01  0.10469239E-20 -0.67678868E+01
  0.14800000E+01  0.10536302E-20 -0.68149815E+01
  0.14900000E+01  0.10542024E-20 -0.68620979E+01
  0.15000000E+01  0.10526156E-20 -0.69092363E+01
  0.15100000E+01  0.10535911E-20 -0.69563969E+01
  0.15200000E+01  0.10610515E-20 -0.70035796E+01
  0.15300000E+01  0.10768596E-20 -0.70507849E+01
  0.15400000E+01  0.11001996E-20 -0.70980127E+01
  0.15500000E+01  0.11277740E-20 -0.71452633E+01
  0.15600000E+01  0.11547798E-20 -0.71925367E+01
  0.15700000E+01  0.11764161E-20 -0.72398333E+01
  0.15800000E+01  0.11894906E-20 -0.72871531E+01
  0.15900000E+01  0.11936031E-20 -0.73344963E+01
  0.16000000E+01  0.11914536E-20 -0.73818631E+01
  0.16100000E+01  0.11880810E-20 -0.74292535E+01
  0.16200000E+01  0.11892096E-20 -0.74766679E+01
  0.16300000E+01  0.11992462E-20 -0.75241063E+01
  0.16400000E+01  0.12196514E-20 -0.75715689E+01
  0.16500000E+01  0.12483167E-20 -0.76190559E+01
  0.16600000E+01  0.12802215E-20 -0.76665674E+01
  0.16700000E+01  0.13091576E-20 -0.77141037E+01
  0.16800000E+01  0.13298916E-20 -0.77616648E+01
  0.16900000E+01  0.13399787E-20 -0.78092509E+01
  0.17000000E+01  0.13405915E-20 -0.78568622E+01
  0.17100000E+01  0.13361140E-20 -0.79044988E+01
  0.17200000E+01  0.13326931E-20 -0.79521610E+01
  0.17300000E+01  0.13362520E-20 -0.79998489E+01
  0.17400000E+01  0.13505947E-20 -0.80475626E+01
  0.17500000E+01  0.13761604E-20 -0.80953024E+01
  0.17600000E+01  0.14098004E-20 -0.81430683E+01
  0.17700000E+01  0.14456783E-20 -0.81908606E+01
  0.17800000E+01  0.14770805E-20 -0.82386794E+01
  0.17900000E+01  0.14986173E-20 -0.82865249E+01
  0.18000000E+01  0.15081047E-20 -0.83343972E+01
  0.18100000E+01  0.15074495E-20 -0.83822966E+01
  0.18200000E+01  0.15021613E-20 -0.84302231E+01
  0.18300000E+01  0.14995926E-20 -0.84781771E+01
  0.18400000E+01  0.15064829E-20 -0.85261585E+01
  0.18500000E+01  0.15266589E-20 -0.85741676E+01
  0.18600000E+01  0.15596979E-20 -0.86222046E+01
  0.18700000E+01  0.16010235E-20 -0.86702696E+01
  0.18800000E+01  0.16433946E-20 -0.87183629E+01
  0.18900000E+01  0.16792756E-20 -0.87664845E+01
  0.19000000E+01  0.17032969E-20 -0.88146346E+01
  0.19100000E+01  0.17140168E-20 -0.88628135E+01
  0.19200000E+01  0.17144393E-20 -0.89110213E+01
  0.19300000E+01  0.17111378E-20 -0.89592581E+01
  0.19400000E+01  0.17122431E-20 -0.90075241E+01
  0.19500000E+01  0.17248821E-20 -0.90558196E+01
  0.19600000E+01  0.17528394E-20 -0.91041446E+01
  0.19700000E+01  0.17951959E-20 -0.91524994E+01
  0.19800000E+01  0.18464555E-20 -0.92008841E+01
  0.19900000E+01  0.18982154E-20 -0.92492989E+01
  0.20000000E+01  0.19418911E-20 -0.92977440E+01
  0.20100000E+01  0.19715895E-20 -0.93462195E+01
  0.20200000E+01  0.19861291E-20 -0.93947256E+01
  0.20300000E+01  0.19895010E-20 -0.94432625E+01
  0.20400000E+01  0.19896252E-20 -0.94918304E+01
  0.20500000E+01  0.19958373E-20 -0.95404295E+01
  0.20600000E+01  0.20159273E-20 -0.95890599E+01
  0.20700000E+01  0.20536452E-20 -0.96377217E+01
  0.20800000E+01  0.21074256E-20 -0.96864153E+01
  0.20900000E+01  0.21707358E-20 -0.97351407E+01
  0.21000000E+01  0.22340048E-20 -0.97838981E+01
  0.21100000E+01  0.22876053E-20 -0.98326878E+01
  0.21200000E+01  0.23249843E-20 -0.98815098E+01
  0.21300000E+01  0.23449108E-20 -0.99303644E+01
  0.21400000E+01  0.23520399E-20 -0.99792517E+01
  0.21500000E+01  0.23555472E-20 -0.10028172E+02
  0.21600000E+01  0.23662452E-20 -0.10077125E+02
  0.21700000E+01  0.23931189E-20 -0.10126112E+02
  0.21800000E+01  0.24403972E-20 -0.10175132E+02
  0.21900000E+01  0.25060954E-20 -0.10224186E+02
  0.22000000E+01  0.25824960E-20 -0.10273274E+02
  0.22100000E+01  0.26584495E-20 -0.10322395E+02
  0.22200000E+01  0.27228201E-20 -0.10371551E+02
  0.22300000E+01  0.27680327E-20 -0.10420741E+02
  0.22400000E+01  0.27926027E-20 -0.10469966E+02
  0.22500000E+01  0.28018009E-20 -0.10519226E+02
  0.22600000E+01  0.28061729E-20 -0.10568520E+02
  0.22700000E+01  0.28183174E-20 -0.10617850E+02
  0.22800000E+01  0.28489063E-20 -0.10667214E+02
  0.22900000E+01  0.29032037E-20 -0.10716615E+02
  0.23000000E+01  0.29792112E-20 -0.10766051E+02
  0.23100000E+01  0.30680759E-20 -0.10815523E+02
  0.23200000E+01  0.31566956E-20 -0.10865031E+02
  0.23300000E+01  0.32317527E-20 -0.10914575E+02
  0.23400000E+01  0.32839363E-20 -0.10964155E+02
  0.23500000E+01  0.33110148E-20 -0.11013772E+02
  0.23600000E+01  0.33187554E-20 -0.11063426E+02
  0.23700000E+01  0.33193439E-20 -0.11113117E+02
  0.23800000E+01  0.33277320E-20 -0.11162846E+02
  0.23900000E+01  0.33569986E-20 -0.11212611E+02
  0.24000000E+01  0.34141443E-20 -0.11262414E+02
  0.24100000E+01  0.34976544E-20 -0.11312255E+02
  0.24200000E+01  0.35976643E-20 -0.11362134E+02
  0.24300000E+01  0.36987798E-20 -0.11412050E+02
  0.24400000E+01  0.37847568E-20 -0.11462006E+02
  0.24500000E+01  0.38436130E-20 -0.11511999E+02
  0.24600000E+01  0.38715539E-20 -0.11562032E+02
  0.24700000E+01  0.38744277E-20 -0.11612103E+02
  0.24800000E+01  0.38661896E-20 -0.11662213E+02
  0.24900000E+01  0.38647872E-20 -0.11712363E+02
  0.25000000E+01  0.38866783E-20 -0.11762552E+02
  0.25100000E+01  0.39416345E-20 -0.11812781E+02
  0.25200000E+01  0.40294371E-20 -0.11863050E+02
  0.25300000E+01  0.41395598E-20 -0.11913359E+02
  0.25400000E+01  0.42540691E-20 -0.11963708E+02
  0.25500000E+01  0.43529738E-20 -0.12014097E+02
  0.25600000E+01  0.44204324E-20 -0.12064527E+02
  0.25700000E+01  0.44498742E-20 -0.12114998E+02
  0.25800000E+01  0.44463664E-20 -0.12165510E+02
  0.25900000E+01  0.44254052E-20 -0.12216064E+02
  0.26000000E+01  0.44084334E-20 -0.12266659E+02
  0.26100000E+01  0.44163971E-20 -0.12317295E+02
  0.26200000E+01  0.44632614E-20 -0.12367973E+02
  0.26300000E+01  0.45514432E-20 -0.12418694E+02
  0.26400000E+01  0.46706166E-20 -0.12469457E+02
  0.26500000E+01  0.48004035E-20 -0.12520262E+02
  0.26600000E+01  0.49163077E-20 -0.12571110E+02
  0.26700000E+01  0.49971862E-20 -0.12622000E+02
  0.26800000E+01  0.50319584E-20 -0.12672934E+02
  0.26900000E+01  0.50233938E-20 -0.12723911E+02
  0.27000000E+01  0.49877017E-20 -0.12774932E+02
  0.27100000E+01  0.49499662E-20 -0.12825996E+02
  0.27200000E+01  0.49367519E-20 -0.12877104E+02
  0.27300000E+01  0.49680538E-20 -0.12928256E+02
  0.27400000E+01  0.50509688E-20 -0.12979453E+02
  0.27500000E+01  0.51770277E-20 -0.13030694E+02
  0.27600000E+01  0.53241530E-20 -0.13081980E+02
  0.27700000E+01  0.54628871E-20 -0.13133311E+02
  0.27800000E+01  0.55651836E-20 -0.13184687E+02
  0.27900000E+01  0.56131257E-20 -0.13236108E+02
  0.28000000E+01  0.56048165E-20 -0.13287575E+02
  0.28100000E+01  0.55555055E-20 -0.13339087E+02
  0.28200000E+01  0.54935032E-20 -0.13390646E+02
  0.28300000E+01  0.54520380E-20 -0.13442251E+02
  0.28400000E+01  0.54594069E-20 -0.13493902E+02
  0.28500000E+01  0.55302721E-20 -0.13545600E+02
  0.28600000E+01  0.56606847E-20 -0.13597345E+02
  0.28700000E+01  0.58284804E-20 -0.13649137E+02
  0.28800000E+01  0.59992261E-20 -0.13700976E+02
  0.28900000E+01  0.61362232E-20 -0.13752863E+02
  0.29000000E+01  0.62116844E-20 -0.13804797E+02
  0.29100000E+01  0.62156393E-20 -0.13856780E+02
  0.29200000E+01  0.61596985E-20 -0.13908810E+02
  0.29300000E+01  0.60743659E-20 -0.13960889E+02
  0.29400000E+01  0.60005644E-20 -0.14013016E+02
  0.29500000E+01  0.59777576E-20 -0.14065193E+02
  0.29600000E+01  0.60320404E-20 -0.14117418E+02
  0.29700000E+01  0.61676543E-20 -0.14169693E+02
  0.29800000E+01  0.63645950E-20 -0.14222017E+02
  0.29900000E+01  0.65834224E-20 -0.14274390E+02
  0.30000000E+01  0.67763253E-20 -0.14326814E+02
  0.30100000E+01  0.69014484E-20 -0.14379288E+02
  0.30200000E+01  0.69361867E-20 -0.14431812E+02
  0.30300000E+01  0.68851889E-20 -0.14484387E+02
  0.30400000E+01  0.67803089E-20 -0.14537013E+02
  0.30500000E+01  0.66721855E-20 -0.14589689E+02
  0.30600000E+01  0.66156708E-20 -0.14642417E+02
  0.30700000E+01  0.66531965E-20 -0.14695197E+02
  0.30800000E+01  0.68009255E-20 -0.14748028E+02
  0.30900000E+01  0.70420527E-20 -0.14800911E+02
  0.31000000E+01  0.73298960E-20 -0.14853846E+02
  0.31100000E+01  0.76006854E-20 -0.14906834E+02
  0.31200000E+01  0.77928143E-20 -0.14959875E+02
  0.31300000E+01  0.78667948E-20 -0.15012968E+02
  0.31400000E+01  0.78193646E-20 -0.15066115E+02
  0.31500000E+01  0.76866673E-20 -0.15119314E+02
  0.31600000E+01  0.75347973E-20 -0.15172568E+02
  0.31700000E+01  0.74400742E-20 -0.15225875E+02
  0.31800000E+01  0.74648277E-20 -0.15279236E+02
  0.31900000E+01  0.76362044E-20 -0.15332652E+02
  0.32000000E+01  0.79350630E-20 -0.15386122E+02
  0.32100000E+01  0.82994011E-20 -0.15439647E+02
  0.32200000E+01  0.86423981E-20 -0.15493227E+02
  0.32300000E+01  0.88801562E-20 -0.15546862E+02
  0.32400000E+01  0.89602755E-20 -0.15600553E+02
  0.32500000E+01  0.88812586E-20 -0.15654299E+02
  0.32600000E+01  0.86952987E-20 -0.15708102E+02
  0.32700000E+01  0.84925897E-20 -0.15761961E+02
  0.32800000E+01  0.83718521E-20 -0.15815876E+02
  0.32900000E+01  0.84068204E-20 -0.15869848E+02
  0.33000000E+01  0.86201821E-20 -0.15923876E+02
  0.33100000E+01  0.89743032E-20 -0.15977962E+02
  0.33200000E+01  0.93826757E-20 -0.16032106E+02
  0.33300000E+01  0.97389446E-20 -0.16086307E+02
  0.33400000E+01  0.99538712E-20 -0.16140566E+02
  0.33500000E+01  0.99871004E-20 -0.16194883E+02
  0.33600000E+01  0.98618599E-20 -0.16249259E+02
  0.33700000E+01  0.96567436E-20 -0.16303693E+02
  0.33800000E+01  0.94774121E-20 -0.16358187E+02
  0.33900000E+01  0.94188357E-20 -0.16412739E+02
  0.34000000E+01  0.95323172E-20 -0.16467351E+02
  0.34100000E+01  0.98094563E-20 -0.16522023E+02
  0.34200000E+01  0.10188400E-19 -0.16576755E+02
  0.34300000E+01  0.10579036E-19 -0.16631546E+02
  0.34400000E+01  0.10896709E-19 -0.16686399E+02
  0.34500000E+01  0.11091334E-19 -0.16741312E+02
  0.34600000E+01  0.11161374E-19 -0.16796286E+02
  0.34700000E+01  0.11148889E-19 -0.16851321E+02
  0.34800000E+01  0.11119720E-19 -0.16906418E+02
  0.34900000E+01  0.11138429E-19 -0.16961577E+02
  0.35000000E+01  0.11248374E-19 -0.17016797E+02
  0.35100000E+01  0.11463346E-19 -0.17072080E+02
  0.35200000E+01  0.11770879E-19 -0.17127426E+02
  0.35300000E+01  0.12142254E-19 -0.17182834E+02
  0.35400000E+01  0.12542891E-19 -0.17238305E+02
  0.35500000E+01  0.12939310E-19 -0.17293840E+02
  0.35600000E+01  0.13302810E-19 -0.17349438E+02
  0.35700000E+01  0.13612453E-19 -0.17405100E+02
  0.35800000E+01  0.13859253E-19 -0.17460827E+02
  0.35900000E+01  0.14050684E-19 -0.17516618E+02
  0.36000000E+01  0.14212079E-19 -0.17572473E+02
  0.36100000E+01  0.14381743E-19 -0.17628393E+02
  0.36200000E+01  0.14599567E-19 -0.17684379E+02
  0.36300000E+01  0.14892918E-19 -0.17740430E+02
  0.36400000E+01  0.15265735E-19 -0.17796547E+02
  0.36500000E+01  0.15695727E-19 -0.17852730E+02
  0.36600000E+01  0.16140890E-19 -0.17908980E+02
  0.36700000E+01  0.16552510E-19 -0.17965296E+02
  0.36800000E+01  0.16889578E-19 -0.18021679E+02
  0.36900000E+01  0.17129837E-19 -0.18078129E+02
  0.37000000E+01  0.17274707E-19 -0.18134646E+02
  0.37100000E+01  0.17347664E-19 -0.18191231E+02
  0.37200000E+01  0.17387186E-19 -0.18247885E+02
  0.37300000E+01  0.17436225E-19 -0.18304606E+02
  0.37400000E+01  0.17530629E-19 -0.18361396E+02
  0.37500000E+01  0.17689345E-19 -0.18418255E+02
  0.37600000E+01  0.17909131E-19 -0.18475184E+02
  0.37700000E+01  0.18165621E-19 -0.18532181E+02
  0.37800000E+01  0.18420735E-19 -0.18589249E+02
  0.37900000E+01  0.18634395E-19 -0.18646386E+02
  0.38000000E+01  0.18776996E-19 -0.18703594E+02
  0.38100000E+01  0.18838832E-19 -0.18760872E+02
  0.38200000E+01  0.18833609E-19 -0.18818221E+02
  0.38300000E+01  0.18795061E-19 -0.18875642E+02
  0.38400000E+01  0.18767736E-19 -0.18933134E+02
  0.38500000E+01  0.18794809E-19 -0.18990697E+02
  0.38600000E+01  0.18906531E-19 -0.19048333E+02
  0.38700000E+01  0.19112652E-19 -0.19106041E+02
  0.38800000E+01  0.19400896E-19 -0.19163822E+02
  0.38900000E+01  0.19741847E-19 -0.19221676E+02
  0.39000000E+01  0.20099033E-19 -0.19279603E+02
  0.39100000E+01  0.20441856E-19 -0.19337604E+02
  0.39200000E+01  0.20758562E-19 -0.19395678E+02
  0.39300000E+01  0.21066597E-19 -0.19453827E+02
  0.39400000E+01  0.21418396E-19 -0.19512050E+02
  0.39500000E+01  0.21901578E-19 -0.19570348E+02
  0.39600000E+01  0.22633279E-19 -0.19628721E+02
  0.39700000E+01  0.23748578E-19 -0.19687170E+02
  0.39800000E+01  0.25382796E-19 -0.19745694E+02
  0.39900000E+01  0.27647711E-19 -0.19804294E+02
  0.40000000E+01  0.30603351E-19 -0.19862971E+02
  0.40100000E+01  0.34230223E-19 -0.19921725E+02
  0.40200000E+01  0.38410357E-19 -0.19980555E+02
  0.40300000E+01  0.42926799E-19 -0.20039463E+02
  0.40400000E+01  0.47487938E-19 -0.20098448E+02
  0.40500000E+01  0.51775140E-19 -0.20157511E+02
  0.40600000E+01  0.55502523E-19 -0.20216653E+02
  0.40700000E+01  0.58471210E-19 -0.20275873E+02
  0.40800000E+01  0.60600896E-19 -0.20335172E+02
  0.40900000E+01  0.61929585E-19 -0.20394550E+02
  0.41000000E+01  0.62584174E-19 -0.20454008E+02
  0.41100000E+01  0.62734667E-19 -0.20513545E+02
  0.41200000E+01  0.62548704E-19 -0.20573163E+02
  0.41300000E+01  0.62159980E-19 -0.20632862E+02
  0.41400000E+01  0.61656423E-19 -0.20692641E+02
  0.41500000E+01  0.61085887E-19 -0.20752502E+02
  0.41600000E+01  0.60471735E-19 -0.20812444E+02
  0.41700000E+01  0.59829535E-19 -0.20872468E+02
  0.41800000E+01  0.59178257E-19 -0.20932574E+02
  0.41900000E+01  0.58543292E-19 -0.20992762E+02
  0.42000000E+01  0.57952356E-19 -0.21053034E+02
  0.42100000E+01  0.57427698E-19 -0.21113389E+02
  0.42200000E+01  0.56978621E-19 -0.21173827E+02
  0.42300000E+01  0.56597416E-19 -0.21234349E+02
  0.42400000E+01  0.56260199E-19 -0.21294956E+02
  0.42500000E+01  0.55932433E-19 -0.21355647E+02
  0.42600000E+01  0.55577632E-19 -0.21416423E+02
  0.42700000E+01  0.55166933E-19 -0.21477284E+02
  0.42800000E+01  0.54686957E-19 -0.21538231E+02
  0.42900000E+01  0.54143731E-19 -0.21599264E+02
  0.43000000E+01  0.53561406E-19 -0.21660383E+02
  0.43100000E+01  0.52975978E-19 -0.21721589E+02
  0.43200000E+01  0.52425738E-19 -0.21782882E+02
  0.43300000E+01  0.51941158E-19 -0.21844263E+02
  0.43400000E+01  0.51537053E-19 -0.21905731E+02
  0.43500000E+01  0.51209062E-19 -0.21967287E+02
  0.43600000E+01  0.50935231E-19 -0.22028932E+02
  0.43700000E+01  0.50682157E-19 -0.22090665E+02
  0.43800000E+01  0.50414088E-19 -0.22152488E+02
  0.43900000E+01  0.50102677E-19 -0.22214401E+02
  0.44000000E+01  0.49734902E-19 -0.22276403E+02
  0.44100000E+01  0.49316946E-19 -0.22338496E+02
  0.44200000E+01  0.48872863E-19 -0.22400679E+02
  0.44300000E+01  0.48438257E-19 -0.22462954E+02
  0.44400000E+01  0.48050742E-19 -0.22525320E+02
  0.44500000E+01  0.47739900E-19 -0.22587777E+02
  0.44600000E+01  0.47519529E-19 -0.22650327E+02
  0.44700000E+01  0.47384216E-19 -0.22712970E+02
  0.44800000E+01  0.47310979E-19 -0.22775705E+02
  0.44900000E+01  0.47265431E-19 -0.22838534E+02
  0.45000000E+01  0.47210891E-19 -0.22901456E+02
  0.45100000E+01  0.47118162E-19 -0.22964473E+02
  0.45200000E+01  0.46973470E-19 -0.23027583E+02
  0.45300000E+01  0.46782391E-19 -0.23090789E+02
  0.45400000E+01  0.46568530E-19 -0.23154090E+02
  0.45500000E+01  0.46367199E-19 -0.23217487E+02
  0.45600000E+01  0.46215853E-19 -0.23280980E+02
  0.45700000E+01  0.46143976E-19 -0.23344569E+02
  0.45800000E+01  0.46165259E-19 -0.23408255E+02
  0.45900000E+01  0.46274067E-19 -0.23472038E+02
  0.46000000E+01  0.46446981E-19 -0.23535919E+02
  0.46100000E+01  0.46648921E-19 -0.23599898E+02
  0.46200000E+01  0.46842251E-19 -0.23663975E+02
  0.46300000E+01  0.46996668E-19 -0.23728152E+02
  0.46400000E+01  0.47097307E-19 -0.23792427E+02
  0.46500000E+01  0.47148876E-19 -0.23856802E+02
  0.46600000E+01  0.47174513E-19 -0.23921277E+02
  0.46700000E+01  0.47209554E-19 -0.23985853E+02
  0.46800000E+01  0.47291928E-19 -0.24050529E+02
  0.46900000E+01  0.47451887E-19 -0.24115307E+02
  0.47000000E+01  0.47703936E-19 -0.24180187E+02
  0.47100000E+01  0.48043023E-19 -0.24245168E+02
  0.47200000E+01  0.48445845E-19 -0.24310253E+02
  0.47300000E+01  0.48876818E-19 -0.24375440E+02
  0.47400000E+01  0.49297213E-19 -0.24440731E+02
  0.47500000E+01  0.49675226E-19 -0.24506125E+02
  0.47600000E+01  0.49994423E-19 -0.24571624E+02
  0.47700000E+01  0.50258262E-19 -0.24637227E+02
  0.47800000E+01  0.50489292E-19 -0.24702936E+02
  0.47900000E+01  0.50723123E-19 -0.24768750E+02
  0.48000000E+01  0.50998772E-19 -0.24834670E+02
  0.48100000E+01  0.51348120E-19 -0.24900697E+02
  0.48200000E+01  0.51787395E-19 -0.24966830E+02
  0.48300000E+01  0.52312884E-19 -0.25033071E+02
  0.48400000E+01  0.52901858E-19 -0.25099420E+02
  0.48500000E+01  0.53518327E-19 -0.25165877E+02
  0.48600000E+01  0.54122169E-19 -0.25232442E+02
  0.48700000E+01  0.54679474E-19 -0.25299117E+02
  0.48800000E+01  0.55171510E-19 -0.25365901E+02
  0.48900000E+01  0.55599902E-19 -0.25432795E+02
  0.49000000E+01  0.55986382E-19 -0.25499800E+02
  0.49100000E+01  0.56367003E-19 -0.25566916E+02
  0.49200000E+01  0.56782405E-19 -0.25634143E+02
  0.49300000E+01  0.57266911E-19 -0.25701482E+02
  0.49400000E+01  0.57839436E-19 -0.25768934E+02
  0.49500000E+01  0.58498506E-19 -0.25836498E+02
  0.49600000E+01  0.59222495E-19 -0.25904175E+02
  0.49700000E+01  0.59974976E-19 -0.25971966E+02
  0.49800000E+01  0.60713943E-19 -0.26039872E+02
  0.49900000E+01  0.61402664E-19 -0.26107892E+02
  0.50000000E+01  0.62019363E-19 -0.26176028E+02
  0.50100000E+01  0.62563092E-19 -0.26244279E+02
  0.50200000E+01  0.63054136E-19 -0.26312646E+02
  0.50300000E+01  0.63528774E-19 -0.26381130E+02
  0.50400000E+01  0.64029739E-19 -0.26449731E+02
  0.50500000E+01  0.64594862E-19 -0.26518449E+02
  0.50600000E+01  0.65246929E-19 -0.26587286E+02
  0.50700000E+01  0.65987493E-19 -0.26656242E+02
  0.50800000E+01  0.66796364E-19 -0.26725316E+02
  0.50900000E+01  0.67636808E-19 -0.26794510E+02
  0.51000000E+01  0.68464932E-19 -0.26863825E+02
  0.51100000E+01  0.69240757E-19 -0.26933259E+02
  0.51200000E+01  0.69938362E-19 -0.27002815E+02
  0.51300000E+01  0.70552761E-19 -0.27072493E+02
  0.51400000E+01  0.71101746E-19 -0.27142293E+02
  0.51500000E+01  0.71621758E-19 -0.27212216E+02
  0.51600000E+01  0.72158337E-19 -0.27282261E+02
  0.51700000E+01  0.72753652E-19 -0.27352431E+02
  0.51800000E+01  0.73434926E-19 -0.27422725E+02
  0.51900000E+01  0.74207321E-19 -0.27493143E+02
  0.52000000E+01  0.75053039E-19 -0.27563687E+02
  0.52100000E+01  0.75936140E-19 -0.27634357E+02
  0.52200000E+01  0.76811275E-19 -0.27705153E+02
  0.52300000E+01  0.77634434E-19 -0.27776075E+02
  0.52400000E+01  0.78373886E-19 -0.27847126E+02
  0.52500000E+01  0.79019074E-19 -0.27918304E+02
  0.52600000E+01  0.79584598E-19 -0.27989611E+02
  0.52700000E+01  0.80107030E-19 -0.28061047E+02
  0.52800000E+01  0.80634763E-19 -0.28132613E+02
  0.52900000E+01  0.81214201E-19 -0.28204309E+02
  0.53000000E+01  0.81877221E-19 -0.28276135E+02
  0.53100000E+01  0.82633672E-19 -0.28348093E+02
  0.53200000E+01  0.83469925E-19 -0.28420183E+02
  0.53300000E+01  0.84352400E-19 -0.28492405E+02
  0.53400000E+01  0.85234763E-19 -0.28564760E+02
  0.53500000E+01  0.86068209E-19 -0.28637249E+02
  0.53600000E+01  0.86813860E-19 -0.28709872E+02
  0.53700000E+01  0.87454400E-19 -0.28782630E+02
  0.53800000E+01  0.88000437E-19 -0.28855523E+02
  0.53900000E+01  0.88488036E-19 -0.28928552E+02
  0.54000000E+01  0.88967768E-19 -0.29001717E+02
  0.54100000E+01  0.89489785E-19 -0.29075020E+02
  0.54200000E+01  0.90090776E-19 -0.29148460E+02
  0.54300000E+01  0.90786333E-19 -0.29222039E+02
  0.54400000E+01  0.91568726E-19 -0.29295756E+02
  0.54500000E+01  0.92408525E-19 -0.29369613E+02
  0.54600000E+01  0.93259615E-19 -0.29443610E+02
  0.54700000E+01  0.94068615E-19 -0.29517747E+02
  0.54800000E+01  0.94788711E-19 -0.29592026E+02
  0.54900000E+01  0.95394393E-19 -0.29666447E+02
  0.55000000E+01  0.95890757E-19 -0.29741010E+02
  0.55100000E+01  0.96312248E-19 -0.29815717E+02
  0.55200000E+01  0.96711055E-19 -0.29890567E+02
  0.55300000E+01  0.97140841E-19 -0.29965562E+02
  0.55400000E+01  0.97642940E-19 -0.30040701E+02
  0.55500000E+01  0.98238720E-19 -0.30115987E+02
  0.55600000E+01  0.98927133E-19 -0.30191419E+02
  0.55700000E+01  0.99684830E-19 -0.30266997E+02
  0.55800000E+01  0.10046853E-18 -0.30342724E+02
  0.55900000E+01  0.10122228E-18 -0.30418598E+02
  0.56000000E+01  0.10189135E-18 -0.30494622E+02
  0.56100000E+01  0.10243997E-18 -0.30570795E+02
  0.56200000E+01  0.10286485E-18 -0.30647118E+02
  0.56300000E+01  0.10319698E-18 -0.30723593E+02
  0.56400000E+01  0.10349012E-18 -0.30800218E+02
  0.56500000E+01  0.10380236E-18 -0.30876996E+02
  0.56600000E+01  0.10417988E-18 -0.30953927E+02
  0.56700000E+01  0.10464870E-18 -0.31031012E+02
  0.56800000E+01  0.10521317E-18 -0.31108251E+02
  0.56900000E+01  0.10585663E-18 -0.31185645E+02
  0.57000000E+01  0.10654207E-18 -0.31263195E+02
  0.57100000E+01  0.10721547E-18 -0.31340901E+02
  0.57200000E+01  0.10781677E-18 -0.31418764E+02
  0.57300000E+01  0.10829840E-18 -0.31496784E+02
  0.57400000E+01  0.10864395E-18 -0.31574964E+02
  0.57500000E+01  0.10887647E-18 -0.31653302E+02
  0.57600000E+01  0.10905023E-18 -0.31731801E+02
  0.57700000E+01  0.10923017E-18 -0.31810460E+02
  0.57800000E+01  0.10947033E-18 -0.31889280E+02
  0.57900000E+01  0.10980158E-18 -0.31968263E+02
  0.58000000E+01  0.11023052E-18 -0.32047408E+02
  0.58100000E+01  0.11074387E-18 -0.32126717E+02
  0.58200000E+01  0.11131130E-18 -0.32206190E+02
  0.58300000E+01  0.11188631E-18 -0.32285829E+02
  0.58400000E+01  0.11241072E-18 -0.32365633E+02
  0.58500000E+01  0.11282840E-18 -0.32445604E+02
  0.58600000E+01  0.11310610E-18 -0.32525742E+02
  0.58700000E+01  0.11325046E-18 -0.32606048E+02
  0.58800000E+01  0.11330936E-18 -0.32686523E+02
  0.58900000E+01  0.11335453E-18 -0.32767168E+02
  0.59000000E+01  0.11345412E-18 -0.32847983E+02
  0.59100000E+01  0.11365055E-18 -0.32928969E+02
  0.59200000E+01  0.11395358E-18 -0.33010127E+02
  0.59300000E+01  0.11434719E-18 -0.33091458E+02
  0.59400000E+01  0.11480040E-18 -0.33172963E+02
  0.59500000E+01  0.11527302E-18 -0.33254642E+02
  0.59600000E+01  0.11571654E-18 -0.33336497E+02
  0.59700000E+01  0.11607790E-18 -0.33418527E+02
  0.59800000E+01  0.11631289E-18 -0.33500734E+02
  0.59900000E+01  0.11640606E-18 -0.33583119E+02
  0.60000000E+01  0.11638510E-18 -0.33665682E+02
