  0.20000000E+00 -0.38864727E-06  0.12426648E-05
  0.21000000E+00 -0.30177850E-06  0.10510138E-05
  0.22000000E+00 -0.13277002E-06  0.94610167E-06
  0.23000000E+00  0.40252061E-07  0.95865220E-06
  0.24000000E+00  0.14038359E-06  0.10579341E-05
  0.25000000E+00  0.12565307E-06  0.11694974E-05
  0.26000000E+00  0.61640422E-08  0.12240116E-05
  0.27000000E+00 -0.16216539E-06  0.11893060E-05
  0.28000000E+00 -0.30366652E-06  0.10725311E-05
  0.29000000E+00 -0.35673069E-06  0.91048288E-06
  0.30000000E+00 -0.30039236E-06  0.75695864E-06
  0.31000000E+00 -0.16234812E-06  0.66407018E-06
  0.32000000E+00 -0.54608659E-08  0.66152005E-06
  0.33000000E+00  0.10078137E-06  0.74207741E-06
  0.34000000E+00  0.11097379E-06  0.85847367E-06
  0.35000000E+00  0.23120628E-07  0.94290786E-06
  0.36000000E+00 -0.12166314E-06  0.94620573E-06
  0.37000000E+00 -0.25843513E-06  0.86334606E-06
  0.38000000E+00 -0.32764372E-06  0.72773478E-06
  0.39000000E+00 -0.30108318E-06  0.59286758E-06
  0.40000000E+00 -0.19325908E-06  0.50988897E-06
  0.41000000E+00 -0.53664006E-07  0.50241280E-06
  0.42000000E+00  0.55995033E-07  0.56087093E-06
  0.43000000E+00  0.89135847E-07  0.65573773E-06
  0.44000000E+00  0.34091112E-07  0.74413203E-06
  0.45000000E+00 -0.82070164E-07  0.77811286E-06
  0.46000000E+00 -0.20682671E-06  0.73143277E-06
  0.47000000E+00 -0.28613623E-06  0.62174659E-06
  0.48000000E+00 -0.28803676E-06  0.50089506E-06
  0.49000000E+00 -0.21549584E-06  0.42189808E-06
  0.50000000E+00 -0.10333559E-06  0.40971422E-06
  0.51000000E+00 -0.14237102E-08  0.45440354E-06
  0.52000000E+00  0.47695412E-07  0.52682796E-06
  0.53000000E+00  0.26598903E-07  0.59585687E-06
  0.54000000E+00 -0.51242590E-07  0.63214924E-06
  0.55000000E+00 -0.14939887E-06  0.61376001E-06
  0.56000000E+00 -0.22569318E-06  0.54365279E-06
  0.57000000E+00 -0.25052819E-06  0.45504056E-06
  0.58000000E+00 -0.21827975E-06  0.38890197E-06
  0.59000000E+00 -0.14739933E-06  0.36799210E-06
  0.60000000E+00 -0.70235637E-07  0.39058320E-06
  0.61000000E+00 -0.18061757E-07  0.43734666E-06
  0.62000000E+00 -0.83558079E-08  0.48265768E-06
  0.63000000E+00 -0.39556431E-07  0.50565465E-06
  0.64000000E+00 -0.94501496E-07  0.49678213E-06
  0.65000000E+00 -0.14972251E-06  0.46205124E-06
  0.66000000E+00 -0.18562603E-06  0.42072517E-06
  0.67000000E+00 -0.19308950E-06  0.39012359E-06
  0.68000000E+00 -0.17447635E-06  0.37441700E-06
  0.69000000E+00 -0.14000509E-06  0.37109644E-06
  0.70000000E+00 -0.10227861E-06  0.37708180E-06
  0.71000000E+00 -0.71856723E-07  0.38548004E-06
  0.72000000E+00 -0.55338695E-07  0.38803797E-06
  0.73000000E+00 -0.55564839E-07  0.38420188E-06
  0.74000000E+00 -0.72413703E-07  0.38164430E-06
  0.75000000E+00 -0.10287920E-06  0.38651586E-06
  0.76000000E+00 -0.14037341E-06  0.39616692E-06
  0.77000000E+00 -0.17452351E-06  0.39977778E-06
  0.78000000E+00 -0.19302905E-06  0.38558025E-06
  0.79000000E+00 -0.18602236E-06  0.35204886E-06
  0.80000000E+00 -0.15143228E-06  0.31104749E-06
  0.81000000E+00 -0.98401717E-07  0.28048220E-06
  0.82000000E+00 -0.46005405E-07  0.27680423E-06
  0.83000000E+00 -0.16570627E-07  0.30596999E-06
  0.84000000E+00 -0.25859913E-07  0.35470078E-06
  0.85000000E+00 -0.74596929E-07  0.39815297E-06
  0.86000000E+00 -0.14591508E-06  0.41638295E-06
  0.87000000E+00 -0.21093674E-06  0.39866486E-06
  0.88000000E+00 -0.24081718E-06  0.34419764E-06
  0.89000000E+00 -0.22008342E-06  0.26979110E-06
  0.90000000E+00 -0.15486269E-06  0.21016174E-06
  0.91000000E+00 -0.71532821E-07  0.19845754E-06
  0.92000000E+00 -0.57439348E-08  0.24202920E-06
  0.93000000E+00  0.13450822E-07  0.31664436E-06
  0.94000000E+00 -0.23044638E-07  0.38246192E-06
  0.95000000E+00 -0.99953189E-07  0.40872552E-06
  0.96000000E+00 -0.18437019E-06  0.38687086E-06
  0.97000000E+00 -0.24052933E-06  0.32690674E-06
  0.98000000E+00 -0.24564247E-06  0.25263320E-06
  0.99000000E+00 -0.19948172E-06  0.19594379E-06
  0.10000000E+01 -0.12351590E-06  0.18141454E-06
  0.10100000E+01 -0.50459793E-07  0.21289053E-06
  0.10200000E+01 -0.95311390E-08  0.27284898E-06
  0.10300000E+01 -0.14398432E-07  0.33027361E-06
  0.10400000E+01 -0.59024468E-07  0.35558783E-06
  0.10500000E+01 -0.12244278E-06  0.33902572E-06
  0.10600000E+01 -0.17920818E-06  0.29671216E-06
  0.10700000E+01 -0.21004946E-06  0.25526132E-06
  0.10800000E+01 -0.20803641E-06  0.23066374E-06
  0.10900000E+01 -0.17855120E-06  0.22312289E-06
  0.11000000E+01 -0.13461684E-06  0.22683842E-06
  0.11100000E+01 -0.90888949E-07  0.23728752E-06
  0.11200000E+01 -0.59218403E-07  0.24879309E-06
  0.11300000E+01 -0.46831495E-07  0.25519990E-06
  0.11400000E+01 -0.56295579E-07  0.25760570E-06
  0.11500000E+01 -0.85746369E-07  0.26367182E-06
  0.11600000E+01 -0.12862129E-06  0.27642045E-06
  0.11700000E+01 -0.17358103E-06  0.28806613E-06
  0.11800000E+01 -0.20615071E-06  0.28456829E-06
  0.11900000E+01 -0.21298655E-06  0.25678536E-06
  0.12000000E+01 -0.18780024E-06  0.21180645E-06
  0.12100000E+01 -0.13608419E-06  0.17169360E-06
  0.12200000E+01 -0.75379084E-07  0.15900393E-06
  0.12300000E+01 -0.29589614E-07  0.18310199E-06
  0.12400000E+01 -0.19035242E-07  0.23448589E-06
  0.12500000E+01 -0.50713414E-07  0.28901398E-06
  0.12600000E+01 -0.11383968E-06  0.32069230E-06
  0.12700000E+01 -0.18349918E-06  0.31302541E-06
  0.12800000E+01 -0.23120877E-06  0.26515001E-06
  0.12900000E+01 -0.23752282E-06  0.19700109E-06
  0.13000000E+01 -0.20059594E-06  0.14393981E-06
  0.13100000E+01 -0.13659513E-06  0.13303523E-06
  0.13200000E+01 -0.71984110E-07  0.16346377E-06
  0.13300000E+01 -0.31718748E-07  0.21262773E-06
  0.13400000E+01 -0.29119767E-07  0.25543139E-06
  0.13500000E+01 -0.61846738E-07  0.27645494E-06
  0.13600000E+01 -0.11494244E-06  0.27130406E-06
  0.13700000E+01 -0.16842247E-06  0.24589528E-06
  0.13800000E+01 -0.20522440E-06  0.21485432E-06
  0.13900000E+01 -0.21612226E-06  0.19270811E-06
  0.14000000E+01 -0.20059437E-06  0.18494498E-06
  0.14100000E+01 -0.16490676E-06  0.18662076E-06
  0.14200000E+01 -0.11947625E-06  0.18651262E-06
  0.14300000E+01 -0.76717094E-07  0.17831830E-06
  0.14400000E+01 -0.49096004E-07  0.17273827E-06
  0.14500000E+01 -0.46443124E-07  0.18853278E-06
  0.14600000E+01 -0.72354906E-07  0.22598574E-06
  0.14700000E+01 -0.12112408E-06  0.26117285E-06
  0.14800000E+01 -0.17756776E-06  0.26943154E-06
  0.14900000E+01 -0.22129368E-06  0.24490769E-06
  0.15000000E+01 -0.23455446E-06  0.19946055E-06
  0.15100000E+01 -0.21035059E-06  0.15167168E-06
  0.15200000E+01 -0.15658931E-06  0.11978376E-06
  0.15300000E+01 -0.93667051E-07  0.11808890E-06
  0.15400000E+01 -0.46122886E-07  0.15083052E-06
  0.15500000E+01 -0.32186277E-07  0.20599833E-06
  0.15600000E+01 -0.56245576E-07  0.25528131E-06
  0.15700000E+01 -0.10774016E-06  0.26864059E-06
  0.15800000E+01 -0.16658254E-06  0.24038457E-06
  0.15900000E+01 -0.21194333E-06  0.19624778E-06
  0.16000000E+01 -0.22999139E-06  0.16586126E-06
  0.16100000E+01 -0.21748428E-06  0.15626476E-06
  0.16200000E+01 -0.18082703E-06  0.15653509E-06
  0.16300000E+01 -0.13243569E-06  0.15651356E-06
  0.16400000E+01 -0.86694257E-07  0.15601818E-06
  0.16500000E+01 -0.56700481E-07  0.16083571E-06
  0.16600000E+01 -0.51663118E-07  0.17530477E-06
  0.16700000E+01 -0.74492269E-07  0.19859345E-06
  0.16800000E+01 -0.11993698E-06  0.22381401E-06
  0.16900000E+01 -0.17461883E-06  0.23919849E-06
  0.17000000E+01 -0.22026797E-06  0.23136459E-06
  0.17100000E+01 -0.23998727E-06  0.19442875E-06
  0.17200000E+01 -0.22529006E-06  0.14223374E-06
  0.17300000E+01 -0.18047417E-06  0.10431439E-06
  0.17400000E+01 -0.12170297E-06  0.10183165E-06
  0.17500000E+01 -0.70729736E-07  0.13202660E-06
  0.17600000E+01 -0.46065131E-07  0.17619027E-06
  0.17700000E+01 -0.55762187E-07  0.21414366E-06
  0.17800000E+01 -0.95025741E-07  0.23140486E-06
  0.17900000E+01 -0.14920166E-06  0.22253166E-06
  0.18000000E+01 -0.20004585E-06  0.19543756E-06
  0.18100000E+01 -0.23208961E-06  0.16828511E-06
  0.18200000E+01 -0.23675390E-06  0.15450697E-06
  0.18300000E+01 -0.21367693E-06  0.15055439E-06
  0.18400000E+01 -0.17003453E-06  0.14234161E-06
  0.18500000E+01 -0.11870524E-06  0.12608250E-06
  0.18600000E+01 -0.75409652E-07  0.11826604E-06
  0.18700000E+01 -0.54605572E-07  0.13784099E-06
  0.18800000E+01 -0.64620685E-07  0.18117034E-06
  0.18900000E+01 -0.10377296E-06  0.22221231E-06
  0.19000000E+01 -0.15975227E-06  0.23590530E-06
  0.19100000E+01 -0.21344441E-06  0.21652471E-06
  0.19200000E+01 -0.24607026E-06  0.17569364E-06
  0.19300000E+01 -0.24650770E-06  0.13208992E-06
  0.19400000E+01 -0.21539743E-06  0.10471279E-06
  0.19500000E+01 -0.16433187E-06  0.10450227E-06
  0.19600000E+01 -0.11095272E-06  0.12557210E-06
  0.19700000E+01 -0.72523476E-07  0.14998038E-06
  0.19800000E+01 -0.60617796E-07  0.16590097E-06
  0.19900000E+01 -0.78344849E-07  0.17707729E-06
  0.20000000E+01 -0.12014698E-06  0.19059786E-06
  0.20100000E+01 -0.17356808E-06  0.20233830E-06
  0.20200000E+01 -0.22249426E-06  0.20092385E-06
  0.20300000E+01 -0.25153406E-06  0.18082064E-06
  0.20400000E+01 -0.25083198E-06  0.14735884E-06
  0.20500000E+01 -0.21986258E-06  0.11242345E-06
  0.20600000E+01 -0.16841161E-06  0.90111699E-07
  0.20700000E+01 -0.11370987E-06  0.93536196E-07
  0.20800000E+01 -0.74415407E-07  0.12549368E-06
  0.20900000E+01 -0.63830419E-07  0.16983173E-06
  0.21000000E+01 -0.85249409E-07  0.20039814E-06
  0.21100000E+01 -0.13126029E-06  0.20385408E-06
  0.21200000E+01 -0.18687087E-06  0.18944053E-06
  0.21300000E+01 -0.23475317E-06  0.17303878E-06
  0.21400000E+01 -0.26052645E-06  0.15893605E-06
  0.21500000E+01 -0.25665159E-06  0.14198595E-06
  0.21600000E+01 -0.22436987E-06  0.12027053E-06
  0.21700000E+01 -0.17350099E-06  0.10011640E-06
  0.21800000E+01 -0.11996009E-06  0.92553207E-07
  0.21900000E+01 -0.81153256E-07  0.10793593E-06
  0.22000000E+01 -0.70282814E-07  0.14706086E-06
  0.22100000E+01 -0.91554508E-07  0.19191511E-06
  0.22200000E+01 -0.13840748E-06  0.21389716E-06
  0.22300000E+01 -0.19573989E-06  0.20084304E-06
  0.22400000E+01 -0.24524481E-06  0.16912753E-06
  0.22500000E+01 -0.27159264E-06  0.14202575E-06
  0.22600000E+01 -0.26712500E-06  0.12605205E-06
  0.22700000E+01 -0.23376663E-06  0.11426082E-06
  0.22800000E+01 -0.18209495E-06  0.10263839E-06
  0.22900000E+01 -0.12818993E-06  0.96609464E-07
  0.23000000E+01 -0.89046800E-07  0.10573063E-06
  0.23100000E+01 -0.77491373E-07  0.13505097E-06
  0.23200000E+01 -0.97931312E-07  0.17655438E-06
  0.23300000E+01 -0.14452093E-06  0.20727908E-06
  0.23400000E+01 -0.20278347E-06  0.20565998E-06
  0.23500000E+01 -0.25437108E-06  0.17476081E-06
  0.23600000E+01 -0.28320312E-06  0.13912036E-06
  0.23700000E+01 -0.28063796E-06  0.11668451E-06
  0.23800000E+01 -0.24794806E-06  0.10571952E-06
  0.23900000E+01 -0.19561616E-06  0.98226582E-07
  0.24000000E+01 -0.14003303E-06  0.94568421E-07
  0.24100000E+01 -0.98654316E-07  0.10288256E-06
  0.24200000E+01 -0.84813495E-07  0.12915969E-06
  0.24300000E+01 -0.10351595E-06  0.16790794E-06
  0.24400000E+01 -0.14957579E-06  0.19989549E-06
  0.24500000E+01 -0.20899882E-06  0.20368724E-06
  0.24600000E+01 -0.26340557E-06  0.17695310E-06
  0.24700000E+01 -0.29600219E-06  0.14075926E-06
  0.24800000E+01 -0.29694553E-06  0.11525151E-06
  0.24900000E+01 -0.26629865E-06  0.10153361E-06
  0.25000000E+01 -0.21382656E-06  0.92187401E-07
  0.25100000E+01 -0.15595412E-06  0.87521008E-07
  0.25200000E+01 -0.11086507E-06  0.96044676E-07
  0.25300000E+01 -0.93043483E-07  0.12356788E-06
  0.25400000E+01 -0.10873270E-06  0.16337299E-06
  0.25500000E+01 -0.15376190E-06  0.19550898E-06
  0.25600000E+01 -0.21465066E-06  0.19983886E-06
  0.25700000E+01 -0.27281639E-06  0.17599040E-06
  0.25800000E+01 -0.31049041E-06  0.14391569E-06
  0.25900000E+01 -0.31630670E-06  0.11917007E-06
  0.26000000E+01 -0.28875132E-06  0.10062606E-06
  0.26100000E+01 -0.23654415E-06  0.84694090E-07
  0.26200000E+01 -0.17599636E-06  0.77206227E-07
  0.26300000E+01 -0.12614796E-06  0.87983061E-07
  0.26400000E+01 -0.10300667E-06  0.11928948E-06
  0.26500000E+01 -0.11452739E-06  0.15998988E-06
  0.26600000E+01 -0.15794271E-06  0.18966691E-06
  0.26700000E+01 -0.22045527E-06  0.19373927E-06
  0.26800000E+01 -0.28318222E-06  0.17671444E-06
  0.26900000E+01 -0.32707788E-06  0.15224710E-06
  0.27000000E+01 -0.33887456E-06  0.12535603E-06
  0.27100000E+01 -0.31516934E-06  0.96644293E-07
  0.27200000E+01 -0.26347393E-06  0.73872078E-07
  0.27300000E+01 -0.19998140E-06  0.68293405E-07
  0.27400000E+01 -0.14471733E-06  0.84283967E-07
  0.27500000E+01 -0.11544672E-06  0.11594335E-06
  0.27600000E+01 -0.12213025E-06  0.15105201E-06
  0.27700000E+01 -0.16365916E-06  0.17814395E-06
  0.27800000E+01 -0.22800129E-06  0.19121641E-06
  0.27900000E+01 -0.29582804E-06  0.18668746E-06
  0.28000000E+01 -0.34652676E-06  0.16193292E-06
  0.28100000E+01 -0.36467350E-06  0.12334045E-06
  0.28200000E+01 -0.34489068E-06  0.87420931E-07
  0.28300000E+01 -0.29356813E-06  0.67922611E-07
  0.28400000E+01 -0.22695613E-06  0.67156738E-07
  0.28500000E+01 -0.16624653E-06  0.80211706E-07
  0.28600000E+01 -0.13109869E-06  0.10350090E-06
  0.28700000E+01 -0.13350451E-06  0.13703741E-06
  0.28800000E+01 -0.17385821E-06  0.17510818E-06
  0.28900000E+01 -0.24055894E-06  0.19895786E-06
  0.29000000E+01 -0.31345588E-06  0.19190290E-06
  0.29100000E+01 -0.37016935E-06  0.15901624E-06
  0.29200000E+01 -0.39325536E-06  0.11954182E-06
  0.29300000E+01 -0.37583364E-06  0.87113452E-07
  0.29400000E+01 -0.32383606E-06  0.65762537E-07
  0.29500000E+01 -0.25420098E-06  0.57731602E-07
  0.29600000E+01 -0.18962535E-06  0.67890390E-07
  0.29700000E+01 -0.15147669E-06  0.97684486E-07
  0.29800000E+01 -0.15298457E-06  0.13794435E-06
  0.29900000E+01 -0.19482082E-06  0.17405661E-06
  0.30000000E+01 -0.26459301E-06  0.19446566E-06
  0.30100000E+01 -0.34063272E-06  0.19083199E-06
  0.30200000E+01 -0.39901219E-06  0.16117427E-06
  0.30300000E+01 -0.42148955E-06  0.11620414E-06
  0.30400000E+01 -0.40163837E-06  0.75096610E-07
  0.30500000E+01 -0.34702332E-06  0.53326238E-07
  0.30600000E+01 -0.27669471E-06  0.53698611E-07
  0.30700000E+01 -0.21486803E-06  0.70305480E-07
  0.30800000E+01 -0.18289033E-06  0.99530246E-07
  0.30900000E+01 -0.19209518E-06  0.13857218E-06
  0.31000000E+01 -0.23991088E-06  0.17569725E-06
  0.31100000E+01 -0.31062458E-06  0.19312840E-06
  0.31200000E+01 -0.38075268E-06  0.18022635E-06
  0.31300000E+01 -0.42729884E-06  0.14229284E-06
  0.31400000E+01 -0.43598197E-06  0.96436179E-07
  0.31500000E+01 -0.40633233E-06  0.60542706E-07
  0.31600000E+01 -0.35165516E-06  0.47287211E-07
  0.31700000E+01 -0.29384450E-06  0.59645327E-07
  0.31800000E+01 -0.25504170E-06  0.89045307E-07
  0.31900000E+01 -0.24934957E-06  0.12344486E-06
  0.32000000E+01 -0.27775026E-06  0.15377776E-06
  0.32100000E+01 -0.32817276E-06  0.17093825E-06
  0.32200000E+01 -0.38069337E-06  0.16479421E-06
  0.32300000E+01 -0.41587388E-06  0.13382198E-06
  0.32400000E+01 -0.42287941E-06  0.92708471E-07
  0.32500000E+01 -0.40390868E-06  0.62640962E-07
  0.32600000E+01 -0.37284172E-06  0.56886956E-07
  0.32700000E+01 -0.34847920E-06  0.76752291E-07
  0.32800000E+01 -0.34530284E-06  0.11249766E-06
  0.32900000E+01 -0.36610226E-06  0.14636428E-06
  0.33000000E+01 -0.40024009E-06  0.16064518E-06
  0.33100000E+01 -0.42881406E-06  0.14596682E-06
  0.33200000E+01 -0.43458945E-06  0.10511069E-06
  0.33300000E+01 -0.41194696E-06  0.56889178E-07
  0.33400000E+01 -0.37162013E-06  0.30959897E-07
  0.33500000E+01 -0.33712624E-06  0.44994336E-07
  0.33600000E+01 -0.33374955E-06  0.91420866E-07
  0.33700000E+01 -0.37487466E-06  0.14904901E-06
  0.33800000E+01 -0.45251352E-06  0.19502408E-06
  0.33900000E+01 -0.53765118E-06  0.20644999E-06
  0.34000000E+01 -0.59179034E-06  0.16693739E-06
  0.34100000E+01 -0.58537852E-06  0.80335971E-07
  0.34200000E+01 -0.51447401E-06 -0.19146576E-07
  0.34300000E+01 -0.40656381E-06 -0.74250308E-07
  0.34400000E+01 -0.31091790E-06 -0.41950031E-07
  0.34500000E+01 -0.27654093E-06  0.67212162E-07
  0.34600000E+01 -0.32788434E-06  0.19547632E-06
  0.34700000E+01 -0.45082162E-06  0.27879623E-06
  0.34800000E+01 -0.59707336E-06  0.27716246E-06
  0.34900000E+01 -0.70602819E-06  0.18624875E-06
  0.35000000E+01 -0.73354068E-06  0.43052338E-07
  0.35100000E+01 -0.67306755E-06 -0.81395108E-07
  0.35200000E+01 -0.55813239E-06 -0.11848207E-06
  0.35300000E+01 -0.44493598E-06 -0.50416196E-07
  0.35400000E+01 -0.38456205E-06  0.78017281E-07
  0.35500000E+01 -0.39965155E-06  0.19367378E-06
  0.35600000E+01 -0.47736982E-06  0.23625403E-06
  0.35700000E+01 -0.58082125E-06  0.18669797E-06
  0.35800000E+01 -0.67059711E-06  0.82399832E-07
  0.35900000E+01 -0.72333041E-06 -0.18959917E-08
  0.36000000E+01 -0.73762887E-06 -0.12246120E-07
  0.36100000E+01 -0.72684297E-06  0.40735200E-07
  0.36200000E+01 -0.70636796E-06  0.97471536E-07
  0.36300000E+01 -0.68512343E-06  0.10170856E-06
  0.36400000E+01 -0.66579274E-06  0.44877383E-07
  0.36500000E+01 -0.65081795E-06 -0.24060918E-07
  0.36600000E+01 -0.64704467E-06 -0.38512262E-07
  0.36700000E+01 -0.66410474E-06  0.20586706E-07
  0.36800000E+01 -0.70769965E-06  0.10395632E-06
  0.36900000E+01 -0.77359063E-06  0.13960425E-06
  0.37000000E+01 -0.84753718E-06  0.96902976E-07
  0.37100000E+01 -0.91162044E-06  0.14071348E-07
  0.37200000E+01 -0.95261337E-06 -0.40043602E-07
  0.37300000E+01 -0.96717340E-06 -0.37427733E-07
  0.37400000E+01 -0.96161082E-06 -0.13774452E-07
  0.37500000E+01 -0.94788812E-06 -0.18477154E-07
  0.37600000E+01 -0.93903302E-06 -0.55559018E-07
  0.37700000E+01 -0.94597735E-06 -0.82297740E-07
  0.37800000E+01 -0.97579462E-06 -0.67198661E-07
  0.37900000E+01 -0.10305701E-05 -0.32905728E-07
  0.38000000E+01 -0.11067907E-05 -0.26235069E-07
  0.38100000E+01 -0.11959611E-05 -0.59479700E-07
  0.38200000E+01 -0.12869373E-05 -0.10301778E-06
  0.38300000E+01 -0.13694619E-05 -0.13452369E-06
  0.38400000E+01 -0.14375416E-05 -0.16712080E-06
  0.38500000E+01 -0.14913852E-05 -0.21617538E-06
  0.38600000E+01 -0.15374089E-05 -0.26784288E-06
  0.38700000E+01 -0.15866086E-05 -0.30387626E-06
  0.38800000E+01 -0.16520373E-05 -0.33315552E-06
  0.38900000E+01 -0.17461693E-05 -0.37209044E-06
  0.39000000E+01 -0.18788332E-05 -0.41847421E-06
  0.39100000E+01 -0.20562157E-05 -0.46934705E-06
  0.39200000E+01 -0.22811752E-05 -0.53805343E-06
  0.39300000E+01 -0.25545410E-05 -0.63588143E-06
  0.39400000E+01 -0.28764379E-05 -0.76294736E-06
  0.39500000E+01 -0.32461111E-05 -0.91996253E-06
  0.39600000E+01 -0.36587272E-05 -0.11084284E-05
  0.39700000E+01 -0.40986832E-05 -0.13296828E-05
  0.39800000E+01 -0.45308558E-05 -0.15911571E-05
  0.39900000E+01 -0.48936573E-05 -0.19038723E-05
  0.40000000E+01 -0.50992105E-05 -0.22781353E-05
  0.40100000E+01 -0.50451506E-05 -0.27194866E-05
  0.40200000E+01 -0.46387198E-05 -0.32191321E-05
  0.40300000E+01 -0.38278266E-05 -0.37403751E-05
  0.40400000E+01 -0.26283162E-05 -0.42067849E-05
  0.40500000E+01 -0.11352189E-05 -0.45106968E-05
  0.40600000E+01  0.48975795E-06 -0.45593952E-05
  0.40700000E+01  0.20530207E-05 -0.43354436E-05
  0.40800000E+01  0.33749692E-05 -0.39094976E-05
  0.40900000E+01  0.43307850E-05 -0.33904831E-05
  0.41000000E+01  0.48724026E-05 -0.28688381E-05
  0.41100000E+01  0.50264651E-05 -0.23952524E-05
  0.41200000E+01  0.48729181E-05 -0.19878449E-05
  0.41300000E+01  0.45152037E-05 -0.16466664E-05
  0.41400000E+01  0.40533789E-05 -0.13649193E-05
  0.41500000E+01  0.35671688E-05 -0.11352509E-05
  0.41600000E+01  0.31101175E-05 -0.95194620E-06
  0.41700000E+01  0.27117972E-05 -0.80977187E-06
  0.41800000E+01  0.23836497E-05 -0.70142002E-06
  0.41900000E+01  0.21250475E-05 -0.61711447E-06
  0.42000000E+01  0.19279698E-05 -0.54742248E-06
  0.42100000E+01  0.17802509E-05 -0.48590598E-06
  0.42200000E+01  0.16678985E-05 -0.42912151E-06
  0.42300000E+01  0.15770338E-05 -0.37565797E-06
  0.42400000E+01  0.14956317E-05 -0.32480546E-06
  0.42500000E+01  0.14149773E-05 -0.27661352E-06
  0.42600000E+01  0.13306192E-05 -0.23221578E-06
  0.42700000E+01  0.12425632E-05 -0.19355403E-06
  0.42800000E+01  0.11545657E-05 -0.16395323E-06
  0.42900000E+01  0.10725842E-05 -0.14550945E-06
  0.43000000E+01  0.10027203E-05 -0.13629108E-06
  0.43100000E+01  0.94921711E-06 -0.13230382E-06
  0.43200000E+01  0.91308166E-06 -0.12840908E-06
  0.43300000E+01  0.89171807E-06 -0.12094248E-06
  0.43400000E+01  0.87960785E-06 -0.10995613E-06
  0.43500000E+01  0.86976024E-06 -0.95767510E-07
  0.43600000E+01  0.85547948E-06 -0.78037117E-07
  0.43700000E+01  0.83201569E-06 -0.58632058E-07
  0.43800000E+01  0.79769842E-06 -0.40028909E-07
  0.43900000E+01  0.75430874E-06 -0.23291363E-07
  0.44000000E+01  0.70655250E-06 -0.11769609E-07
  0.44100000E+01  0.66073820E-06 -0.96048611E-08
  0.44200000E+01  0.62298603E-06 -0.14147900E-07
  0.44300000E+01  0.59748738E-06 -0.19772995E-07
  0.44400000E+01  0.58535395E-06 -0.24873574E-07
  0.44500000E+01  0.58436872E-06 -0.27334200E-07
  0.44600000E+01  0.58967453E-06 -0.23824363E-07
  0.44700000E+01  0.59512129E-06 -0.15458440E-07
  0.44800000E+01  0.59488093E-06 -0.56156387E-08
  0.44900000E+01  0.58491950E-06  0.55014871E-08
  0.45000000E+01  0.56400337E-06  0.19244297E-07
  0.45100000E+01  0.53400317E-06  0.31834505E-07
  0.45200000E+01  0.49939331E-06  0.36501272E-07
  0.45300000E+01  0.46603621E-06  0.33821055E-07
  0.45400000E+01  0.43955478E-06  0.28775718E-07
  0.45500000E+01  0.42376670E-06  0.21487572E-07
  0.45600000E+01  0.41965677E-06  0.12391652E-07
  0.45700000E+01  0.42517818E-06  0.74988046E-08
  0.45800000E+01  0.43589884E-06  0.10271688E-07
  0.45900000E+01  0.44623346E-06  0.16792742E-07
  0.46000000E+01  0.45091368E-06  0.23037131E-07
  0.46100000E+01  0.44631520E-06  0.30564988E-07
  0.46200000E+01  0.43136692E-06  0.42070646E-07
  0.46300000E+01  0.40782314E-06  0.53729322E-07
  0.46400000E+01  0.37981000E-06  0.57223593E-07
  0.46500000E+01  0.35271581E-06  0.51499389E-07
  0.46600000E+01  0.33171027E-06  0.44462303E-07
  0.46700000E+01  0.32031926E-06  0.39351373E-07
  0.46800000E+01  0.31948074E-06  0.32135024E-07
  0.46900000E+01  0.32735730E-06  0.24268388E-07
  0.47000000E+01  0.33991319E-06  0.22990224E-07
  0.47100000E+01  0.35204255E-06  0.29722841E-07
  0.47200000E+01  0.35890867E-06  0.38638007E-07
  0.47300000E+01  0.35715991E-06  0.44999656E-07
  0.47400000E+01  0.34575887E-06  0.50171839E-07
  0.47500000E+01  0.32624985E-06  0.57960678E-07
  0.47600000E+01  0.30237340E-06  0.66001400E-07
  0.47700000E+01  0.27907875E-06  0.65461145E-07
  0.47800000E+01  0.26116646E-06  0.53864459E-07
  0.47900000E+01  0.25195670E-06  0.41389326E-07
  0.48000000E+01  0.25240872E-06  0.37403369E-07
  0.48100000E+01  0.26093538E-06  0.38078429E-07
  0.48200000E+01  0.27391330E-06  0.36028798E-07
  0.48300000E+01  0.28667644E-06  0.33666958E-07
  0.48400000E+01  0.29472372E-06  0.37943703E-07
  0.48500000E+01  0.29485599E-06  0.49208803E-07
  0.48600000E+01  0.28599252E-06  0.60894637E-07
  0.48700000E+01  0.26944730E-06  0.66167815E-07
  0.48800000E+01  0.24858221E-06  0.64112561E-07
  0.48900000E+01  0.22790480E-06  0.60411040E-07
  0.49000000E+01  0.21186407E-06  0.58958499E-07
  0.49100000E+01  0.20366149E-06  0.55381295E-07
  0.49200000E+01  0.20439526E-06  0.45187106E-07
  0.49300000E+01  0.21278647E-06  0.34179466E-07
  0.49400000E+01  0.22556835E-06  0.32559398E-07
  0.49500000E+01  0.23842275E-06  0.40769935E-07
  0.49600000E+01  0.24714924E-06  0.49439461E-07
  0.49700000E+01  0.24872300E-06  0.52915194E-07
  0.49800000E+01  0.24199337E-06  0.54533103E-07
  0.49900000E+01  0.22793688E-06  0.59278108E-07
  0.50000000E+01  0.20944359E-06  0.66862166E-07
  0.50100000E+01  0.19062931E-06  0.70884512E-07
  0.50200000E+01  0.17575013E-06  0.64548001E-07
  0.50300000E+01  0.16798599E-06  0.49875493E-07
  0.50400000E+01  0.16852674E-06  0.38466227E-07
  0.50500000E+01  0.17630516E-06  0.38470783E-07
  0.50600000E+01  0.18843023E-06  0.44475971E-07
  0.50700000E+01  0.20105043E-06  0.46304563E-07
  0.50800000E+01  0.21031408E-06  0.43453285E-07
  0.50900000E+01  0.21323649E-06  0.44333727E-07
  0.51000000E+01  0.20840571E-06  0.53660626E-07
  0.51100000E+01  0.19642112E-06  0.65967564E-07
  0.51200000E+01  0.17985148E-06  0.72084070E-07
  0.51300000E+01  0.16256695E-06  0.67713931E-07
  0.51400000E+01  0.14859509E-06  0.56288674E-07
  0.51500000E+01  0.14094351E-06  0.46787717E-07
  0.51600000E+01  0.14084193E-06  0.45360359E-07
  0.51700000E+01  0.14758370E-06  0.47764293E-07
  0.51800000E+01  0.15883293E-06  0.45487471E-07
  0.51900000E+01  0.17119779E-06  0.38722460E-07
  0.52000000E+01  0.18097890E-06  0.36854873E-07
  0.52100000E+01  0.18506513E-06  0.45685690E-07
  0.52200000E+01  0.18182792E-06  0.59335529E-07
  0.52300000E+01  0.17166979E-06  0.67488693E-07
  0.52400000E+01  0.15692405E-06  0.66352584E-07
  0.52500000E+01  0.14110265E-06  0.59844114E-07
  0.52600000E+01  0.12783657E-06  0.53895873E-07
  0.52700000E+01  0.11994518E-06  0.51751473E-07
  0.52800000E+01  0.11886267E-06  0.51671470E-07
  0.52900000E+01  0.12439776E-06  0.48440225E-07
  0.53000000E+01  0.13474965E-06  0.40187384E-07
  0.53100000E+01  0.14682559E-06  0.33355391E-07
  0.53200000E+01  0.15696396E-06  0.36594044E-07
  0.53300000E+01  0.16198202E-06  0.49081944E-07
  0.53400000E+01  0.16017347E-06  0.60470420E-07
  0.53500000E+01  0.15180126E-06  0.63184598E-07
  0.53600000E+01  0.13887884E-06  0.59333407E-07
  0.53700000E+01  0.12443890E-06  0.55596635E-07
  0.53800000E+01  0.11169385E-06  0.55139430E-07
  0.53900000E+01  0.10336301E-06  0.55663294E-07
  0.54000000E+01  0.10117203E-06  0.53226494E-07
  0.54100000E+01  0.10543827E-06  0.46061863E-07
  0.54200000E+01  0.11481782E-06  0.36582907E-07
  0.54300000E+01  0.12646889E-06  0.31588313E-07
  0.54400000E+01  0.13680157E-06  0.36894112E-07
  0.54500000E+01  0.14262699E-06  0.49289369E-07
  0.54600000E+01  0.14218124E-06  0.58548232E-07
  0.54700000E+01  0.13554915E-06  0.58965589E-07
  0.54800000E+01  0.12438648E-06  0.54635026E-07
  0.54900000E+01  0.11125921E-06  0.52839021E-07
  0.55000000E+01  0.98999928E-07  0.55171376E-07
  0.55100000E+01  0.90227968E-07  0.56844212E-07
  0.55200000E+01  0.86902825E-07  0.53247778E-07
  0.55300000E+01  0.89794403E-07  0.44628350E-07
  0.55400000E+01  0.98029588E-07  0.35235527E-07
  0.55500000E+01  0.10909673E-06  0.30836788E-07
  0.55600000E+01  0.11954153E-06  0.35454736E-07
  0.55700000E+01  0.12614584E-06  0.46597966E-07
  0.55800000E+01  0.12700808E-06  0.55758278E-07
  0.55900000E+01  0.12199196E-06  0.56798833E-07
  0.56000000E+01  0.11245476E-06  0.52334001E-07
  0.56100000E+01  0.10060650E-06  0.49921210E-07
  0.56200000E+01  0.88942712E-07  0.52593753E-07
  0.56300000E+01  0.79891102E-07  0.55708037E-07
  0.56400000E+01  0.75486575E-07  0.53375668E-07
  0.56500000E+01  0.76866902E-07  0.45081761E-07
  0.56600000E+01  0.83702196E-07  0.35481377E-07
  0.56700000E+01  0.93976013E-07  0.30220815E-07
  0.56800000E+01  0.10447584E-06  0.32726775E-07
  0.56900000E+01  0.11190644E-06  0.41941574E-07
  0.57000000E+01  0.11407833E-06  0.51863178E-07
  0.57100000E+01  0.11054093E-06  0.55819422E-07
  0.57200000E+01  0.10242018E-06  0.52654019E-07
  0.57300000E+01  0.91749666E-07  0.48063294E-07
  0.57400000E+01  0.80809693E-07  0.48069625E-07
  0.57500000E+01  0.71770314E-07  0.51671355E-07
  0.57600000E+01  0.66518257E-07  0.52578160E-07
  0.57700000E+01  0.66357963E-07  0.47060152E-07
  0.57800000E+01  0.71495825E-07  0.37704736E-07
  0.57900000E+01  0.80609662E-07  0.30449301E-07
  0.58000000E+01  0.90967461E-07  0.29781281E-07
  0.58100000E+01  0.99275987E-07  0.36215980E-07
  0.58200000E+01  0.10291568E-06  0.46087923E-07
  0.58300000E+01  0.10089264E-06  0.53549007E-07
  0.58400000E+01  0.94004890E-07  0.54380834E-07
  0.58500000E+01  0.84247698E-07  0.49553752E-07
  0.58600000E+01  0.73949053E-07  0.44950348E-07
  0.58700000E+01  0.65167609E-07  0.45201651E-07
  0.58800000E+01  0.59509984E-07  0.48155944E-07
  0.58900000E+01  0.58113373E-07  0.47855057E-07
  0.59000000E+01  0.61447128E-07  0.41784749E-07
  0.59100000E+01  0.68909775E-07  0.33394922E-07
  0.59200000E+01  0.78576671E-07  0.28545320E-07
  0.59300000E+01  0.87528989E-07  0.30644641E-07
  0.59400000E+01  0.92829524E-07  0.38631408E-07
  0.59500000E+01  0.92698760E-07  0.48072819E-07
  0.59600000E+01  0.87218544E-07  0.53916878E-07
  0.59700000E+01  0.78158232E-07  0.53179157E-07
  0.59800000E+01  0.68088863E-07  0.47125672E-07
  0.59900000E+01  0.59378394E-07  0.41295141E-07
  0.60000000E+01  0.53622307E-07  0.40447825E-07
