  0.20000000E+00  0.64966849E-11 -0.19637373E-10
  0.21000000E+00  0.71575075E-11 -0.20516742E-10
  0.22000000E+00  0.78599019E-11 -0.21344814E-10
  0.23000000E+00  0.85809411E-11 -0.22131786E-10
  0.24000000E+00  0.92991400E-11 -0.22893131E-10
  0.25000000E+00  0.10002355E-10 -0.23634024E-10
  0.26000000E+00  0.10691948E-10 -0.24355317E-10
  0.27000000E+00  0.11381746E-10 -0.25066583E-10
  0.28000000E+00  0.12092391E-10 -0.25783006E-10
  0.29000000E+00  0.12843418E-10 -0.26506258E-10
  0.30000000E+00  0.13646202E-10 -0.27215020E-10
  0.31000000E+00  0.14500382E-10 -0.27881114E-10
  0.32000000E+00  0.15394645E-10 -0.28492727E-10
  0.33000000E+00  0.16310798E-10 -0.29060011E-10
  0.34000000E+00  0.17228931E-10 -0.29600399E-10
  0.35000000E+00  0.18131876E-10 -0.30122224E-10
  0.36000000E+00  0.19008479E-10 -0.30621149E-10
  0.37000000E+00  0.19856167E-10 -0.31085945E-10
  0.38000000E+00  0.20682990E-10 -0.31512559E-10
  0.39000000E+00  0.21508070E-10 -0.31917819E-10
  0.40000000E+00  0.22358541E-10 -0.32330328E-10
  0.41000000E+00  0.23261829E-10 -0.32760628E-10
  0.42000000E+00  0.24234513E-10 -0.33184673E-10
  0.43000000E+00  0.25271726E-10 -0.33564070E-10
  0.44000000E+00  0.26342471E-10 -0.33877239E-10
  0.45000000E+00  0.27395157E-10 -0.34123695E-10
  0.46000000E+00  0.28374081E-10 -0.34306123E-10
  0.47000000E+00  0.29242456E-10 -0.34420621E-10
  0.48000000E+00  0.30002919E-10 -0.34478659E-10
  0.49000000E+00  0.30704841E-10 -0.34539866E-10
  0.50000000E+00  0.31431272E-10 -0.34689607E-10
  0.51000000E+00  0.32266952E-10 -0.34956421E-10
  0.52000000E+00  0.33258991E-10 -0.35264981E-10
  0.53000000E+00  0.34388137E-10 -0.35487674E-10
  0.54000000E+00  0.35566547E-10 -0.35536830E-10
  0.55000000E+00  0.36667317E-10 -0.35405916E-10
  0.56000000E+00  0.37576284E-10 -0.35148580E-10
  0.57000000E+00  0.38244759E-10 -0.34845791E-10
  0.58000000E+00  0.38718859E-10 -0.34584932E-10
  0.59000000E+00  0.39129089E-10 -0.34446386E-10
  0.60000000E+00  0.39640285E-10 -0.34482910E-10
  0.61000000E+00  0.40380437E-10 -0.34669460E-10
  0.62000000E+00  0.41379046E-10 -0.34865428E-10
  0.63000000E+00  0.42544661E-10 -0.34871488E-10
  0.64000000E+00  0.43695756E-10 -0.34562354E-10
  0.65000000E+00  0.44635012E-10 -0.33977483E-10
  0.66000000E+00  0.45235687E-10 -0.33291521E-10
  0.67000000E+00  0.45501147E-10 -0.32702784E-10
  0.68000000E+00  0.45569133E-10 -0.32330651E-10
  0.69000000E+00  0.45656620E-10 -0.32185886E-10
  0.70000000E+00  0.45967790E-10 -0.32207459E-10
  0.71000000E+00  0.46604797E-10 -0.32286788E-10
  0.72000000E+00  0.47520754E-10 -0.32257449E-10
  0.73000000E+00  0.48536679E-10 -0.31940350E-10
  0.74000000E+00  0.49416160E-10 -0.31271600E-10
  0.75000000E+00  0.49965594E-10 -0.30384709E-10
  0.76000000E+00  0.50115950E-10 -0.29532694E-10
  0.77000000E+00  0.49950282E-10 -0.28919054E-10
  0.78000000E+00  0.49665914E-10 -0.28593920E-10
  0.79000000E+00  0.49489498E-10 -0.28470756E-10
  0.80000000E+00  0.49583008E-10 -0.28406455E-10
  0.81000000E+00  0.49980637E-10 -0.28268150E-10
  0.82000000E+00  0.50580961E-10 -0.27956359E-10
  0.83000000E+00  0.51194048E-10 -0.27415654E-10
  0.84000000E+00  0.51620682E-10 -0.26665981E-10
  0.85000000E+00  0.51729601E-10 -0.25827244E-10
  0.86000000E+00  0.51502350E-10 -0.25076933E-10
  0.87000000E+00  0.51031183E-10 -0.24540149E-10
  0.88000000E+00  0.50475736E-10 -0.24210634E-10
  0.89000000E+00  0.49999734E-10 -0.23983687E-10
  0.90000000E+00  0.49713585E-10 -0.23752750E-10
  0.91000000E+00  0.49642206E-10 -0.23468999E-10
  0.92000000E+00  0.49724859E-10 -0.23125700E-10
  0.93000000E+00  0.49841879E-10 -0.22708988E-10
  0.94000000E+00  0.49856278E-10 -0.22190085E-10
  0.95000000E+00  0.49656697E-10 -0.21578788E-10
  0.96000000E+00  0.49190240E-10 -0.20956207E-10
  0.97000000E+00  0.48477409E-10 -0.20419741E-10
  0.98000000E+00  0.47605735E-10 -0.20010168E-10
  0.99000000E+00  0.46703544E-10 -0.19715618E-10
  0.10000000E+01  0.45900300E-10 -0.19519866E-10
  0.10100000E+01  0.45284242E-10 -0.19409695E-10
  0.10200000E+01  0.44870451E-10 -0.19342945E-10
  0.10300000E+01  0.44591341E-10 -0.19234591E-10
  0.10400000E+01  0.44315794E-10 -0.18990139E-10
  0.10500000E+01  0.43893318E-10 -0.18576164E-10
  0.10600000E+01  0.43208983E-10 -0.18067364E-10
  0.10700000E+01  0.42228456E-10 -0.17607101E-10
  0.10800000E+01  0.41014470E-10 -0.17313703E-10
  0.10900000E+01  0.39706502E-10 -0.17224571E-10
  0.11000000E+01  0.38470282E-10 -0.17311176E-10
  0.11100000E+01  0.37436221E-10 -0.17515961E-10
  0.11200000E+01  0.36650586E-10 -0.17760370E-10
  0.11300000E+01  0.36058358E-10 -0.17944736E-10
  0.11400000E+01  0.35524366E-10 -0.17984338E-10
  0.11500000E+01  0.34884440E-10 -0.17866947E-10
  0.11600000E+01  0.34006870E-10 -0.17675066E-10
  0.11700000E+01  0.32840794E-10 -0.17540961E-10
  0.11800000E+01  0.31433714E-10 -0.17568861E-10
  0.11900000E+01  0.29912545E-10 -0.17791063E-10
  0.12000000E+01  0.28436373E-10 -0.18182908E-10
  0.12100000E+01  0.27139041E-10 -0.18698304E-10
  0.12200000E+01  0.26082493E-10 -0.19277595E-10
  0.12300000E+01  0.25237176E-10 -0.19838922E-10
  0.12400000E+01  0.24495804E-10 -0.20301366E-10
  0.12500000E+01  0.23714783E-10 -0.20635720E-10
  0.12600000E+01  0.22767667E-10 -0.20891494E-10
  0.12700000E+01  0.21590680E-10 -0.21173079E-10
  0.12800000E+01  0.20203568E-10 -0.21583748E-10
  0.12900000E+01  0.18698899E-10 -0.22177040E-10
  0.13000000E+01  0.17205385E-10 -0.22944056E-10
  0.13100000E+01  0.15840600E-10 -0.23834049E-10
  0.13200000E+01  0.14671521E-10 -0.24781342E-10
  0.13300000E+01  0.13696668E-10 -0.25720970E-10
  0.13400000E+01  0.12853975E-10 -0.26604349E-10
  0.13500000E+01  0.12048332E-10 -0.27422321E-10
  0.13600000E+01  0.11186385E-10 -0.28212790E-10
  0.13700000E+01  0.10205721E-10 -0.29036718E-10
  0.13800000E+01  0.90902154E-11 -0.29940853E-10
  0.13900000E+01  0.78699571E-11 -0.30938553E-10
  0.14000000E+01  0.66092614E-11 -0.32020311E-10
  0.14100000E+01  0.53880943E-11 -0.33177205E-10
  0.14200000E+01  0.42813654E-11 -0.34412723E-10
  0.14300000E+01  0.33393982E-11 -0.35732746E-10
  0.14400000E+01  0.25731033E-11 -0.37120551E-10
  0.14500000E+01  0.19484604E-11 -0.38523351E-10
  0.14600000E+01  0.13945748E-11 -0.39876887E-10
  0.14700000E+01  0.82588777E-12 -0.41152117E-10
  0.14800000E+01  0.17276293E-12 -0.42379475E-10
  0.14900000E+01 -0.59096481E-12 -0.43631777E-10
  0.15000000E+01 -0.14357639E-11 -0.44983905E-10
  0.15100000E+01 -0.22862086E-11 -0.46479360E-10
  0.15200000E+01 -0.30496546E-11 -0.48115727E-10
  0.15300000E+01 -0.36515792E-11 -0.49844428E-10
  0.15400000E+01 -0.40621292E-11 -0.51588457E-10
  0.15500000E+01 -0.43029000E-11 -0.53278011E-10
  0.15600000E+01 -0.44327517E-11 -0.54886626E-10
  0.15700000E+01 -0.45211863E-11 -0.56445575E-10
  0.15800000E+01 -0.46222903E-11 -0.58020341E-10
  0.15900000E+01 -0.47596289E-11 -0.59659399E-10
  0.16000000E+01 -0.49251611E-11 -0.61361854E-10
  0.16100000E+01 -0.50881280E-11 -0.63096703E-10
  0.16200000E+01 -0.52069865E-11 -0.64844016E-10
  0.16300000E+01 -0.52394351E-11 -0.66609997E-10
  0.16400000E+01 -0.51496625E-11 -0.68410869E-10
  0.16500000E+01 -0.49144825E-11 -0.70252206E-10
  0.16600000E+01 -0.45292557E-11 -0.72120108E-10
  0.16700000E+01 -0.40117263E-11 -0.73982351E-10
  0.16800000E+01 -0.34001141E-11 -0.75799822E-10
  0.16900000E+01 -0.27431564E-11 -0.77548445E-10
  0.17000000E+01 -0.20839127E-11 -0.79237636E-10
  0.17100000E+01 -0.14433634E-11 -0.80908792E-10
  0.17200000E+01 -0.81118845E-12 -0.82611392E-10
  0.17300000E+01 -0.14842453E-12 -0.84371221E-10
  0.17400000E+01  0.59864396E-12 -0.86177553E-10
  0.17500000E+01  0.14790673E-11 -0.87999120E-10
  0.17600000E+01  0.25201795E-11 -0.89804934E-10
  0.17700000E+01  0.37193025E-11 -0.91569748E-10
  0.17800000E+01  0.50465341E-11 -0.93272760E-10
  0.17900000E+01  0.64564608E-11 -0.94903226E-10
  0.18000000E+01  0.79036602E-11 -0.96468702E-10
  0.18100000E+01  0.93563229E-11 -0.97991694E-10
  0.18200000E+01  0.10803998E-10 -0.99495373E-10
  0.18300000E+01  0.12258261E-10 -0.10099204E-09
  0.18400000E+01  0.13747585E-10 -0.10248046E-09
  0.18500000E+01  0.15308874E-10 -0.10395039E-09
  0.18600000E+01  0.16977853E-10 -0.10539158E-09
  0.18700000E+01  0.18779691E-10 -0.10679995E-09
  0.18800000E+01  0.20720997E-10 -0.10817256E-09
  0.18900000E+01  0.22785044E-10 -0.10949589E-09
  0.19000000E+01  0.24932983E-10 -0.11074277E-09
  0.19100000E+01  0.27113121E-10 -0.11188415E-09
  0.19200000E+01  0.29277399E-10 -0.11290724E-09
  0.19300000E+01  0.31399721E-10 -0.11383023E-09
  0.19400000E+01  0.33487902E-10 -0.11470398E-09
  0.19500000E+01  0.35582218E-10 -0.11558975E-09
  0.19600000E+01  0.37739491E-10 -0.11651679E-09
  0.19700000E+01  0.40009219E-10 -0.11745035E-09
  0.19800000E+01  0.42412827E-10 -0.11830502E-09
  0.19900000E+01  0.44935454E-10 -0.11900581E-09
  0.20000000E+01  0.47532736E-10 -0.11954531E-09
  0.20100000E+01  0.50147509E-10 -0.11997640E-09
  0.20200000E+01  0.52727946E-10 -0.12035263E-09
  0.20300000E+01  0.55240804E-10 -0.12068483E-09
  0.20400000E+01  0.57678158E-10 -0.12094741E-09
  0.20500000E+01  0.60058774E-10 -0.12111345E-09
  0.20600000E+01  0.62424458E-10 -0.12118875E-09
  0.20700000E+01  0.64829627E-10 -0.12122351E-09
  0.20800000E+01  0.67323200E-10 -0.12127782E-09
  0.20900000E+01  0.69926889E-10 -0.12135077E-09
  0.21000000E+01  0.72619589E-10 -0.12134375E-09
  0.21100000E+01  0.75338150E-10 -0.12112379E-09
  0.21200000E+01  0.77997698E-10 -0.12064719E-09
  0.21300000E+01  0.80523726E-10 -0.12000725E-09
  0.21400000E+01  0.82880824E-10 -0.11934560E-09
  0.21500000E+01  0.85084647E-10 -0.11873478E-09
  0.21600000E+01  0.87193131E-10 -0.11814958E-09
  0.21700000E+01  0.89283153E-10 -0.11752002E-09
  0.21800000E+01  0.91423371E-10 -0.11679530E-09
  0.21900000E+01  0.93651844E-10 -0.11597851E-09
  0.22000000E+01  0.95962546E-10 -0.11511223E-09
  0.22100000E+01  0.98302580E-10 -0.11421173E-09
  0.22200000E+01  0.10058216E-09 -0.11320807E-09
  0.22300000E+01  0.10269846E-09 -0.11199360E-09
  0.22400000E+01  0.10456919E-09 -0.11055165E-09
  0.22500000E+01  0.10616459E-09 -0.10901287E-09
  0.22600000E+01  0.10752310E-09 -0.10754969E-09
  0.22700000E+01  0.10874096E-09 -0.10623456E-09
  0.22800000E+01  0.10993782E-09 -0.10501199E-09
  0.22900000E+01  0.11121217E-09 -0.10377217E-09
  0.23000000E+01  0.11260420E-09 -0.10242982E-09
  0.23100000E+01  0.11407934E-09 -0.10096033E-09
  0.23200000E+01  0.11553651E-09 -0.99387938E-10
  0.23300000E+01  0.11683720E-09 -0.97732218E-10
  0.23400000E+01  0.11784682E-09 -0.95965694E-10
  0.23500000E+01  0.11847766E-09 -0.94060667E-10
  0.23600000E+01  0.11872099E-09 -0.92088295E-10
  0.23700000E+01  0.11865629E-09 -0.90213158E-10
  0.23800000E+01  0.11843079E-09 -0.88559185E-10
  0.23900000E+01  0.11821254E-09 -0.87112829E-10
  0.24000000E+01  0.11813208E-09 -0.85757113E-10
  0.24100000E+01  0.11823370E-09 -0.84362618E-10
  0.24200000E+01  0.11845495E-09 -0.82846744E-10
  0.24300000E+01  0.11864240E-09 -0.81189096E-10
  0.24400000E+01  0.11859869E-09 -0.79416227E-10
  0.24500000E+01  0.11814570E-09 -0.77566526E-10
  0.24600000E+01  0.11718421E-09 -0.75681902E-10
  0.24700000E+01  0.11573111E-09 -0.73854079E-10
  0.24800000E+01  0.11392108E-09 -0.72231568E-10
  0.24900000E+01  0.11196964E-09 -0.70922980E-10
  0.25000000E+01  0.11010662E-09 -0.69911456E-10
  0.25100000E+01  0.10850051E-09 -0.69078626E-10
  0.25200000E+01  0.10719887E-09 -0.68282659E-10
  0.25300000E+01  0.10610668E-09 -0.67409589E-10
  0.25400000E+01  0.10501183E-09 -0.66394092E-10
  0.25500000E+01  0.10365153E-09 -0.65234030E-10
  0.25600000E+01  0.10179874E-09 -0.63993883E-10
  0.25700000E+01  0.99340779E-10 -0.62794453E-10
  0.25800000E+01  0.96323782E-10 -0.61798935E-10
  0.25900000E+01  0.92946837E-10 -0.61163613E-10
  0.26000000E+01  0.89505553E-10 -0.60955297E-10
  0.26100000E+01  0.86301320E-10 -0.61121111E-10
  0.26200000E+01  0.83544564E-10 -0.61533193E-10
  0.26300000E+01  0.81283667E-10 -0.62041978E-10
  0.26400000E+01  0.79384386E-10 -0.62503954E-10
  0.26500000E+01  0.77569144E-10 -0.62808958E-10
  0.26600000E+01  0.75506119E-10 -0.62926266E-10
  0.26700000E+01  0.72920628E-10 -0.62944750E-10
  0.26800000E+01  0.69692263E-10 -0.63063423E-10
  0.26900000E+01  0.65904343E-10 -0.63514142E-10
  0.27000000E+01  0.61827262E-10 -0.64454391E-10
  0.27100000E+01  0.57839215E-10 -0.65909373E-10
  0.27200000E+01  0.54308952E-10 -0.67791589E-10
  0.27300000E+01  0.51478249E-10 -0.69948233E-10
  0.27400000E+01  0.49382674E-10 -0.72197978E-10
  0.27500000E+01  0.47837875E-10 -0.74362469E-10
  0.27600000E+01  0.46498349E-10 -0.76307990E-10
  0.27700000E+01  0.44972116E-10 -0.78002409E-10
  0.27800000E+01  0.42955036E-10 -0.79564819E-10
  0.27900000E+01  0.40339811E-10 -0.81248251E-10
  0.28000000E+01  0.37261324E-10 -0.83325422E-10
  0.28100000E+01  0.34060953E-10 -0.85954144E-10
  0.28200000E+01  0.31180534E-10 -0.89122962E-10
  0.28300000E+01  0.29021265E-10 -0.92685455E-10
  0.28400000E+01  0.27814860E-10 -0.96431172E-10
  0.28500000E+01  0.27550106E-10 -0.10014734E-09
  0.28600000E+01  0.27979632E-10 -0.10365580E-09
  0.28700000E+01  0.28705660E-10 -0.10684011E-09
  0.28800000E+01  0.29317302E-10 -0.10968871E-09
  0.28900000E+01  0.29533740E-10 -0.11234510E-09
  0.29000000E+01  0.29303867E-10 -0.11509082E-09
  0.29100000E+01  0.28826689E-10 -0.11821031E-09
  0.29200000E+01  0.28484586E-10 -0.12182679E-09
  0.29300000E+01  0.28713329E-10 -0.12584932E-09
  0.29400000E+01  0.29855844E-10 -0.13004834E-09
  0.29500000E+01  0.32051654E-10 -0.13417163E-09
  0.29600000E+01  0.35199532E-10 -0.13802331E-09
  0.29700000E+01  0.39003794E-10 -0.14148584E-09
  0.29800000E+01  0.43085281E-10 -0.14451360E-09
  0.29900000E+01  0.47116398E-10 -0.14714534E-09
  0.30000000E+01  0.50932029E-10 -0.14953764E-09
  0.30100000E+01  0.54577335E-10 -0.15194100E-09
  0.30200000E+01  0.58276964E-10 -0.15455731E-09
  0.30300000E+01  0.62340231E-10 -0.15738429E-09
  0.30400000E+01  0.67041558E-10 -0.16021946E-09
  0.30500000E+01  0.72523911E-10 -0.16280778E-09
  0.30600000E+01  0.78761007E-10 -0.16496655E-09
  0.30700000E+01  0.85587406E-10 -0.16661475E-09
  0.30800000E+01  0.92776843E-10 -0.16776211E-09
  0.30900000E+01  0.10013130E-09 -0.16848569E-09
  0.31000000E+01  0.10754287E-09 -0.16887806E-09
  0.31100000E+01  0.11500611E-09 -0.16900604E-09
  0.31200000E+01  0.12258222E-09 -0.16890793E-09
  0.31300000E+01  0.13033778E-09 -0.16856888E-09
  0.31400000E+01  0.13829116E-09 -0.16787074E-09
  0.31500000E+01  0.14639406E-09 -0.16663191E-09
  0.31600000E+01  0.15455656E-09 -0.16475641E-09
  0.31700000E+01  0.16269979E-09 -0.16231859E-09
  0.31800000E+01  0.17080387E-09 -0.15947502E-09
  0.31900000E+01  0.17891926E-09 -0.15633504E-09
  0.32000000E+01  0.18712852E-09 -0.15292366E-09
  0.32100000E+01  0.19547394E-09 -0.14918344E-09
  0.32200000E+01  0.20388869E-09 -0.14495597E-09
  0.32300000E+01  0.21217246E-09 -0.14001882E-09
  0.32400000E+01  0.22003319E-09 -0.13423070E-09
  0.32500000E+01  0.22718273E-09 -0.12765045E-09
  0.32600000E+01  0.23344429E-09 -0.12050499E-09
  0.32700000E+01  0.23881803E-09 -0.11307373E-09
  0.32800000E+01  0.24346778E-09 -0.10557202E-09
  0.32900000E+01  0.24762821E-09 -0.98053476E-10
  0.33000000E+01  0.25147172E-09 -0.90387241E-10
  0.33100000E+01  0.25499707E-09 -0.82340552E-10
  0.33200000E+01  0.25799503E-09 -0.73684626E-10
  0.33300000E+01  0.26011128E-09 -0.64281060E-10
  0.33400000E+01  0.26097931E-09 -0.54195003E-10
  0.33500000E+01  0.26035959E-09 -0.43742602E-10
  0.33600000E+01  0.25821498E-09 -0.33341807E-10
  0.33700000E+01  0.25468288E-09 -0.23279962E-10
  0.33800000E+01  0.24995692E-09 -0.13601854E-10
  0.33900000E+01  0.24414045E-09 -0.41378205E-11
  0.34000000E+01  0.23715161E-09  0.53935403E-11
  0.34100000E+01  0.22873502E-09  0.15218159E-10
  0.34200000E+01  0.21857875E-09  0.25318334E-10
  0.34300000E+01  0.20647670E-09  0.35335549E-10
  0.34400000E+01  0.19244794E-09  0.44706623E-10
  0.34500000E+01  0.17674289E-09  0.53007490E-10
  0.34600000E+01  0.15972271E-09  0.60172826E-10
  0.34700000E+01  0.14166431E-09  0.66389244E-10
  0.34800000E+01  0.12258654E-09  0.71897633E-10
  0.34900000E+01  0.10218987E-09  0.76922288E-10
  0.35000000E+01  0.79954143E-10  0.81619050E-10
  0.35100000E+01  0.55365164E-10  0.85916611E-10
  0.35200000E+01  0.28175768E-10  0.89366948E-10
  0.35300000E+01 -0.14191263E-11  0.91228545E-10
  0.35400000E+01 -0.32784859E-10  0.90808162E-10
  0.35500000E+01 -0.65042620E-10  0.87820581E-10
  0.35600000E+01 -0.97385092E-10  0.82504830E-10
  0.35700000E+01 -0.12937850E-09  0.75439630E-10
  0.35800000E+01 -0.16111628E-09  0.67211914E-10
  0.35900000E+01 -0.19315004E-09  0.58135348E-10
  0.36000000E+01 -0.22621918E-09  0.48126358E-10
  0.36100000E+01 -0.26088752E-09  0.36746855E-10
  0.36200000E+01 -0.29723671E-09  0.23350480E-10
  0.36300000E+01 -0.33474301E-09  0.72754879E-11
  0.36400000E+01 -0.37238857E-09 -0.11943602E-10
  0.36500000E+01 -0.40896023E-09 -0.34383697E-10
  0.36600000E+01 -0.44341237E-09 -0.59633393E-10
  0.36700000E+01 -0.47514753E-09 -0.86919717E-10
  0.36800000E+01 -0.50410965E-09 -0.11548586E-09
  0.36900000E+01 -0.53066909E-09 -0.14500108E-09
  0.37000000E+01 -0.55536430E-09 -0.17569370E-09
  0.37100000E+01 -0.57861250E-09 -0.20805840E-09
  0.37200000E+01 -0.60049561E-09 -0.24238457E-09
  0.37300000E+01 -0.62068203E-09 -0.27859626E-09
  0.37400000E+01 -0.63848963E-09 -0.31653938E-09
  0.37500000E+01 -0.65305354E-09 -0.35626714E-09
  0.37600000E+01 -0.66354148E-09 -0.39787866E-09
  0.37700000E+01 -0.66935470E-09 -0.44106805E-09
  0.37800000E+01 -0.67026030E-09 -0.48502355E-09
  0.37900000E+01 -0.66642160E-09 -0.52895951E-09
  0.38000000E+01 -0.65832501E-09 -0.57266382E-09
  0.38100000E+01 -0.64663482E-09 -0.61636001E-09
  0.38200000E+01 -0.63202709E-09 -0.66012772E-09
  0.38300000E+01 -0.61505317E-09 -0.70374226E-09
  0.38400000E+01 -0.59606564E-09 -0.74712255E-09
  0.38500000E+01 -0.57521620E-09 -0.79058560E-09
  0.38600000E+01 -0.55251353E-09 -0.83445533E-09
  0.38700000E+01 -0.52791262E-09 -0.87867202E-09
  0.38800000E+01 -0.50139527E-09 -0.92300304E-09
  0.38900000E+01 -0.47299505E-09 -0.96741087E-09
  0.39000000E+01 -0.44272356E-09 -0.10119958E-08
  0.39100000E+01 -0.41036795E-09 -0.10567880E-08
  0.39200000E+01 -0.37515441E-09 -0.11018177E-08
  0.39300000E+01 -0.33530730E-09 -0.11472604E-08
  0.39400000E+01 -0.28758113E-09 -0.11933464E-08
  0.39500000E+01 -0.22690252E-09 -0.12401220E-08
  0.39600000E+01 -0.14632102E-09 -0.12872155E-08
  0.39700000E+01 -0.37504021E-10 -0.13335992E-08
  0.39800000E+01  0.10802803E-09 -0.13773204E-08
  0.39900000E+01  0.29689173E-09 -0.14152121E-08
  0.40000000E+01  0.53132000E-09 -0.14426303E-08
  0.40100000E+01  0.80675640E-09 -0.14533593E-08
  0.40200000E+01  0.11104530E-08 -0.14399853E-08
  0.40300000E+01  0.14219229E-08 -0.13952057E-08
  0.40400000E+01  0.17156453E-08 -0.13144020E-08
  0.40500000E+01  0.19656422E-08 -0.11988924E-08
  0.40600000E+01  0.21507443E-08 -0.10576900E-08
  0.40700000E+01  0.22589483E-08 -0.90533002E-09
  0.40800000E+01  0.22894856E-08 -0.75645991E-09
  0.40900000E+01  0.22520300E-08 -0.62120405E-09
  0.41000000E+01  0.21634953E-08 -0.50401857E-09
  0.41100000E+01  0.20436495E-08 -0.40516055E-09
  0.41200000E+01  0.19109764E-08 -0.32269619E-09
  0.41300000E+01  0.17798514E-08 -0.25394482E-09
  0.41400000E+01  0.16594283E-08 -0.19624845E-09
  0.41500000E+01  0.15539988E-08 -0.14730271E-09
  0.41600000E+01  0.14642270E-08 -0.10526676E-09
  0.41700000E+01  0.13886285E-08 -0.68763304E-10
  0.41800000E+01  0.13248384E-08 -0.36803114E-10
  0.41900000E+01  0.12704638E-08 -0.86587339E-11
  0.42000000E+01  0.12235149E-08  0.16252710E-10
  0.42100000E+01  0.11825186E-08  0.38439061E-10
  0.42200000E+01  0.11464458E-08  0.58354469E-10
  0.42300000E+01  0.11145627E-08  0.76408505E-10
  0.42400000E+01  0.10862837E-08  0.92974775E-10
  0.42500000E+01  0.10610629E-08  0.10838710E-09
  0.42600000E+01  0.10383428E-08  0.12294279E-09
  0.42700000E+01  0.10175558E-08  0.13687504E-09
  0.42800000E+01  0.99816452E-09  0.15031896E-09
  0.42900000E+01  0.97971953E-09  0.16331237E-09
  0.43000000E+01  0.96191098E-09  0.17579923E-09
  0.43100000E+01  0.94459344E-09  0.18769968E-09
  0.43200000E+01  0.92777479E-09  0.19898749E-09
  0.43300000E+01  0.91157087E-09  0.20967732E-09
  0.43400000E+01  0.89613824E-09  0.21982614E-09
  0.43500000E+01  0.88160303E-09  0.22954043E-09
  0.43600000E+01  0.86800362E-09  0.23893224E-09
  0.43700000E+01  0.85526094E-09  0.24811028E-09
  0.43800000E+01  0.84318306E-09  0.25720149E-09
  0.43900000E+01  0.83150239E-09  0.26629909E-09
  0.44000000E+01  0.81993548E-09  0.27540364E-09
  0.44100000E+01  0.80824870E-09  0.28445615E-09
  0.44200000E+01  0.79631130E-09  0.29335805E-09
  0.44300000E+01  0.78412021E-09  0.30197375E-09
  0.44400000E+01  0.77179010E-09  0.31021896E-09
  0.44500000E+01  0.75951223E-09  0.31809990E-09
  0.44600000E+01  0.74749472E-09  0.32565108E-09
  0.44700000E+01  0.73590064E-09  0.33292212E-09
  0.44800000E+01  0.72480018E-09  0.33999288E-09
  0.44900000E+01  0.71414854E-09  0.34696526E-09
  0.45000000E+01  0.70379483E-09  0.35393248E-09
  0.45100000E+01  0.69351980E-09  0.36093546E-09
  0.45200000E+01  0.68309264E-09  0.36797132E-09
  0.45300000E+01  0.67233146E-09  0.37498779E-09
  0.45400000E+01  0.66115043E-09  0.38185558E-09
  0.45500000E+01  0.64958005E-09  0.38844502E-09
  0.45600000E+01  0.63775521E-09  0.39469734E-09
  0.45700000E+01  0.62587518E-09  0.40059700E-09
  0.45800000E+01  0.61414767E-09  0.40617044E-09
  0.45900000E+01  0.60273232E-09  0.41148929E-09
  0.46000000E+01  0.59169821E-09  0.41661967E-09
  0.46100000E+01  0.58100576E-09  0.42162344E-09
  0.46200000E+01  0.57051723E-09  0.42659305E-09
  0.46300000E+01  0.56003355E-09  0.43159648E-09
  0.46400000E+01  0.54934788E-09  0.43661268E-09
  0.46500000E+01  0.53830182E-09  0.44155492E-09
  0.46600000E+01  0.52682829E-09  0.44631042E-09
  0.46700000E+01  0.51496900E-09  0.45078322E-09
  0.46800000E+01  0.50286185E-09  0.45492848E-09
  0.46900000E+01  0.49070246E-09  0.45871474E-09
  0.47000000E+01  0.47869136E-09  0.46212840E-09
  0.47100000E+01  0.46698139E-09  0.46525619E-09
  0.47200000E+01  0.45563877E-09  0.46823206E-09
  0.47300000E+01  0.44462714E-09  0.47109963E-09
  0.47400000E+01  0.43381815E-09  0.47385464E-09
  0.47500000E+01  0.42302628E-09  0.47656122E-09
  0.47600000E+01  0.41205921E-09  0.47929184E-09
  0.47700000E+01  0.40077066E-09  0.48199120E-09
  0.47800000E+01  0.38910063E-09  0.48448771E-09
  0.47900000E+01  0.37709161E-09  0.48662932E-09
  0.48000000E+01  0.36487640E-09  0.48838629E-09
  0.48100000E+01  0.35264208E-09  0.48983183E-09
  0.48200000E+01  0.34058074E-09  0.49101434E-09
  0.48300000E+01  0.32884027E-09  0.49188838E-09
  0.48400000E+01  0.31748735E-09  0.49244735E-09
  0.48500000E+01  0.30649169E-09  0.49285267E-09
  0.48600000E+01  0.29573549E-09  0.49329027E-09
  0.48700000E+01  0.28504597E-09  0.49375842E-09
  0.48800000E+01  0.27424242E-09  0.49412203E-09
  0.48900000E+01  0.26318514E-09  0.49430395E-09
  0.49000000E+01  0.25181322E-09  0.49431736E-09
  0.49100000E+01  0.24016122E-09  0.49414981E-09
  0.49200000E+01  0.22835018E-09  0.49369538E-09
  0.49300000E+01  0.21655545E-09  0.49282270E-09
  0.49400000E+01  0.20496028E-09  0.49151345E-09
  0.49500000E+01  0.19370852E-09  0.48992313E-09
  0.49600000E+01  0.18286940E-09  0.48824759E-09
  0.49700000E+01  0.17242279E-09  0.48652272E-09
  0.49800000E+01  0.16226688E-09  0.48464038E-09
  0.49900000E+01  0.15224545E-09  0.48257537E-09
  0.50000000E+01  0.14218861E-09  0.48047383E-09
  0.50100000E+01  0.13195826E-09  0.47844403E-09
  0.50200000E+01  0.12148659E-09  0.47635890E-09
  0.50300000E+01  0.11079548E-09  0.47395824E-09
  0.50400000E+01  0.99989916E-10  0.47110081E-09
  0.50500000E+01  0.89228017E-10  0.46786988E-09
  0.50600000E+01  0.78678723E-10  0.46444603E-09
  0.50700000E+01  0.68480266E-10  0.46090690E-09
  0.50800000E+01  0.58708840E-10  0.45717421E-09
  0.50900000E+01  0.49362054E-10  0.45316094E-09
  0.51000000E+01  0.40359718E-10  0.44895111E-09
  0.51100000E+01  0.31563698E-10  0.44477358E-09
  0.51200000E+01  0.22814792E-10  0.44075799E-09
  0.51300000E+01  0.13977466E-10  0.43677125E-09
  0.51400000E+01  0.49777410E-11  0.43254897E-09
  0.51500000E+01 -0.41786022E-11  0.42796158E-09
  0.51600000E+01 -0.13411422E-10  0.42310160E-09
  0.51700000E+01 -0.22589699E-10  0.41811188E-09
  0.51800000E+01 -0.31563914E-10  0.41299289E-09
  0.51900000E+01 -0.40200160E-10  0.40761843E-09
  0.52000000E+01 -0.48411248E-10  0.40191325E-09
  0.52100000E+01 -0.56179066E-10  0.39598238E-09
  0.52200000E+01 -0.63560524E-10  0.39004768E-09
  0.52300000E+01 -0.70671929E-10  0.38425473E-09
  0.52400000E+01 -0.77654956E-10  0.37855174E-09
  0.52500000E+01 -0.84636290E-10  0.37275514E-09
  0.52600000E+01 -0.91695277E-10  0.36673103E-09
  0.52700000E+01 -0.98847998E-10  0.36050947E-09
  0.52800000E+01 -0.10604772E-09  0.35420557E-09
  0.52900000E+01 -0.11319730E-09  0.34784088E-09
  0.53000000E+01 -0.12017039E-09  0.34129102E-09
  0.53100000E+01 -0.12683988E-09  0.33442566E-09
  0.53200000E+01 -0.13310988E-09  0.32727496E-09
  0.53300000E+01 -0.13894228E-09  0.32002524E-09
  0.53400000E+01 -0.14436706E-09  0.31284924E-09
  0.53500000E+01 -0.14947111E-09  0.30577853E-09
  0.53600000E+01 -0.15437034E-09  0.29872903E-09
  0.53700000E+01 -0.15917721E-09  0.29160039E-09
  0.53800000E+01 -0.16397488E-09  0.28435447E-09
  0.53900000E+01 -0.16880249E-09  0.27703225E-09
  0.54000000E+01 -0.17364972E-09  0.26969580E-09
  0.54100000E+01 -0.17845867E-09  0.26233164E-09
  0.54200000E+01 -0.18313409E-09  0.25482381E-09
  0.54300000E+01 -0.18756412E-09  0.24705873E-09
  0.54400000E+01 -0.19164938E-09  0.23906419E-09
  0.54500000E+01 -0.19533130E-09  0.23100211E-09
  0.54600000E+01 -0.19860792E-09  0.22301100E-09
  0.54700000E+01 -0.20153049E-09  0.21510798E-09
  0.54800000E+01 -0.20418397E-09  0.20723996E-09
  0.54900000E+01 -0.20666186E-09  0.19936354E-09
  0.55000000E+01 -0.20904533E-09  0.19145704E-09
  0.55100000E+01 -0.21139050E-09  0.18351520E-09
  0.55200000E+01 -0.21372104E-09  0.17556872E-09
  0.55300000E+01 -0.21602324E-09  0.16765601E-09
  0.55400000E+01 -0.21824464E-09  0.15974066E-09
  0.55500000E+01 -0.22030155E-09  0.15170055E-09
  0.55600000E+01 -0.22209871E-09  0.14345494E-09
  0.55700000E+01 -0.22355694E-09  0.13507671E-09
  0.55800000E+01 -0.22463739E-09  0.12672169E-09
  0.55900000E+01 -0.22535088E-09  0.11848260E-09
  0.56000000E+01 -0.22574888E-09  0.11035495E-09
  0.56100000E+01 -0.22590305E-09  0.10230003E-09
  0.56200000E+01 -0.22588578E-09  0.94273475E-10
  0.56300000E+01 -0.22575910E-09  0.86220714E-10
  0.56400000E+01 -0.22557087E-09  0.78137144E-10
  0.56500000E+01 -0.22535023E-09  0.70116613E-10
  0.56600000E+01 -0.22509797E-09  0.62254694E-10
  0.56700000E+01 -0.22477635E-09  0.54489407E-10
  0.56800000E+01 -0.22430977E-09  0.46613272E-10
  0.56900000E+01 -0.22360377E-09  0.38500513E-10
  0.57000000E+01 -0.22257730E-09  0.30257831E-10
  0.57100000E+01 -0.22119162E-09  0.22107057E-10
  0.57200000E+01 -0.21945947E-09  0.14181166E-10
  0.57300000E+01 -0.21743134E-09  0.64632059E-11
  0.57400000E+01 -0.21517134E-09 -0.11464424E-11
  0.57500000E+01 -0.21274037E-09 -0.87662753E-11
  0.57600000E+01 -0.21019443E-09 -0.16463662E-10
  0.57700000E+01 -0.20758942E-09 -0.24159369E-10
  0.57800000E+01 -0.20497620E-09 -0.31646727E-10
  0.57900000E+01 -0.20237934E-09 -0.38798559E-10
  0.58000000E+01 -0.19977147E-09 -0.45777019E-10
  0.58100000E+01 -0.19706626E-09 -0.52934877E-10
  0.58200000E+01 -0.19414410E-09 -0.60444201E-10
  0.58300000E+01 -0.19090048E-09 -0.68107880E-10
  0.58400000E+01 -0.18728857E-09 -0.75568544E-10
  0.58500000E+01 -0.18332939E-09 -0.82630844E-10
  0.58600000E+01 -0.17908747E-09 -0.89367225E-10
  0.58700000E+01 -0.17463509E-09 -0.95999534E-10
  0.58800000E+01 -0.17003369E-09 -0.10272903E-09
  0.58900000E+01 -0.16534124E-09 -0.10959161E-09
  0.59000000E+01 -0.16062732E-09 -0.11639350E-09
  0.59100000E+01 -0.15596747E-09 -0.12282490E-09
  0.59200000E+01 -0.15140716E-09 -0.12875044E-09
  0.59300000E+01 -0.14691737E-09 -0.13444553E-09
  0.59400000E+01 -0.14238053E-09 -0.14041885E-09
  0.59500000E+01 -0.13762918E-09 -0.14690359E-09
  0.59600000E+01 -0.13252069E-09 -0.15360855E-09
  0.59700000E+01 -0.12700136E-09 -0.16000421E-09
  0.59800000E+01 -0.12111871E-09 -0.16578844E-09
  0.59900000E+01 -0.11497894E-09 -0.17107895E-09
  0.60000000E+01 -0.10868706E-09 -0.17624917E-09
