  0.20000000E+00  0.18993153E+03 -0.20451784E+02
  0.21000000E+00  0.18996861E+03 -0.21464097E+02
  0.22000000E+00  0.19087642E+03 -0.21669500E+02
  0.23000000E+00  0.19221862E+03 -0.21238845E+02
  0.24000000E+00  0.19344124E+03 -0.20597572E+02
  0.25000000E+00  0.19410822E+03 -0.19951770E+02
  0.26000000E+00  0.19405368E+03 -0.19334015E+02
  0.27000000E+00  0.19340506E+03 -0.18887098E+02
  0.28000000E+00  0.19249121E+03 -0.18875109E+02
  0.29000000E+00  0.19169091E+03 -0.19382340E+02
  0.30000000E+00  0.19128935E+03 -0.20132814E+02
  0.31000000E+00  0.19139504E+03 -0.20713028E+02
  0.32000000E+00  0.19193558E+03 -0.20920861E+02
  0.33000000E+00  0.19271562E+03 -0.20864072E+02
  0.34000000E+00  0.19349897E+03 -0.20771357E+02
  0.35000000E+00  0.19407884E+03 -0.20770121E+02
  0.36000000E+00  0.19432003E+03 -0.20831545E+02
  0.37000000E+00  0.19417797E+03 -0.20834708E+02
  0.38000000E+00  0.19370587E+03 -0.20711261E+02
  0.39000000E+00  0.19305264E+03 -0.20591345E+02
  0.40000000E+00  0.19244126E+03 -0.20739089E+02
  0.41000000E+00  0.19211605E+03 -0.21287285E+02
  0.42000000E+00  0.19226217E+03 -0.22074204E+02
  0.43000000E+00  0.19292206E+03 -0.22796192E+02
  0.44000000E+00  0.19394755E+03 -0.23267128E+02
  0.45000000E+00  0.19502104E+03 -0.23466141E+02
  0.46000000E+00  0.19575515E+03 -0.23404209E+02
  0.47000000E+00  0.19584466E+03 -0.23043058E+02
  0.48000000E+00  0.19521320E+03 -0.22434184E+02
  0.49000000E+00  0.19408487E+03 -0.21943754E+02
  0.50000000E+00  0.19293109E+03 -0.22130271E+02
  0.51000000E+00  0.19229437E+03 -0.23228740E+02
  0.52000000E+00  0.19255246E+03 -0.24839514E+02
  0.53000000E+00  0.19372779E+03 -0.26220310E+02
  0.54000000E+00  0.19543914E+03 -0.26832074E+02
  0.55000000E+00  0.19703467E+03 -0.26588656E+02
  0.56000000E+00  0.19786133E+03 -0.25744550E+02
  0.57000000E+00  0.19755777E+03 -0.24713980E+02
  0.58000000E+00  0.19623802E+03 -0.23956387E+02
  0.59000000E+00  0.19447417E+03 -0.23898623E+02
  0.60000000E+00  0.19307102E+03 -0.24828964E+02
  0.61000000E+00  0.19272032E+03 -0.26658348E+02
  0.62000000E+00  0.19368445E+03 -0.28738448E+02
  0.63000000E+00  0.19565681E+03 -0.30122928E+02
  0.64000000E+00  0.19787379E+03 -0.30186317E+02
  0.65000000E+00  0.19943899E+03 -0.29053575E+02
  0.66000000E+00  0.19971900E+03 -0.27480549E+02
  0.67000000E+00  0.19863122E+03 -0.26354164E+02
  0.68000000E+00  0.19669047E+03 -0.26222276E+02
  0.69000000E+00  0.19479001E+03 -0.27149485E+02
  0.70000000E+00  0.19381292E+03 -0.28878306E+02
  0.71000000E+00  0.19424603E+03 -0.30947858E+02
  0.72000000E+00  0.19596796E+03 -0.32662383E+02
  0.73000000E+00  0.19830527E+03 -0.33279703E+02
  0.74000000E+00  0.20033083E+03 -0.32532044E+02
  0.75000000E+00  0.20126962E+03 -0.30954438E+02
  0.76000000E+00  0.20082932E+03 -0.29561997E+02
  0.77000000E+00  0.19931033E+03 -0.29162188E+02
  0.78000000E+00  0.19745407E+03 -0.29933828E+02
  0.79000000E+00  0.19610811E+03 -0.31500120E+02
  0.80000000E+00  0.19586509E+03 -0.33266089E+02
  0.81000000E+00  0.19683299E+03 -0.34703697E+02
  0.82000000E+00  0.19862545E+03 -0.35458515E+02
  0.83000000E+00  0.20055782E+03 -0.35387268E+02
  0.84000000E+00  0.20194807E+03 -0.34636671E+02
  0.85000000E+00  0.20238692E+03 -0.33683343E+02
  0.86000000E+00  0.20186858E+03 -0.33155886E+02
  0.87000000E+00  0.20074541E+03 -0.33438079E+02
  0.88000000E+00  0.19954942E+03 -0.34398428E+02
  0.89000000E+00  0.19877349E+03 -0.35554512E+02
  0.90000000E+00  0.19870560E+03 -0.36492733E+02
  0.91000000E+00  0.19936728E+03 -0.37121659E+02
  0.92000000E+00  0.20055269E+03 -0.37571414E+02
  0.93000000E+00  0.20192659E+03 -0.37918304E+02
  0.94000000E+00  0.20313338E+03 -0.38080894E+02
  0.95000000E+00  0.20388672E+03 -0.38006945E+02
  0.96000000E+00  0.20403097E+03 -0.37841515E+02
  0.97000000E+00  0.20357664E+03 -0.37788234E+02
  0.98000000E+00  0.20270845E+03 -0.37905942E+02
  0.99000000E+00  0.20175602E+03 -0.38180585E+02
  0.10000000E+01  0.20111597E+03 -0.38700307E+02
  0.10100000E+01  0.20112936E+03 -0.39598359E+02
  0.10200000E+01  0.20194560E+03 -0.40828237E+02
  0.10300000E+01  0.20342914E+03 -0.42043918E+02
  0.10400000E+01  0.20516581E+03 -0.42729357E+02
  0.10500000E+01  0.20659264E+03 -0.42557856E+02
  0.10600000E+01  0.20721623E+03 -0.41705349E+02
  0.10700000E+01  0.20683187E+03 -0.40772118E+02
  0.10800000E+01  0.20563919E+03 -0.40371529E+02
  0.10900000E+01  0.20418826E+03 -0.40790402E+02
  0.11000000E+01  0.20316525E+03 -0.41959874E+02
  0.11100000E+01  0.20310510E+03 -0.43593681E+02
  0.11200000E+01  0.20415813E+03 -0.45246927E+02
  0.11300000E+01  0.20601855E+03 -0.46355892E+02
  0.11400000E+01  0.20805070E+03 -0.46486686E+02
  0.11500000E+01  0.20955800E+03 -0.45687512E+02
  0.11600000E+01  0.21007365E+03 -0.44554683E+02
  0.11700000E+01  0.20954371E+03 -0.43860556E+02
  0.11800000E+01  0.20832731E+03 -0.44050971E+02
  0.11900000E+01  0.20702604E+03 -0.45028105E+02
  0.12000000E+01  0.20623025E+03 -0.46350731E+02
  0.12100000E+01  0.20629695E+03 -0.47601945E+02
  0.12200000E+01  0.20724491E+03 -0.48556299E+02
  0.12300000E+01  0.20878937E+03 -0.49112507E+02
  0.12400000E+01  0.21047803E+03 -0.49243487E+02
  0.12500000E+01  0.21185891E+03 -0.49047946E+02
  0.12600000E+01  0.21261667E+03 -0.48769759E+02
  0.12700000E+01  0.21264451E+03 -0.48670067E+02
  0.12800000E+01  0.21205085E+03 -0.48828269E+02
  0.12900000E+01  0.21111801E+03 -0.49126501E+02
  0.13000000E+01  0.21022931E+03 -0.49492832E+02
  0.13100000E+01  0.20977308E+03 -0.50074275E+02
  0.13200000E+01  0.21003200E+03 -0.51051705E+02
  0.13300000E+01  0.21107982E+03 -0.52315787E+02
  0.13400000E+01  0.21272485E+03 -0.53426294E+02
  0.13500000E+01  0.21454083E+03 -0.53930341E+02
  0.13600000E+01  0.21599848E+03 -0.53703791E+02
  0.13700000E+01  0.21666243E+03 -0.53003857E+02
  0.13800000E+01  0.21637595E+03 -0.52285926E+02
  0.13900000E+01  0.21534673E+03 -0.51988167E+02
  0.14000000E+01  0.21408358E+03 -0.52384228E+02
  0.14100000E+01  0.21320106E+03 -0.53510346E+02
  0.14200000E+01  0.21317276E+03 -0.55114943E+02
  0.14300000E+01  0.21414115E+03 -0.56668987E+02
  0.14400000E+01  0.21586724E+03 -0.57597052E+02
  0.14500000E+01  0.21783775E+03 -0.57667371E+02
  0.14600000E+01  0.21947596E+03 -0.57148340E+02
  0.14700000E+01  0.22036027E+03 -0.56547693E+02
  0.14800000E+01  0.22036164E+03 -0.56252728E+02
  0.14900000E+01  0.21965836E+03 -0.56392574E+02
  0.15000000E+01  0.21864390E+03 -0.56908870E+02
  0.15100000E+01  0.21778115E+03 -0.57673637E+02
  0.15200000E+01  0.21746017E+03 -0.58561894E+02
  0.15300000E+01  0.21789608E+03 -0.59479366E+02
  0.15400000E+01  0.21907977E+03 -0.60355640E+02
  0.15500000E+01  0.22078144E+03 -0.61111468E+02
  0.15600000E+01  0.22260644E+03 -0.61624392E+02
  0.15700000E+01  0.22410065E+03 -0.61738565E+02
  0.15800000E+01  0.22489035E+03 -0.61388876E+02
  0.15900000E+01  0.22481847E+03 -0.60783026E+02
  0.16000000E+01  0.22402358E+03 -0.60382143E+02
  0.16100000E+01  0.22291586E+03 -0.60602476E+02
  0.16200000E+01  0.22204214E+03 -0.61542181E+02
  0.16300000E+01  0.22188374E+03 -0.62963092E+02
  0.16400000E+01  0.22266866E+03 -0.64448015E+02
  0.16500000E+01  0.22428018E+03 -0.65575414E+02
  0.16600000E+01  0.22630295E+03 -0.66052297E+02
  0.16700000E+01  0.22818552E+03 -0.65842136E+02
  0.16800000E+01  0.22944728E+03 -0.65237852E+02
  0.16900000E+01  0.22984406E+03 -0.64732060E+02
  0.17000000E+01  0.22943366E+03 -0.64695702E+02
  0.17100000E+01  0.22853208E+03 -0.65141263E+02
  0.17200000E+01  0.22759409E+03 -0.65834140E+02
  0.17300000E+01  0.22706847E+03 -0.66613602E+02
  0.17400000E+01  0.22727052E+03 -0.67509594E+02
  0.17500000E+01  0.22829685E+03 -0.68550852E+02
  0.17600000E+01  0.22999549E+03 -0.69572490E+02
  0.17700000E+01  0.23200036E+03 -0.70266513E+02
  0.17800000E+01  0.23383177E+03 -0.70412734E+02
  0.17900000E+01  0.23504580E+03 -0.70051101E+02
  0.18000000E+01  0.23538990E+03 -0.69457389E+02
  0.18100000E+01  0.23490527E+03 -0.69014572E+02
  0.18200000E+01  0.23392704E+03 -0.69084633E+02
  0.18300000E+01  0.23297198E+03 -0.69852866E+02
  0.18400000E+01  0.23255327E+03 -0.71176339E+02
  0.18500000E+01  0.23299587E+03 -0.72624340E+02
  0.18600000E+01  0.23432593E+03 -0.73757226E+02
  0.18700000E+01  0.23627289E+03 -0.74378713E+02
  0.18800000E+01  0.23837429E+03 -0.74538096E+02
  0.18900000E+01  0.24013573E+03 -0.74393385E+02
  0.19000000E+01  0.24118655E+03 -0.74124725E+02
  0.19100000E+01  0.24138585E+03 -0.73905506E+02
  0.19200000E+01  0.24085658E+03 -0.73872219E+02
  0.19300000E+01  0.23994661E+03 -0.74104504E+02
  0.19400000E+01  0.23912837E+03 -0.74656434E+02
  0.19500000E+01  0.23885895E+03 -0.75588215E+02
  0.19600000E+01  0.23943476E+03 -0.76878347E+02
  0.19700000E+01  0.24088571E+03 -0.78265652E+02
  0.19800000E+01  0.24295171E+03 -0.79281664E+02
  0.19900000E+01  0.24516092E+03 -0.79568901E+02
  0.20000000E+01  0.24698901E+03 -0.79187436E+02
  0.20100000E+01  0.24804123E+03 -0.78568179E+02
  0.20200000E+01  0.24818684E+03 -0.78176931E+02
  0.20300000E+01  0.24759681E+03 -0.78248431E+02
  0.20400000E+01  0.24667729E+03 -0.78774522E+02
  0.20500000E+01  0.24593157E+03 -0.79626053E+02
  0.20600000E+01  0.24580167E+03 -0.80653504E+02
  0.20700000E+01  0.24653721E+03 -0.81743030E+02
  0.20800000E+01  0.24812344E+03 -0.82813773E+02
  0.20900000E+01  0.25028410E+03 -0.83724756E+02
  0.21000000E+01  0.25256016E+03 -0.84224574E+02
  0.21100000E+01  0.25444800E+03 -0.84127381E+02
  0.21200000E+01  0.25556025E+03 -0.83570324E+02
  0.21300000E+01  0.25575699E+03 -0.82999326E+02
  0.21400000E+01  0.25519811E+03 -0.82859829E+02
  0.21500000E+01  0.25429354E+03 -0.83328336E+02
  0.21600000E+01  0.25356740E+03 -0.84299671E+02
  0.21700000E+01  0.25348560E+03 -0.85532210E+02
  0.21800000E+01  0.25430754E+03 -0.86772984E+02
  0.21900000E+01  0.25600870E+03 -0.87819025E+02
  0.22000000E+01  0.25829333E+03 -0.88549487E+02
  0.22100000E+01  0.26068782E+03 -0.88914008E+02
  0.22200000E+01  0.26268523E+03 -0.88893444E+02
  0.22300000E+01  0.26390006E+03 -0.88536551E+02
  0.22400000E+01  0.26418929E+03 -0.88060365E+02
  0.22500000E+01  0.26370185E+03 -0.87826526E+02
  0.22600000E+01  0.26283714E+03 -0.88133711E+02
  0.22700000E+01  0.26212131E+03 -0.89029325E+02
  0.22800000E+01  0.26203971E+03 -0.90315587E+02
  0.22900000E+01  0.26288118E+03 -0.91688116E+02
  0.23000000E+01  0.26464620E+03 -0.92859752E+02
  0.23100000E+01  0.26704814E+03 -0.93631685E+02
  0.23200000E+01  0.26960446E+03 -0.93942277E+02
  0.23300000E+01  0.27178684E+03 -0.93865740E+02
  0.23400000E+01  0.27318358E+03 -0.93541285E+02
  0.23500000E+01  0.27362607E+03 -0.93139952E+02
  0.23600000E+01  0.27324241E+03 -0.92909191E+02
  0.23700000E+01  0.27242103E+03 -0.93127060E+02
  0.23800000E+01  0.27169342E+03 -0.93924676E+02
  0.23900000E+01  0.27156999E+03 -0.95183104E+02
  0.24000000E+01  0.27238000E+03 -0.96611027E+02
  0.24100000E+01  0.27416706E+03 -0.97891131E+02
  0.24200000E+01  0.27667395E+03 -0.98781362E+02
  0.24300000E+01  0.27942168E+03 -0.99172465E+02
  0.24400000E+01  0.28185717E+03 -0.99113322E+02
  0.24500000E+01  0.28352331E+03 -0.98765433E+02
  0.24600000E+01  0.28419968E+03 -0.98330145E+02
  0.24700000E+01  0.28397149E+03 -0.98052457E+02
  0.24800000E+01  0.28320599E+03 -0.98204853E+02
  0.24900000E+01  0.28244237E+03 -0.98937375E+02
  0.25000000E+01  0.28222789E+03 -0.10015906E+03
  0.25100000E+01  0.28294967E+03 -0.10159995E+03
  0.25200000E+01  0.28471408E+03 -0.10295691E+03
  0.25300000E+01  0.28731143E+03 -0.10398609E+03
  0.25400000E+01  0.29027741E+03 -0.10453784E+03
  0.25500000E+01  0.29303318E+03 -0.10458367E+03
  0.25600000E+01  0.29506166E+03 -0.10422716E+03
  0.25700000E+01  0.29606649E+03 -0.10369053E+03
  0.25800000E+01  0.29606486E+03 -0.10329628E+03
  0.25900000E+01  0.29538526E+03 -0.10336695E+03
  0.26000000E+01  0.29457026E+03 -0.10404074E+03
  0.26100000E+01  0.29421352E+03 -0.10520729E+03
  0.26200000E+01  0.29478020E+03 -0.10662528E+03
  0.26300000E+01  0.29646461E+03 -0.10805051E+03
  0.26400000E+01  0.29912775E+03 -0.10926200E+03
  0.26500000E+01  0.30233452E+03 -0.11004735E+03
  0.26600000E+01  0.30548119E+03 -0.11024913E+03
  0.26700000E+01  0.30797677E+03 -0.10988111E+03
  0.26800000E+01  0.30942372E+03 -0.10921476E+03
  0.26900000E+01  0.30974211E+03 -0.10869130E+03
  0.27000000E+01  0.30919799E+03 -0.10866181E+03
  0.27100000E+01  0.30832673E+03 -0.10921475E+03
  0.27200000E+01  0.30777493E+03 -0.11025022E+03
  0.27300000E+01  0.30810778E+03 -0.11162383E+03
  0.27400000E+01  0.30963839E+03 -0.11316960E+03
  0.27500000E+01  0.31232893E+03 -0.11463729E+03
  0.27600000E+01  0.31579415E+03 -0.11568744E+03
  0.27700000E+01  0.31940973E+03 -0.11603500E+03
  0.27800000E+01  0.32249648E+03 -0.11567703E+03
  0.27900000E+01  0.32452605E+03 -0.11495389E+03
  0.28000000E+01  0.32528486E+03 -0.11431479E+03
  0.28100000E+01  0.32494473E+03 -0.11406462E+03
  0.28200000E+01  0.32401801E+03 -0.11434581E+03
  0.28300000E+01  0.32321018E+03 -0.11521156E+03
  0.28400000E+01  0.32321304E+03 -0.11661245E+03
  0.28500000E+01  0.32449759E+03 -0.11834153E+03
  0.28600000E+01  0.32716672E+03 -0.12004311E+03
  0.28700000E+01  0.33091272E+03 -0.12132248E+03
  0.28800000E+01  0.33509688E+03 -0.12190325E+03
  0.28900000E+01  0.33893266E+03 -0.12172924E+03
  0.29000000E+01  0.34172082E+03 -0.12098409E+03
  0.29100000E+01  0.34306552E+03 -0.12005563E+03
  0.29200000E+01  0.34300406E+03 -0.11941102E+03
  0.29300000E+01  0.34200834E+03 -0.11940308E+03
  0.29400000E+01  0.34085550E+03 -0.12014860E+03
  0.29500000E+01  0.34040364E+03 -0.12154775E+03
  0.29600000E+01  0.34133613E+03 -0.12337623E+03
  0.29700000E+01  0.34394806E+03 -0.12533731E+03
  0.29800000E+01  0.34803952E+03 -0.12703612E+03
  0.29900000E+01  0.35295374E+03 -0.12801778E+03
  0.30000000E+01  0.35775759E+03 -0.12799850E+03
  0.30100000E+01  0.36151759E+03 -0.12710247E+03
  0.30200000E+01  0.36359015E+03 -0.12582079E+03
  0.30300000E+01  0.36383508E+03 -0.12474154E+03
  0.30400000E+01  0.36268200E+03 -0.12431837E+03
  0.30500000E+01  0.36102314E+03 -0.12479525E+03
  0.30600000E+01  0.35995892E+03 -0.12619494E+03
  0.30700000E+01  0.36046693E+03 -0.12830329E+03
  0.30800000E+01  0.36309042E+03 -0.13070844E+03
  0.30900000E+01  0.36774226E+03 -0.13288898E+03
  0.31000000E+01  0.37369380E+03 -0.13428475E+03
  0.31100000E+01  0.37976765E+03 -0.13444559E+03
  0.31200000E+01  0.38468923E+03 -0.13332088E+03
  0.31300000E+01  0.38749466E+03 -0.13142974E+03
  0.31400000E+01  0.38786378E+03 -0.12963644E+03
  0.31500000E+01  0.38626279E+03 -0.12870083E+03
  0.31600000E+01  0.38383761E+03 -0.12901826E+03
  0.31700000E+01  0.38207810E+03 -0.13062528E+03
  0.31800000E+01  0.38234867E+03 -0.13325138E+03
  0.31900000E+01  0.38542909E+03 -0.13634811E+03
  0.32000000E+01  0.39121683E+03 -0.13916327E+03
  0.32100000E+01  0.39870397E+03 -0.14087663E+03
  0.32200000E+01  0.40626103E+03 -0.14084678E+03
  0.32300000E+01  0.41215756E+03 -0.13900195E+03
  0.32400000E+01  0.41515623E+03 -0.13610691E+03
  0.32500000E+01  0.41497386E+03 -0.13347179E+03
  0.32600000E+01  0.41243313E+03 -0.13224186E+03
  0.32700000E+01  0.40922938E+03 -0.13292979E+03
  0.32800000E+01  0.40737321E+03 -0.13541014E+03
  0.32900000E+01  0.40849097E+03 -0.13907996E+03
  0.33000000E+01  0.41322763E+03 -0.14299311E+03
  0.33100000E+01  0.42097492E+03 -0.14601448E+03
  0.33200000E+01  0.43004431E+03 -0.14708987E+03
  0.33300000E+01  0.43824780E+03 -0.14570051E+03
  0.33400000E+01  0.44369095E+03 -0.14235470E+03
  0.33500000E+01  0.44548485E+03 -0.13857925E+03
  0.33600000E+01  0.44409551E+03 -0.13613906E+03
  0.33700000E+01  0.44117909E+03 -0.13610612E+03
  0.33800000E+01  0.43895394E+03 -0.13850488E+03
  0.33900000E+01  0.43935255E+03 -0.14249931E+03
  0.34000000E+01  0.44329197E+03 -0.14674817E+03
  0.34100000E+01  0.45035614E+03 -0.14980523E+03
  0.34200000E+01  0.45901317E+03 -0.15061004E+03
  0.34300000E+01  0.46726623E+03 -0.14900691E+03
  0.34400000E+01  0.47345636E+03 -0.14593665E+03
  0.34500000E+01  0.47687702E+03 -0.14297303E+03
  0.34600000E+01  0.47795359E+03 -0.14149619E+03
  0.34700000E+01  0.47794329E+03 -0.14209713E+03
  0.34800000E+01  0.47832836E+03 -0.14440401E+03
  0.34900000E+01  0.48020192E+03 -0.14728146E+03
  0.35000000E+01  0.48392123E+03 -0.14940151E+03
  0.35100000E+01  0.48914376E+03 -0.14999885E+03
  0.35200000E+01  0.49515783E+03 -0.14932223E+03
  0.35300000E+01  0.50128377E+03 -0.14836108E+03
  0.35400000E+01  0.50712508E+03 -0.14804605E+03
  0.35500000E+01  0.51257695E+03 -0.14861871E+03
  0.35600000E+01  0.51766413E+03 -0.14957334E+03
  0.35700000E+01  0.52237513E+03 -0.15006871E+03
  0.35800000E+01  0.52662985E+03 -0.14956140E+03
  0.35900000E+01  0.53039541E+03 -0.14829740E+03
  0.36000000E+01  0.53384156E+03 -0.14720836E+03
  0.36100000E+01  0.53739167E+03 -0.14720748E+03
  0.36200000E+01  0.54159935E+03 -0.14849296E+03
  0.36300000E+01  0.54690690E+03 -0.15040387E+03
  0.36400000E+01  0.55342804E+03 -0.15186360E+03
  0.36500000E+01  0.56088445E+03 -0.15210824E+03
  0.36600000E+01  0.56872824E+03 -0.15121198E+03
  0.36700000E+01  0.57637331E+03 -0.14993421E+03
  0.36800000E+01  0.58341074E+03 -0.14900648E+03
  0.36900000E+01  0.58971754E+03 -0.14857421E+03
  0.37000000E+01  0.59544536E+03 -0.14826396E+03
  0.37100000E+01  0.60093506E+03 -0.14771479E+03
  0.37200000E+01  0.60661237E+03 -0.14703319E+03
  0.37300000E+01  0.61289266E+03 -0.14668187E+03
  0.37400000E+01  0.62009746E+03 -0.14690215E+03
  0.37500000E+01  0.62838384E+03 -0.14734672E+03
  0.37600000E+01  0.63770277E+03 -0.14735882E+03
  0.37700000E+01  0.64780975E+03 -0.14658875E+03
  0.37800000E+01  0.65833630E+03 -0.14524175E+03
  0.37900000E+01  0.66890385E+03 -0.14368591E+03
  0.38000000E+01  0.67924209E+03 -0.14198838E+03
  0.38100000E+01  0.68927316E+03 -0.14000141E+03
  0.38200000E+01  0.69913847E+03 -0.13778939E+03
  0.38300000E+01  0.70916498E+03 -0.13569139E+03
  0.38400000E+01  0.71978422E+03 -0.13389148E+03
  0.38500000E+01  0.73142848E+03 -0.13215970E+03
  0.38600000E+01  0.74443313E+03 -0.13013503E+03
  0.38700000E+01  0.75897234E+03 -0.12765530E+03
  0.38800000E+01  0.77504578E+03 -0.12465698E+03
  0.38900000E+01  0.79252010E+03 -0.12096320E+03
  0.39000000E+01  0.81121552E+03 -0.11638295E+03
  0.39100000E+01  0.83101728E+03 -0.11087191E+03
  0.39200000E+01  0.85198648E+03 -0.10445353E+03
  0.39300000E+01  0.87444303E+03 -0.97131761E+02
  0.39400000E+01  0.89899569E+03 -0.88916661E+02
  0.39500000E+01  0.92649885E+03 -0.79740406E+02
  0.39600000E+01  0.95792359E+03 -0.69330534E+02
  0.39700000E+01  0.99414035E+03 -0.57232152E+02
  0.39800000E+01  0.10356252E+04 -0.42868316E+02
  0.39900000E+01  0.10821252E+04 -0.25563495E+02
  0.40000000E+01  0.11323529E+04 -0.45700084E+01
  0.40100000E+01  0.11838103E+04  0.20895617E+02
  0.40200000E+01  0.12328581E+04  0.51548509E+02
  0.40300000E+01  0.12751044E+04  0.87798043E+02
  0.40400000E+01  0.13060999E+04  0.12936559E+03
  0.40500000E+01  0.13221997E+04  0.17489670E+03
  0.40600000E+01  0.13213588E+04  0.22192482E+03
  0.40700000E+01  0.13036045E+04  0.26747816E+03
  0.40800000E+01  0.12710245E+04  0.30905858E+03
  0.40900000E+01  0.12272682E+04  0.34529410E+03
  0.41000000E+01  0.11767295E+04  0.37593177E+03
  0.41100000E+01  0.11236711E+04  0.40143720E+03
  0.41200000E+01  0.10715399E+04  0.42257955E+03
  0.41300000E+01  0.10226199E+04  0.44016300E+03
  0.41400000E+01  0.97803237E+03  0.45489277E+03
  0.41500000E+01  0.93798874E+03  0.46731856E+03
  0.41600000E+01  0.90215100E+03  0.47781830E+03
  0.41700000E+01  0.86997024E+03  0.48661951E+03
  0.41800000E+01  0.84092143E+03  0.49386772E+03
  0.41900000E+01  0.81461121E+03  0.49971602E+03
  0.42000000E+01  0.79077985E+03  0.50437317E+03
  0.42100000E+01  0.76924155E+03  0.50808695E+03
  0.42200000E+01  0.74980929E+03  0.51109913E+03
  0.42300000E+01  0.73223894E+03  0.51361610E+03
  0.42400000E+01  0.71621029E+03  0.51580037E+03
  0.42500000E+01  0.70134686E+03  0.51776957E+03
  0.42600000E+01  0.68726486E+03  0.51959686E+03
  0.42700000E+01  0.67363511E+03  0.52129834E+03
  0.42800000E+01  0.66023883E+03  0.52282267E+03
  0.42900000E+01  0.64700022E+03  0.52406717E+03
  0.43000000E+01  0.63398460E+03  0.52492068E+03
  0.43100000E+01  0.62136111E+03  0.52533531E+03
  0.43200000E+01  0.60933971E+03  0.52535954E+03
  0.43300000E+01  0.59810053E+03  0.52509777E+03
  0.43400000E+01  0.58773501E+03  0.52467204E+03
  0.43500000E+01  0.57821414E+03  0.52419747E+03
  0.43600000E+01  0.56939043E+03  0.52375515E+03
  0.43700000E+01  0.56103146E+03  0.52339575E+03
  0.43800000E+01  0.55287541E+03  0.52314997E+03
  0.43900000E+01  0.54469450E+03  0.52299813E+03
  0.44000000E+01  0.53635003E+03  0.52285244E+03
  0.44100000E+01  0.52782436E+03  0.52259727E+03
  0.44200000E+01  0.51922033E+03  0.52212479E+03
  0.44300000E+01  0.51072791E+03  0.52136439E+03
  0.44400000E+01  0.50256749E+03  0.52033980E+03
  0.44500000E+01  0.49492637E+03  0.51915655E+03
  0.44600000E+01  0.48790627E+03  0.51791477E+03
  0.44700000E+01  0.48149566E+03  0.51668669E+03
  0.44800000E+01  0.47557264E+03  0.51554693E+03
  0.44900000E+01  0.46993635E+03  0.51455823E+03
  0.45000000E+01  0.46435819E+03  0.51372736E+03
  0.45100000E+01  0.45864006E+03  0.51300636E+03
  0.45200000E+01  0.45266476E+03  0.51233458E+03
  0.45300000E+01  0.44642532E+03  0.51162284E+03
  0.45400000E+01  0.44002450E+03  0.51073520E+03
  0.45500000E+01  0.43364429E+03  0.50959134E+03
  0.45600000E+01  0.42749398E+03  0.50824356E+03
  0.45700000E+01  0.42175194E+03  0.50679250E+03
  0.45800000E+01  0.41651756E+03  0.50530159E+03
  0.45900000E+01  0.41178566E+03  0.50382800E+03
  0.46000000E+01  0.40744894E+03  0.50245743E+03
  0.46100000E+01  0.40332654E+03  0.50125817E+03
  0.46200000E+01  0.39921085E+03  0.50022529E+03
  0.46300000E+01  0.39492101E+03  0.49929741E+03
  0.46400000E+01  0.39034963E+03  0.49841692E+03
  0.46500000E+01  0.38549038E+03  0.49752636E+03
  0.46600000E+01  0.38043836E+03  0.49651377E+03
  0.46700000E+01  0.37536278E+03  0.49526647E+03
  0.46800000E+01  0.37045951E+03  0.49380411E+03
  0.46900000E+01  0.36589741E+03  0.49225677E+03
  0.47000000E+01  0.36177350E+03  0.49071764E+03
  0.47100000E+01  0.35808860E+03  0.48920926E+03
  0.47200000E+01  0.35474846E+03  0.48776320E+03
  0.47300000E+01  0.35158914E+03  0.48645281E+03
  0.47400000E+01  0.34841958E+03  0.48533535E+03
  0.47500000E+01  0.34507102E+03  0.48437636E+03
  0.47600000E+01  0.34144073E+03  0.48345401E+03
  0.47700000E+01  0.33751864E+03  0.48245857E+03
  0.47800000E+01  0.33338921E+03  0.48135617E+03
  0.47900000E+01  0.32920752E+03  0.48013212E+03
  0.48000000E+01  0.32515639E+03  0.47874029E+03
  0.48100000E+01  0.32139666E+03  0.47718043E+03
  0.48200000E+01  0.31802465E+03  0.47556991E+03
  0.48300000E+01  0.31504806E+03  0.47405153E+03
  0.48400000E+01  0.31238558E+03  0.47267193E+03
  0.48500000E+01  0.30988915E+03  0.47140159E+03
  0.48600000E+01  0.30738227E+03  0.47022267E+03
  0.48700000E+01  0.30470533E+03  0.46915712E+03
  0.48800000E+01  0.30175690E+03  0.46821463E+03
  0.48900000E+01  0.29852041E+03  0.46731067E+03
  0.49000000E+01  0.29506827E+03  0.46627446E+03
  0.49100000E+01  0.29154151E+03  0.46499894E+03
  0.49200000E+01  0.28811053E+03  0.46355072E+03
  0.49300000E+01  0.28492891E+03  0.46207192E+03
  0.49400000E+01  0.28209341E+03  0.46061674E+03
  0.49500000E+01  0.27962021E+03  0.45915479E+03
  0.49600000E+01  0.27744207E+03  0.45770527E+03
  0.49700000E+01  0.27542619E+03  0.45637261E+03
  0.49800000E+01  0.27340852E+03  0.45523890E+03
  0.49900000E+01  0.27123629E+03  0.45428001E+03
  0.50000000E+01  0.26880809E+03  0.45338121E+03
  0.50100000E+01  0.26610027E+03  0.45241158E+03
  0.50200000E+01  0.26317222E+03  0.45131203E+03
  0.50300000E+01  0.26014942E+03  0.45011458E+03
  0.50400000E+01  0.25718946E+03  0.44885093E+03
  0.50500000E+01  0.25444032E+03  0.44748435E+03
  0.50600000E+01  0.25200175E+03  0.44599255E+03
  0.50700000E+01  0.24989955E+03  0.44447219E+03
  0.50800000E+01  0.24807952E+03  0.44308019E+03
  0.50900000E+01  0.24642272E+03  0.44188585E+03
  0.51000000E+01  0.24477737E+03  0.44083134E+03
  0.51100000E+01  0.24299838E+03  0.43982972E+03
  0.51200000E+01  0.24098407E+03  0.43884761E+03
  0.51300000E+01  0.23870138E+03  0.43788366E+03
  0.51400000E+01  0.23619413E+03  0.43691558E+03
  0.51500000E+01  0.23357195E+03  0.43587600E+03
  0.51600000E+01  0.23098165E+03  0.43467126E+03
  0.51700000E+01  0.22856758E+03  0.43326869E+03
  0.51800000E+01  0.22643226E+03  0.43177440E+03
  0.51900000E+01  0.22460950E+03  0.43036365E+03
  0.52000000E+01  0.22305761E+03  0.42911929E+03
  0.52100000E+01  0.22167304E+03  0.42798369E+03
  0.52200000E+01  0.22031817E+03  0.42687809E+03
  0.52300000E+01  0.21885539E+03  0.42581531E+03
  0.52400000E+01  0.21718031E+03  0.42485971E+03
  0.52500000E+01  0.21524829E+03  0.42401005E+03
  0.52600000E+01  0.21308763E+03  0.42316054E+03
  0.52700000E+01  0.21079389E+03  0.42217005E+03
  0.52800000E+01  0.20850408E+03  0.42096169E+03
  0.52900000E+01  0.20635785E+03  0.41958564E+03
  0.53000000E+01  0.20445866E+03  0.41819392E+03
  0.53100000E+01  0.20284788E+03  0.41691635E+03
  0.53200000E+01  0.20149790E+03  0.41574922E+03
  0.53300000E+01  0.20032243E+03  0.41460348E+03
  0.53400000E+01  0.19919830E+03  0.41345854E+03
  0.53500000E+01  0.19799406E+03  0.41240444E+03
  0.53600000E+01  0.19660145E+03  0.41152182E+03
  0.53700000E+01  0.19496438E+03  0.41076385E+03
  0.53800000E+01  0.19309679E+03  0.40997302E+03
  0.53900000E+01  0.19108060E+03  0.40900534E+03
  0.54000000E+01  0.18904213E+03  0.40783140E+03
  0.54100000E+01  0.18711480E+03  0.40653758E+03
  0.54200000E+01  0.18540225E+03  0.40525571E+03
  0.54300000E+01  0.18395382E+03  0.40406659E+03
  0.54400000E+01  0.18275676E+03  0.40294053E+03
  0.54500000E+01  0.18174231E+03  0.40180121E+03
  0.54600000E+01  0.18080171E+03  0.40065959E+03
  0.54700000E+01  0.17980985E+03  0.39963041E+03
  0.54800000E+01  0.17865532E+03  0.39879724E+03
  0.54900000E+01  0.17727141E+03  0.39809691E+03
  0.55000000E+01  0.17565759E+03  0.39735629E+03
  0.55100000E+01  0.17388136E+03  0.39643477E+03
  0.55200000E+01  0.17205744E+03  0.39532232E+03
  0.55300000E+01  0.17031273E+03  0.39411303E+03
  0.55400000E+01  0.16875099E+03  0.39291625E+03
  0.55500000E+01  0.16742909E+03  0.39178797E+03
  0.55600000E+01  0.16634806E+03  0.39070438E+03
  0.55700000E+01  0.16545603E+03  0.38960540E+03
  0.55800000E+01  0.16465928E+03  0.38849532E+03
  0.55900000E+01  0.16384117E+03  0.38747779E+03
  0.56000000E+01  0.16288923E+03  0.38665314E+03
  0.56100000E+01  0.16172661E+03  0.38598709E+03
  0.56200000E+01  0.16033715E+03  0.38531232E+03
  0.56300000E+01  0.15877221E+03  0.38446942E+03
  0.56400000E+01  0.15713442E+03  0.38343027E+03
  0.56500000E+01  0.15554486E+03  0.38228641E+03
  0.56600000E+01  0.15410806E+03  0.38114802E+03
  0.56700000E+01  0.15288735E+03  0.38006844E+03
  0.56800000E+01  0.15189514E+03  0.37903413E+03
  0.56900000E+01  0.15109444E+03  0.37799827E+03
  0.57000000E+01  0.15040719E+03  0.37694520E+03
  0.57100000E+01  0.14972841E+03  0.37593939E+03
  0.57200000E+01  0.14894839E+03  0.37508667E+03
  0.57300000E+01  0.14798173E+03  0.37441591E+03
  0.57400000E+01  0.14679507E+03  0.37380769E+03
  0.57500000E+01  0.14542066E+03  0.37307842E+03
  0.57600000E+01  0.14394722E+03  0.37213919E+03
  0.57700000E+01  0.14249076E+03  0.37105099E+03
  0.57800000E+01  0.14115842E+03  0.36994037E+03
  0.57900000E+01  0.14002056E+03  0.36889006E+03
  0.58000000E+01  0.13909856E+03  0.36790361E+03
  0.58100000E+01  0.13836658E+03  0.36693960E+03
  0.58200000E+01  0.13776031E+03  0.36596542E+03
  0.58300000E+01  0.13718870E+03  0.36499986E+03
  0.58400000E+01  0.13655020E+03  0.36411797E+03
  0.58500000E+01  0.13575587E+03  0.36339306E+03
  0.58600000E+01  0.13475601E+03  0.36280004E+03
  0.58700000E+01  0.13356001E+03  0.36218885E+03
  0.58800000E+01  0.13223749E+03  0.36139974E+03
  0.58900000E+01  0.13089691E+03  0.36040407E+03
  0.59000000E+01  0.12964999E+03  0.35930977E+03
  0.59100000E+01  0.12857786E+03  0.35824931E+03
  0.59200000E+01  0.12771236E+03  0.35728095E+03
  0.59300000E+01  0.12703565E+03  0.35638031E+03
  0.59400000E+01  0.12649160E+03  0.35549662E+03
  0.59500000E+01  0.12600023E+03  0.35460837E+03
  0.59600000E+01  0.12547157E+03  0.35374363E+03
  0.59700000E+01  0.12482135E+03  0.35296317E+03
  0.59800000E+01  0.12399075E+03  0.35230937E+03
  0.59900000E+01  0.12296682E+03  0.35173672E+03
  0.60000000E+01  0.12179322E+03  0.35110350E+03
