  0.20000000E+00  0.18995668E+03 -0.20406463E+02
  0.21000000E+00  0.18999308E+03 -0.21415543E+02
  0.22000000E+00  0.19090000E+03 -0.21618066E+02
  0.23000000E+00  0.19224135E+03 -0.21185335E+02
  0.24000000E+00  0.19346341E+03 -0.20542506E+02
  0.25000000E+00  0.19413030E+03 -0.19895042E+02
  0.26000000E+00  0.19407600E+03 -0.19275191E+02
  0.27000000E+00  0.19342767E+03 -0.18825802E+02
  0.28000000E+00  0.19251377E+03 -0.18811069E+02
  0.29000000E+00  0.19171279E+03 -0.19315268E+02
  0.30000000E+00  0.19130993E+03 -0.20062552E+02
  0.31000000E+00  0.19141401E+03 -0.20639872E+02
  0.32000000E+00  0.19195312E+03 -0.20845614E+02
  0.33000000E+00  0.19273240E+03 -0.20787617E+02
  0.34000000E+00  0.19351585E+03 -0.20694028E+02
  0.35000000E+00  0.19409641E+03 -0.20691401E+02
  0.36000000E+00  0.19433830E+03 -0.20750323E+02
  0.37000000E+00  0.19419627E+03 -0.20749874E+02
  0.38000000E+00  0.19372312E+03 -0.20622354E+02
  0.39000000E+00  0.19306786E+03 -0.20498901E+02
  0.40000000E+00  0.19245401E+03 -0.20644333E+02
  0.41000000E+00  0.19212676E+03 -0.21191329E+02
  0.42000000E+00  0.19227192E+03 -0.21977522E+02
  0.43000000E+00  0.19293214E+03 -0.22698717E+02
  0.44000000E+00  0.19395879E+03 -0.23168351E+02
  0.45000000E+00  0.19503339E+03 -0.23364998E+02
  0.46000000E+00  0.19576759E+03 -0.23299291E+02
  0.47000000E+00  0.19585565E+03 -0.22933402E+02
  0.48000000E+00  0.19522142E+03 -0.22320202E+02
  0.49000000E+00  0.19408983E+03 -0.21827351E+02
  0.50000000E+00  0.19293346E+03 -0.22013620E+02
  0.51000000E+00  0.19229565E+03 -0.23112715E+02
  0.52000000E+00  0.19255432E+03 -0.24723316E+02
  0.53000000E+00  0.19373118E+03 -0.26102351E+02
  0.54000000E+00  0.19544384E+03 -0.26710864E+02
  0.55000000E+00  0.19703930E+03 -0.26463123E+02
  0.56000000E+00  0.19786402E+03 -0.25614354E+02
  0.57000000E+00  0.19755705E+03 -0.24579917E+02
  0.58000000E+00  0.19623353E+03 -0.23820229E+02
  0.59000000E+00  0.19446690E+03 -0.23762332E+02
  0.60000000E+00  0.19306279E+03 -0.24693717E+02
  0.61000000E+00  0.19271290E+03 -0.26523667E+02
  0.62000000E+00  0.19367867E+03 -0.28602198E+02
  0.63000000E+00  0.19565209E+03 -0.29982547E+02
  0.64000000E+00  0.19786843E+03 -0.30040417E+02
  0.65000000E+00  0.19943100E+03 -0.28902764E+02
  0.66000000E+00  0.19970714E+03 -0.27326983E+02
  0.67000000E+00  0.19861557E+03 -0.26200145E+02
  0.68000000E+00  0.19667240E+03 -0.26068968E+02
  0.69000000E+00  0.19477149E+03 -0.26996754E+02
  0.70000000E+00  0.19379546E+03 -0.28725186E+02
  0.71000000E+00  0.19422992E+03 -0.30792643E+02
  0.72000000E+00  0.19595209E+03 -0.32502905E+02
  0.73000000E+00  0.19828771E+03 -0.33114648E+02
  0.74000000E+00  0.20030986E+03 -0.32362319E+02
  0.75000000E+00  0.20124459E+03 -0.30782859E+02
  0.76000000E+00  0.20080100E+03 -0.29391337E+02
  0.77000000E+00  0.19928049E+03 -0.28993357E+02
  0.78000000E+00  0.19742451E+03 -0.29765527E+02
  0.79000000E+00  0.19607971E+03 -0.31329932E+02
  0.80000000E+00  0.19583732E+03 -0.33091903E+02
  0.81000000E+00  0.19680421E+03 -0.34524582E+02
  0.82000000E+00  0.19859379E+03 -0.35275034E+02
  0.83000000E+00  0.20052216E+03 -0.35201238E+02
  0.84000000E+00  0.20190863E+03 -0.34450274E+02
  0.85000000E+00  0.20234513E+03 -0.33498131E+02
  0.86000000E+00  0.20182627E+03 -0.32972089E+02
  0.87000000E+00  0.20070383E+03 -0.33254182E+02
  0.88000000E+00  0.19950858E+03 -0.34211666E+02
  0.89000000E+00  0.19873217E+03 -0.35362614E+02
  0.90000000E+00  0.19866204E+03 -0.36295672E+02
  0.91000000E+00  0.19932015E+03 -0.36921720E+02
  0.92000000E+00  0.20050177E+03 -0.37371439E+02
  0.93000000E+00  0.20187283E+03 -0.37719765E+02
  0.94000000E+00  0.20307834E+03 -0.37883350E+02
  0.95000000E+00  0.20383164E+03 -0.37808869E+02
  0.96000000E+00  0.20397613E+03 -0.37641198E+02
  0.97000000E+00  0.20352127E+03 -0.37584212E+02
  0.98000000E+00  0.20265123E+03 -0.37697688E+02
  0.99000000E+00  0.20169588E+03 -0.37969243E+02
  0.10000000E+01  0.20105271E+03 -0.38488203E+02
  0.10100000E+01  0.20106367E+03 -0.39387434E+02
  0.10200000E+01  0.20187861E+03 -0.40618770E+02
  0.10300000E+01  0.20336166E+03 -0.41834291E+02
  0.10400000E+01  0.20509783E+03 -0.42517044E+02
  0.10500000E+01  0.20652330E+03 -0.42341206E+02
  0.10600000E+01  0.20714446E+03 -0.41484812E+02
  0.10700000E+01  0.20675704E+03 -0.40549832E+02
  0.10800000E+01  0.20556161E+03 -0.40149723E+02
  0.10900000E+01  0.20410902E+03 -0.40570028E+02
  0.11000000E+01  0.20308560E+03 -0.41740389E+02
  0.11100000E+01  0.20302566E+03 -0.43373583E+02
  0.11200000E+01  0.20407844E+03 -0.45024275E+02
  0.11300000E+01  0.20593728E+03 -0.46129050E+02
  0.11400000E+01  0.20796632E+03 -0.46255605E+02
  0.11500000E+01  0.20946970E+03 -0.45454290E+02
  0.11600000E+01  0.20998182E+03 -0.44322259E+02
  0.11700000E+01  0.20944979E+03 -0.43630629E+02
  0.11800000E+01  0.20823305E+03 -0.43822957E+02
  0.11900000E+01  0.20693257E+03 -0.44799660E+02
  0.12000000E+01  0.20613749E+03 -0.46119331E+02
  0.12100000E+01  0.20620372E+03 -0.47366382E+02
  0.12200000E+01  0.20714954E+03 -0.48317157E+02
  0.12300000E+01  0.20869059E+03 -0.48871585E+02
  0.12400000E+01  0.21037555E+03 -0.49002702E+02
  0.12500000E+01  0.21175344E+03 -0.48808434E+02
  0.12600000E+01  0.21250947E+03 -0.48531498E+02
  0.12700000E+01  0.21253673E+03 -0.48431853E+02
  0.12800000E+01  0.21194301E+03 -0.48588249E+02
  0.12900000E+01  0.21100998E+03 -0.48883476E+02
  0.13000000E+01  0.21012056E+03 -0.49247308E+02
  0.13100000E+01  0.20966306E+03 -0.49827919E+02
  0.13200000E+01  0.20992040E+03 -0.50805759E+02
  0.13300000E+01  0.21096651E+03 -0.52070138E+02
  0.13400000E+01  0.21260971E+03 -0.53179794E+02
  0.13500000E+01  0.21442365E+03 -0.53681850E+02
  0.13600000E+01  0.21587904E+03 -0.53453047E+02
  0.13700000E+01  0.21654075E+03 -0.52751603E+02
  0.13800000E+01  0.21625254E+03 -0.52033441E+02
  0.13900000E+01  0.21522250E+03 -0.51736520E+02
  0.14000000E+01  0.21395953E+03 -0.52133622E+02
  0.14100000E+01  0.21307777E+03 -0.53259900E+02
  0.14200000E+01  0.21304996E+03 -0.54863004E+02
  0.14300000E+01  0.21401777E+03 -0.56413962E+02
  0.14400000E+01  0.21574183E+03 -0.57338527E+02
  0.14500000E+01  0.21770916E+03 -0.57406575E+02
  0.14600000E+01  0.21934389E+03 -0.56887352E+02
  0.14700000E+01  0.22022543E+03 -0.56288045E+02
  0.14800000E+01  0.22022544E+03 -0.55994573E+02
  0.14900000E+01  0.21952230E+03 -0.56134870E+02
  0.15000000E+01  0.21850896E+03 -0.56650202E+02
  0.15100000E+01  0.21764748E+03 -0.57412970E+02
  0.15200000E+01  0.21732711E+03 -0.58298947E+02
  0.15300000E+01  0.21776252E+03 -0.59214549E+02
  0.15400000E+01  0.21894456E+03 -0.60089576E+02
  0.15500000E+01  0.22064377E+03 -0.60844525E+02
  0.15600000E+01  0.22246599E+03 -0.61356626E+02
  0.15700000E+01  0.22395769E+03 -0.61469977E+02
  0.15800000E+01  0.22474563E+03 -0.61119639E+02
  0.15900000E+01  0.22467305E+03 -0.60513511E+02
  0.16000000E+01  0.22387856E+03 -0.60112696E+02
  0.16100000E+01  0.22277206E+03 -0.60333034E+02
  0.16200000E+01  0.22189980E+03 -0.61272083E+02
  0.16300000E+01  0.22174239E+03 -0.62691337E+02
  0.16400000E+01  0.22252718E+03 -0.64173743E+02
  0.16500000E+01  0.22413720E+03 -0.65298319E+02
  0.16600000E+01  0.22615734E+03 -0.65772871E+02
  0.16700000E+01  0.22803682E+03 -0.65561556E+02
  0.16800000E+01  0.22929593E+03 -0.64957343E+02
  0.16900000E+01  0.22969126E+03 -0.64452166E+02
  0.17000000E+01  0.22928094E+03 -0.64416121E+02
  0.17100000E+01  0.22838077E+03 -0.64861235E+02
  0.17200000E+01  0.22744483E+03 -0.65552829E+02
  0.17300000E+01  0.22692105E+03 -0.66330327E+02
  0.17400000E+01  0.22712394E+03 -0.67223922E+02
  0.17500000E+01  0.22814965E+03 -0.68262589E+02
  0.17600000E+01  0.22984628E+03 -0.69281723E+02
  0.17700000E+01  0.23184828E+03 -0.69973719E+02
  0.17800000E+01  0.23367673E+03 -0.70118723E+02
  0.17900000E+01  0.23488859E+03 -0.69756724E+02
  0.18000000E+01  0.23523189E+03 -0.69163143E+02
  0.18100000E+01  0.23474796E+03 -0.68720318E+02
  0.18200000E+01  0.23377156E+03 -0.68789578E+02
  0.18300000E+01  0.23281873E+03 -0.69555960E+02
  0.18400000E+01  0.23240178E+03 -0.70876816E+02
  0.18500000E+01  0.23284495E+03 -0.72321900E+02
  0.18600000E+01  0.23417407E+03 -0.73451861E+02
  0.18700000E+01  0.23611873E+03 -0.74070615E+02
  0.18800000E+01  0.23821709E+03 -0.74227758E+02
  0.18900000E+01  0.23997560E+03 -0.74081599E+02
  0.19000000E+01  0.24102445E+03 -0.73812278E+02
  0.19100000E+01  0.24122326E+03 -0.73592754E+02
  0.19200000E+01  0.24069503E+03 -0.73558929E+02
  0.19300000E+01  0.23978715E+03 -0.73790002E+02
  0.19400000E+01  0.23897118E+03 -0.74339783E+02
  0.19500000E+01  0.23870327E+03 -0.75268384E+02
  0.19600000E+01  0.23927917E+03 -0.76554611E+02
  0.19700000E+01  0.24072857E+03 -0.77938061E+02
  0.19800000E+01  0.24279172E+03 -0.78951038E+02
  0.19900000E+01  0.24499759E+03 -0.79236308E+02
  0.20000000E+01  0.24682276E+03 -0.78853662E+02
  0.20100000E+01  0.24787322E+03 -0.78233508E+02
  0.20200000E+01  0.24801859E+03 -0.77841193E+02
  0.20300000E+01  0.24742967E+03 -0.77911154E+02
  0.20400000E+01  0.24651202E+03 -0.78435080E+02
  0.20500000E+01  0.24576807E+03 -0.79283812E+02
  0.20600000E+01  0.24563903E+03 -0.80307906E+02
  0.20700000E+01  0.24637396E+03 -0.81393602E+02
  0.20800000E+01  0.24795800E+03 -0.82460248E+02
  0.20900000E+01  0.25011532E+03 -0.83367441E+02
  0.21000000E+01  0.25238768E+03 -0.83864524E+02
  0.21100000E+01  0.25427239E+03 -0.83765868E+02
  0.21200000E+01  0.25538276E+03 -0.83207991E+02
  0.21300000E+01  0.25557914E+03 -0.82635845E+02
  0.21400000E+01  0.25502114E+03 -0.82494282E+02
  0.21500000E+01  0.25411796E+03 -0.82959766E+02
  0.21600000E+01  0.25339283E+03 -0.83927374E+02
  0.21700000E+01  0.25331092E+03 -0.85155817E+02
  0.21800000E+01  0.25413122E+03 -0.86392472E+02
  0.21900000E+01  0.25582931E+03 -0.87434640E+02
  0.22000000E+01  0.25810997E+03 -0.88161637E+02
  0.22100000E+01  0.26050037E+03 -0.88523273E+02
  0.22200000E+01  0.26249438E+03 -0.88500567E+02
  0.22300000E+01  0.26370706E+03 -0.88142118E+02
  0.22400000E+01  0.26399550E+03 -0.87664359E+02
  0.22500000E+01  0.26350828E+03 -0.87428266E+02
  0.22600000E+01  0.26264406E+03 -0.87732221E+02
  0.22700000E+01  0.26192816E+03 -0.88623754E+02
  0.22800000E+01  0.26184526E+03 -0.89905454E+02
  0.22900000E+01  0.26268393E+03 -0.91273433E+02
  0.23000000E+01  0.26444489E+03 -0.92441038E+02
  0.23100000E+01  0.26684210E+03 -0.93209775E+02
  0.23200000E+01  0.26939381E+03 -0.93517921E+02
  0.23300000E+01  0.27157241E+03 -0.93439319E+02
  0.23400000E+01  0.27296658E+03 -0.93112799E+02
  0.23500000E+01  0.27340766E+03 -0.92709154E+02
  0.23600000E+01  0.27302327E+03 -0.92475660E+02
  0.23700000E+01  0.27220116E+03 -0.92690230E+02
  0.23800000E+01  0.27147209E+03 -0.93483906E+02
  0.23900000E+01  0.27134596E+03 -0.94737881E+02
  0.24000000E+01  0.27215191E+03 -0.96161260E+02
  0.24100000E+01  0.27393389E+03 -0.97437351E+02
  0.24200000E+01  0.27643531E+03 -0.98324591E+02
  0.24300000E+01  0.27917792E+03 -0.98713670E+02
  0.24400000E+01  0.28160919E+03 -0.98652818E+02
  0.24500000E+01  0.28327222E+03 -0.98302813E+02
  0.24600000E+01  0.28394636E+03 -0.97864788E+02
  0.24700000E+01  0.28371632E+03 -0.97583994E+02
  0.24800000E+01  0.28294866E+03 -0.97733108E+02
  0.24900000E+01  0.28218201E+03 -0.98462039E+02
  0.25000000E+01  0.28196332E+03 -0.99679710E+02
  0.25100000E+01  0.28267979E+03 -0.10111649E+03
  0.25200000E+01  0.28443821E+03 -0.10246993E+03
  0.25300000E+01  0.28702952E+03 -0.10349668E+03
  0.25400000E+01  0.28999001E+03 -0.10404695E+03
  0.25500000E+01  0.29274119E+03 -0.10409140E+03
  0.25600000E+01  0.29476598E+03 -0.10373278E+03
  0.25700000E+01  0.29576767E+03 -0.10319331E+03
  0.25800000E+01  0.29576288E+03 -0.10279605E+03
  0.25900000E+01  0.29507955E+03 -0.10286380E+03
  0.26000000E+01  0.29425990E+03 -0.10353449E+03
  0.26100000E+01  0.29389752E+03 -0.10469763E+03
  0.26200000E+01  0.29445785E+03 -0.10611235E+03
  0.26300000E+01  0.29613570E+03 -0.10753514E+03
  0.26400000E+01  0.29879261E+03 -0.10874523E+03
  0.26500000E+01  0.30199384E+03 -0.10952968E+03
  0.26600000E+01  0.30513575E+03 -0.10973016E+03
  0.26700000E+01  0.30762707E+03 -0.10936003E+03
  0.26800000E+01  0.30906982E+03 -0.10869115E+03
  0.26900000E+01  0.30938356E+03 -0.10816525E+03
  0.27000000E+01  0.30883400E+03 -0.10813334E+03
  0.27100000E+01  0.30795652E+03 -0.10868373E+03
  0.27200000E+01  0.30739796E+03 -0.10971685E+03
  0.27300000E+01  0.30772398E+03 -0.11108883E+03
  0.27400000E+01  0.30924819E+03 -0.11263378E+03
  0.27500000E+01  0.31193302E+03 -0.11410100E+03
  0.27600000E+01  0.31539319E+03 -0.11515038E+03
  0.27700000E+01  0.31900405E+03 -0.11549661E+03
  0.27800000E+01  0.32208586E+03 -0.11513689E+03
  0.27900000E+01  0.32410979E+03 -0.11441174E+03
  0.28000000E+01  0.32486204E+03 -0.11377047E+03
  0.28100000E+01  0.32451460E+03 -0.11351833E+03
  0.28200000E+01  0.32358033E+03 -0.11379839E+03
  0.28300000E+01  0.32276540E+03 -0.11466408E+03
  0.28400000E+01  0.32276215E+03 -0.11606551E+03
  0.28500000E+01  0.32404176E+03 -0.11779499E+03
  0.28600000E+01  0.32670679E+03 -0.11949641E+03
  0.28700000E+01  0.33044881E+03 -0.12077505E+03
  0.28800000E+01  0.33462818E+03 -0.12135455E+03
  0.28900000E+01  0.33845764E+03 -0.12117857E+03
  0.29000000E+01  0.34123778E+03 -0.12043101E+03
  0.29100000E+01  0.34257329E+03 -0.11950081E+03
  0.29200000E+01  0.34250259E+03 -0.11885621E+03
  0.29300000E+01  0.34149888E+03 -0.11885003E+03
  0.29400000E+01  0.34034032E+03 -0.11959817E+03
  0.29500000E+01  0.33988523E+03 -0.12099969E+03
  0.29600000E+01  0.34081623E+03 -0.12282945E+03
  0.29700000E+01  0.34342682E+03 -0.12479034E+03
  0.29800000E+01  0.34751527E+03 -0.12648736E+03
  0.29900000E+01  0.35242335E+03 -0.12746601E+03
  0.30000000E+01  0.35721762E+03 -0.12744345E+03
  0.30100000E+01  0.36096559E+03 -0.12654529E+03
  0.30200000E+01  0.36302582E+03 -0.12526411E+03
  0.30300000E+01  0.36326070E+03 -0.12418850E+03
  0.30400000E+01  0.36210185E+03 -0.12377101E+03
  0.30500000E+01  0.36044209E+03 -0.12425348E+03
  0.30600000E+01  0.35938056E+03 -0.12565667E+03
  0.30700000E+01  0.35989202E+03 -0.12776534E+03
  0.30800000E+01  0.36251630E+03 -0.13016755E+03
  0.30900000E+01  0.36716355E+03 -0.13234280E+03
  0.31000000E+01  0.37310428E+03 -0.13373283E+03
  0.31100000E+01  0.37916269E+03 -0.13389003E+03
  0.31200000E+01  0.38406780E+03 -0.13276598E+03
  0.31300000E+01  0.38686009E+03 -0.13088063E+03
  0.31400000E+01  0.38722286E+03 -0.12909674E+03
  0.31500000E+01  0.38562342E+03 -0.12817063E+03
  0.31600000E+01  0.38320576E+03 -0.12849385E+03
  0.31700000E+01  0.38145536E+03 -0.13010092E+03
  0.31800000E+01  0.38173140E+03 -0.13272178E+03
  0.31900000E+01  0.38480957E+03 -0.13581022E+03
  0.32000000E+01  0.39058616E+03 -0.13861692E+03
  0.32100000E+01  0.39805554E+03 -0.14032494E+03
  0.32200000E+01  0.40559326E+03 -0.14029601E+03
  0.32300000E+01  0.41147470E+03 -0.13845931E+03
  0.32400000E+01  0.41446687E+03 -0.13557679E+03
  0.32500000E+01  0.41428766E+03 -0.13295302E+03
  0.32600000E+01  0.41175709E+03 -0.13172847E+03
  0.32700000E+01  0.40856517E+03 -0.13241423E+03
  0.32800000E+01  0.40671670E+03 -0.13488657E+03
  0.32900000E+01  0.40783400E+03 -0.13854630E+03
  0.33000000E+01  0.41256134E+03 -0.14245117E+03
  0.33100000E+01  0.42029313E+03 -0.14546888E+03
  0.33200000E+01  0.42934573E+03 -0.14654658E+03
  0.33300000E+01  0.43753615E+03 -0.14516465E+03
  0.33400000E+01  0.44297316E+03 -0.14182785E+03
  0.33500000E+01  0.44476829E+03 -0.13805864E+03
  0.33600000E+01  0.44338533E+03 -0.13561951E+03
  0.33700000E+01  0.44047672E+03 -0.13558287E+03
  0.33800000E+01  0.43825725E+03 -0.13797534E+03
  0.33900000E+01  0.43865711E+03 -0.14196353E+03
  0.34000000E+01  0.44259291E+03 -0.14620814E+03
  0.34100000E+01  0.44964971E+03 -0.14926331E+03
  0.34200000E+01  0.45829754E+03 -0.15006746E+03
  0.34300000E+01  0.46654161E+03 -0.14846334E+03
  0.34400000E+01  0.47272447E+03 -0.14539137E+03
  0.34500000E+01  0.47614031E+03 -0.14242660E+03
  0.34600000E+01  0.47721449E+03 -0.14094989E+03
  0.34700000E+01  0.47720365E+03 -0.14155075E+03
  0.34800000E+01  0.47758916E+03 -0.14385526E+03
  0.34900000E+01  0.47946329E+03 -0.14672768E+03
  0.35000000E+01  0.48318273E+03 -0.14884160E+03
  0.35100000E+01  0.48840454E+03 -0.14943383E+03
  0.35200000E+01  0.49441663E+03 -0.14875392E+03
  0.35300000E+01  0.50053863E+03 -0.14778982E+03
  0.35400000E+01  0.50637312E+03 -0.14747000E+03
  0.35500000E+01  0.51181467E+03 -0.14803483E+03
  0.35600000E+01  0.51688844E+03 -0.14897940E+03
  0.35700000E+01  0.52158490E+03 -0.14946531E+03
  0.35800000E+01  0.52582704E+03 -0.14895301E+03
  0.35900000E+01  0.52958492E+03 -0.14769075E+03
  0.36000000E+01  0.53302938E+03 -0.14660756E+03
  0.36100000E+01  0.53658198E+03 -0.14660968E+03
  0.36200000E+01  0.54079189E+03 -0.14788897E+03
  0.36300000E+01  0.54609618E+03 -0.14978348E+03
  0.36400000E+01  0.55260493E+03 -0.15122185E+03
  0.36500000E+01  0.56003958E+03 -0.15144893E+03
  0.36600000E+01  0.56785554E+03 -0.15054549E+03
  0.36700000E+01  0.57547198E+03 -0.14927061E+03
  0.36800000E+01  0.58248471E+03 -0.14834942E+03
  0.36900000E+01  0.58877300E+03 -0.14792031E+03
  0.37000000E+01  0.59448764E+03 -0.14760676E+03
  0.37100000E+01  0.59996632E+03 -0.14704969E+03
  0.37200000E+01  0.60563086E+03 -0.14635967E+03
  0.37300000E+01  0.61189348E+03 -0.14600197E+03
  0.37400000E+01  0.61907413E+03 -0.14621768E+03
  0.37500000E+01  0.62732986E+03 -0.14665836E+03
  0.37600000E+01  0.63661288E+03 -0.14666722E+03
  0.37700000E+01  0.64668057E+03 -0.14589581E+03
  0.37800000E+01  0.65716655E+03 -0.14455060E+03
  0.37900000E+01  0.66769414E+03 -0.14299988E+03
  0.38000000E+01  0.67799433E+03 -0.14131013E+03
  0.38100000E+01  0.68798971E+03 -0.13933255E+03
  0.38200000E+01  0.69782119E+03 -0.13713049E+03
  0.38300000E+01  0.70781440E+03 -0.13504221E+03
  0.38400000E+01  0.71839927E+03 -0.13325172E+03
  0.38500000E+01  0.73000666E+03 -0.13153009E+03
  0.38600000E+01  0.74297128E+03 -0.12951762E+03
  0.38700000E+01  0.75746767E+03 -0.12705284E+03
  0.38800000E+01  0.77349686E+03 -0.12407229E+03
  0.38900000E+01  0.79092772E+03 -0.12039922E+03
  0.39000000E+01  0.80958309E+03 -0.11584290E+03
  0.39100000E+01  0.82935085E+03 -0.11035877E+03
  0.39200000E+01  0.85029434E+03 -0.10396935E+03
  0.39300000E+01  0.87273511E+03 -0.96677172E+02
  0.39400000E+01  0.89728276E+03 -0.88490935E+02
  0.39500000E+01  0.92479158E+03 -0.79341804E+02
  0.39600000E+01  0.95623144E+03 -0.68956621E+02
  0.39700000E+01  0.99247000E+03 -0.56879942E+02
  0.39800000E+01  0.10339785E+04 -0.42534263E+02
  0.39900000E+01  0.10804971E+04 -0.25243249E+02
  0.40000000E+01  0.11307291E+04 -0.42583606E+01
  0.40100000E+01  0.11821671E+04  0.21204189E+02
  0.40200000E+01  0.12311641E+04  0.51858407E+02
  0.40300000E+01  0.12733254E+04  0.88109773E+02
  0.40400000E+01  0.13042054E+04  0.12967200E+03
  0.40500000E+01  0.13201712E+04  0.17518050E+03
  0.40600000E+01  0.13191948E+04  0.22216100E+03
  0.40700000E+01  0.13013225E+04  0.26764216E+03
  0.40800000E+01  0.12686579E+04  0.30913486E+03
  0.40900000E+01  0.12248601E+04  0.34527898E+03
  0.41000000E+01  0.11743239E+04  0.37583055E+03
  0.41100000E+01  0.11213060E+04  0.40125955E+03
  0.41200000E+01  0.10692428E+04  0.42233601E+03
  0.41300000E+01  0.10204065E+04  0.43986316E+03
  0.41400000E+01  0.97590854E+03  0.45454469E+03
  0.41500000E+01  0.93595291E+03  0.46692886E+03
  0.41600000E+01  0.90019760E+03  0.47739258E+03
  0.41700000E+01  0.86809196E+03  0.48616282E+03
  0.41800000E+01  0.83911061E+03  0.49338480E+03
  0.41900000E+01  0.81286040E+03  0.49921119E+03
  0.42000000E+01  0.78908198E+03  0.50385009E+03
  0.42100000E+01  0.76758997E+03  0.50754844E+03
  0.42200000E+01  0.74819789E+03  0.51054725E+03
  0.42300000E+01  0.73066239E+03  0.51305224E+03
  0.42400000E+01  0.71466433E+03  0.51522539E+03
  0.42500000E+01  0.69982852E+03  0.51718394E+03
  0.42600000E+01  0.68577252E+03  0.51900077E+03
  0.42700000E+01  0.67216833E+03  0.52069194E+03
  0.42800000E+01  0.65879798E+03  0.52220628E+03
  0.42900000E+01  0.64558596E+03  0.52344157E+03
  0.43000000E+01  0.63259736E+03  0.52428715E+03
  0.43100000E+01  0.62000063E+03  0.52469534E+03
  0.43200000E+01  0.60800487E+03  0.52471455E+03
  0.43300000E+01  0.59678939E+03  0.52444886E+03
  0.43400000E+01  0.58644512E+03  0.52401986E+03
  0.43500000E+01  0.57694295E+03  0.52354223E+03
  0.43600000E+01  0.56813579E+03  0.52309688E+03
  0.43700000E+01  0.55979198E+03  0.52273414E+03
  0.43800000E+01  0.55165066E+03  0.52248449E+03
  0.43900000E+01  0.54348497E+03  0.52232842E+03
  0.44000000E+01  0.53515685E+03  0.52217833E+03
  0.44100000E+01  0.52664885E+03  0.52191892E+03
  0.44200000E+01  0.51806356E+03  0.52144298E+03
  0.44300000E+01  0.50959025E+03  0.52068033E+03
  0.44400000E+01  0.50144844E+03  0.51965457E+03
  0.44500000E+01  0.49382455E+03  0.51847082E+03
  0.44600000E+01  0.48681974E+03  0.51722907E+03
  0.44700000E+01  0.48042228E+03  0.51600127E+03
  0.44800000E+01  0.47451057E+03  0.51486144E+03
  0.44900000E+01  0.46888441E+03  0.51387212E+03
  0.45000000E+01  0.46331612E+03  0.51304024E+03
  0.45100000E+01  0.45760844E+03  0.51231773E+03
  0.45200000E+01  0.45164485E+03  0.51164386E+03
  0.45300000E+01  0.44541858E+03  0.51093003E+03
  0.45400000E+01  0.43903217E+03  0.51004112E+03
  0.45500000E+01  0.43266696E+03  0.50889705E+03
  0.45600000E+01  0.42653135E+03  0.50754980E+03
  0.45700000E+01  0.42080288E+03  0.50609988E+03
  0.45800000E+01  0.41558030E+03  0.50461077E+03
  0.45900000E+01  0.41085821E+03  0.50313918E+03
  0.46000000E+01  0.40652956E+03  0.50177008E+03
  0.46100000E+01  0.40241410E+03  0.50057162E+03
  0.46200000E+01  0.39830511E+03  0.49953914E+03
  0.46300000E+01  0.39402261E+03  0.49861123E+03
  0.46400000E+01  0.38945985E+03  0.49773004E+03
  0.46500000E+01  0.38461074E+03  0.49683849E+03
  0.46600000E+01  0.37957020E+03  0.49582556E+03
  0.46700000E+01  0.37450679E+03  0.49457913E+03
  0.46800000E+01  0.36961552E+03  0.49311852E+03
  0.46900000E+01  0.36506438E+03  0.49157328E+03
  0.47000000E+01  0.36094976E+03  0.49003656E+03
  0.47100000E+01  0.35727222E+03  0.48853092E+03
  0.47200000E+01  0.35393775E+03  0.48708748E+03
  0.47300000E+01  0.35078301E+03  0.48577893E+03
  0.47400000E+01  0.34761782E+03  0.48466235E+03
  0.47500000E+01  0.34427427E+03  0.48370365E+03
  0.47600000E+01  0.34065031E+03  0.48278141E+03
  0.47700000E+01  0.33673615E+03  0.48178605E+03
  0.47800000E+01  0.33261602E+03  0.48068386E+03
  0.47900000E+01  0.32844439E+03  0.47946068E+03
  0.48000000E+01  0.32440321E+03  0.47807088E+03
  0.48100000E+01  0.32065245E+03  0.47651401E+03
  0.48200000E+01  0.31728778E+03  0.47490669E+03
  0.48300000E+01  0.31431664E+03  0.47339120E+03
  0.48400000E+01  0.31165794E+03  0.47201411E+03
  0.48500000E+01  0.30916424E+03  0.47074593E+03
  0.48600000E+01  0.30665991E+03  0.46956865E+03
  0.48700000E+01  0.30398621E+03  0.46850394E+03
  0.48800000E+01  0.30104239E+03  0.46756148E+03
  0.48900000E+01  0.29781214E+03  0.46665730E+03
  0.49000000E+01  0.29436768E+03  0.46562157E+03
  0.49100000E+01  0.29084938E+03  0.46434764E+03
  0.49200000E+01  0.28742678E+03  0.46290178E+03
  0.49300000E+01  0.28425257E+03  0.46142570E+03
  0.49400000E+01  0.28142288E+03  0.45997345E+03
  0.49500000E+01  0.27895362E+03  0.45851463E+03
  0.49600000E+01  0.27677776E+03  0.45706807E+03
  0.49700000E+01  0.27476316E+03  0.45573775E+03
  0.49800000E+01  0.27274662E+03  0.45460546E+03
  0.49900000E+01  0.27057628E+03  0.45364703E+03
  0.50000000E+01  0.26815140E+03  0.45274815E+03
  0.50100000E+01  0.26544857E+03  0.45177862E+03
  0.50200000E+01  0.26252698E+03  0.45067981E+03
  0.50300000E+01  0.25951145E+03  0.44948370E+03
  0.50400000E+01  0.25655869E+03  0.44822195E+03
  0.50500000E+01  0.25381579E+03  0.44685795E+03
  0.50600000E+01  0.25138185E+03  0.44536930E+03
  0.50700000E+01  0.24928241E+03  0.44385219E+03
  0.50800000E+01  0.24746351E+03  0.44246297E+03
  0.50900000E+01  0.24580685E+03  0.44127057E+03
  0.51000000E+01  0.24416155E+03  0.44021710E+03
  0.51100000E+01  0.24238344E+03  0.43921580E+03
  0.51200000E+01  0.24037147E+03  0.43823368E+03
  0.51300000E+01  0.23809287E+03  0.43726979E+03
  0.51400000E+01  0.23559120E+03  0.43630207E+03
  0.51500000E+01  0.23297545E+03  0.43526331E+03
  0.51600000E+01  0.23039153E+03  0.43406023E+03
  0.51700000E+01  0.22798286E+03  0.43266029E+03
  0.51800000E+01  0.22585130E+03  0.43116917E+03
  0.51900000E+01  0.22403042E+03  0.42976143E+03
  0.52000000E+01  0.22247879E+03  0.42851938E+03
  0.52100000E+01  0.22109351E+03  0.42738528E+03
  0.52200000E+01  0.21973788E+03  0.42628049E+03
  0.52300000E+01  0.21827520E+03  0.42521797E+03
  0.52400000E+01  0.21660176E+03  0.42426224E+03
  0.52500000E+01  0.21467317E+03  0.42341221E+03
  0.52600000E+01  0.21251752E+03  0.42256248E+03
  0.52700000E+01  0.21022966E+03  0.42157244E+03
  0.52800000E+01  0.20794570E+03  0.42036563E+03
  0.52900000E+01  0.20580432E+03  0.41899217E+03
  0.53000000E+01  0.20390832E+03  0.41760343E+03
  0.53100000E+01  0.20229882E+03  0.41632844E+03
  0.53200000E+01  0.20094849E+03  0.41516316E+03
  0.53300000E+01  0.19977169E+03  0.41401860E+03
  0.53400000E+01  0.19864620E+03  0.41287433E+03
  0.53500000E+01  0.19744149E+03  0.41182037E+03
  0.53600000E+01  0.19604999E+03  0.41093728E+03
  0.53700000E+01  0.19441591E+03  0.41017840E+03
  0.53800000E+01  0.19255295E+03  0.40938684E+03
  0.53900000E+01  0.19054233E+03  0.40841933E+03
  0.54000000E+01  0.18850942E+03  0.40724680E+03
  0.54100000E+01  0.18658667E+03  0.40595540E+03
  0.54200000E+01  0.18487700E+03  0.40467620E+03
  0.54300000E+01  0.18342951E+03  0.40348931E+03
  0.54400000E+01  0.18223171E+03  0.40236475E+03
  0.54500000E+01  0.18121552E+03  0.40122636E+03
  0.54600000E+01  0.18027312E+03  0.40008524E+03
  0.54700000E+01  0.17928036E+03  0.39905601E+03
  0.54800000E+01  0.17812655E+03  0.39822204E+03
  0.54900000E+01  0.17674529E+03  0.39752033E+03
  0.55000000E+01  0.17513587E+03  0.39677852E+03
  0.55100000E+01  0.17336506E+03  0.39585688E+03
  0.55200000E+01  0.17154662E+03  0.39474565E+03
  0.55300000E+01  0.16980643E+03  0.39353852E+03
  0.55400000E+01  0.16824751E+03  0.39234412E+03
  0.55500000E+01  0.16692644E+03  0.39121783E+03
  0.55600000E+01  0.16584450E+03  0.39013556E+03
  0.55700000E+01  0.16495049E+03  0.38903730E+03
  0.55800000E+01  0.16415164E+03  0.38792750E+03
  0.55900000E+01  0.16333228E+03  0.38690972E+03
  0.56000000E+01  0.16238072E+03  0.38608406E+03
  0.56100000E+01  0.16122049E+03  0.38541634E+03
  0.56200000E+01  0.15983524E+03  0.38473999E+03
  0.56300000E+01  0.15827568E+03  0.38389656E+03
  0.56400000E+01  0.15664343E+03  0.38285834E+03
  0.56500000E+01  0.15505853E+03  0.38171643E+03
  0.56600000E+01  0.15362468E+03  0.38058022E+03
  0.56700000E+01  0.15240491E+03  0.37950248E+03
  0.56800000E+01  0.15141180E+03  0.37846941E+03
  0.56900000E+01  0.15060904E+03  0.37743415E+03
  0.57000000E+01  0.14991950E+03  0.37638114E+03
  0.57100000E+01  0.14923920E+03  0.37537487E+03
  0.57200000E+01  0.14845926E+03  0.37452103E+03
  0.57300000E+01  0.14749470E+03  0.37384854E+03
  0.57400000E+01  0.14631207E+03  0.37323850E+03
  0.57500000E+01  0.14494302E+03  0.37250823E+03
  0.57600000E+01  0.14347526E+03  0.37156948E+03
  0.57700000E+01  0.14202370E+03  0.37048300E+03
  0.57800000E+01  0.14069465E+03  0.36937453E+03
  0.57900000E+01  0.13955802E+03  0.36832603E+03
  0.58000000E+01  0.13863532E+03  0.36734077E+03
  0.58100000E+01  0.13790133E+03  0.36637735E+03
  0.58200000E+01  0.13729268E+03  0.36540314E+03
  0.58300000E+01  0.13671932E+03  0.36443695E+03
  0.58400000E+01  0.13608060E+03  0.36355384E+03
  0.58500000E+01  0.13528805E+03  0.36282724E+03
  0.58600000E+01  0.13429199E+03  0.36223240E+03
  0.58700000E+01  0.13310127E+03  0.36161989E+03
  0.58800000E+01  0.13178455E+03  0.36083068E+03
  0.58900000E+01  0.13044921E+03  0.35983631E+03
  0.59000000E+01  0.12920602E+03  0.35874413E+03
  0.59100000E+01  0.12813557E+03  0.35768568E+03
  0.59200000E+01  0.12726973E+03  0.35671864E+03
  0.59300000E+01  0.12659120E+03  0.35581858E+03
  0.59400000E+01  0.12604477E+03  0.35493485E+03
  0.59500000E+01  0.12555148E+03  0.35404596E+03
  0.59600000E+01  0.12502229E+03  0.35317996E+03
  0.59700000E+01  0.12437348E+03  0.35239781E+03
  0.59800000E+01  0.12354636E+03  0.35174225E+03
  0.59900000E+01  0.12252752E+03  0.35116827E+03
  0.60000000E+01  0.12135977E+03  0.35053460E+03
