  0.20000000E+00  0.23234294E-22 -0.91067381E+00
  0.21000000E+00  0.25546107E-22 -0.95622782E+00
  0.22000000E+00  0.27974207E-22 -0.10017848E+01
  0.23000000E+00  0.30518909E-22 -0.10473449E+01
  0.24000000E+00  0.33180505E-22 -0.10929083E+01
  0.25000000E+00  0.35959256E-22 -0.11384750E+01
  0.26000000E+00  0.38855390E-22 -0.11840453E+01
  0.27000000E+00  0.41869098E-22 -0.12296193E+01
  0.28000000E+00  0.45000525E-22 -0.12751972E+01
  0.29000000E+00  0.48249773E-22 -0.13207789E+01
  0.30000000E+00  0.51616890E-22 -0.13663648E+01
  0.31000000E+00  0.55101874E-22 -0.14119550E+01
  0.32000000E+00  0.58704660E-22 -0.14575495E+01
  0.33000000E+00  0.62425124E-22 -0.15031486E+01
  0.34000000E+00  0.66263075E-22 -0.15487524E+01
  0.35000000E+00  0.70218255E-22 -0.15943610E+01
  0.36000000E+00  0.74290333E-22 -0.16399745E+01
  0.37000000E+00  0.78478906E-22 -0.16855932E+01
  0.38000000E+00  0.82783493E-22 -0.17312171E+01
  0.39000000E+00  0.87203536E-22 -0.17768464E+01
  0.40000000E+00  0.91738395E-22 -0.18224812E+01
  0.41000000E+00  0.96387350E-22 -0.18681217E+01
  0.42000000E+00  0.10114960E-21 -0.19137681E+01
  0.43000000E+00  0.10602425E-21 -0.19594204E+01
  0.44000000E+00  0.11101034E-21 -0.20050788E+01
  0.45000000E+00  0.11610681E-21 -0.20507435E+01
  0.46000000E+00  0.12131252E-21 -0.20964145E+01
  0.47000000E+00  0.12662625E-21 -0.21420921E+01
  0.48000000E+00  0.13204671E-21 -0.21877764E+01
  0.49000000E+00  0.13757250E-21 -0.22334675E+01
  0.50000000E+00  0.14320217E-21 -0.22791655E+01
  0.51000000E+00  0.14893418E-21 -0.23248707E+01
  0.52000000E+00  0.15476692E-21 -0.23705831E+01
  0.53000000E+00  0.16069872E-21 -0.24163029E+01
  0.54000000E+00  0.16672783E-21 -0.24620303E+01
  0.55000000E+00  0.17285243E-21 -0.25077653E+01
  0.56000000E+00  0.17907067E-21 -0.25535082E+01
  0.57000000E+00  0.18538063E-21 -0.25992590E+01
  0.58000000E+00  0.19178032E-21 -0.26450179E+01
  0.59000000E+00  0.19826775E-21 -0.26907852E+01
  0.60000000E+00  0.20484085E-21 -0.27365608E+01
  0.61000000E+00  0.21149754E-21 -0.27823449E+01
  0.62000000E+00  0.21823571E-21 -0.28281378E+01
  0.63000000E+00  0.22505322E-21 -0.28739395E+01
  0.64000000E+00  0.23194794E-21 -0.29197502E+01
  0.65000000E+00  0.23891769E-21 -0.29655700E+01
  0.66000000E+00  0.24596033E-21 -0.30113990E+01
  0.67000000E+00  0.25307370E-21 -0.30572375E+01
  0.68000000E+00  0.26025567E-21 -0.31030856E+01
  0.69000000E+00  0.26750412E-21 -0.31489433E+01
  0.70000000E+00  0.27481695E-21 -0.31948109E+01
  0.71000000E+00  0.28219211E-21 -0.32406885E+01
  0.72000000E+00  0.28962758E-21 -0.32865763E+01
  0.73000000E+00  0.29712139E-21 -0.33324743E+01
  0.74000000E+00  0.30467163E-21 -0.33783828E+01
  0.75000000E+00  0.31227643E-21 -0.34243018E+01
  0.76000000E+00  0.31993401E-21 -0.34702316E+01
  0.77000000E+00  0.32764266E-21 -0.35161722E+01
  0.78000000E+00  0.33540074E-21 -0.35621238E+01
  0.79000000E+00  0.34320671E-21 -0.36080867E+01
  0.80000000E+00  0.35105911E-21 -0.36540608E+01
  0.81000000E+00  0.35895657E-21 -0.37000464E+01
  0.82000000E+00  0.36689784E-21 -0.37460435E+01
  0.83000000E+00  0.37488177E-21 -0.37920525E+01
  0.84000000E+00  0.38290730E-21 -0.38380733E+01
  0.85000000E+00  0.39097351E-21 -0.38841061E+01
  0.86000000E+00  0.39907958E-21 -0.39301512E+01
  0.87000000E+00  0.40722482E-21 -0.39762086E+01
  0.88000000E+00  0.41540864E-21 -0.40222785E+01
  0.89000000E+00  0.42363061E-21 -0.40683610E+01
  0.90000000E+00  0.43189038E-21 -0.41144562E+01
  0.91000000E+00  0.44018776E-21 -0.41605645E+01
  0.92000000E+00  0.44852266E-21 -0.42066857E+01
  0.93000000E+00  0.45689512E-21 -0.42528202E+01
  0.94000000E+00  0.46530532E-21 -0.42989681E+01
  0.95000000E+00  0.47375354E-21 -0.43451295E+01
  0.96000000E+00  0.48224019E-21 -0.43913046E+01
  0.97000000E+00  0.49076578E-21 -0.44374935E+01
  0.98000000E+00  0.49933095E-21 -0.44836963E+01
  0.99000000E+00  0.50793645E-21 -0.45299133E+01
  0.10000000E+01  0.51658312E-21 -0.45761445E+01
  0.10100000E+01  0.52527190E-21 -0.46223901E+01
  0.10200000E+01  0.53400385E-21 -0.46686503E+01
  0.10300000E+01  0.54278008E-21 -0.47149252E+01
  0.10400000E+01  0.55160182E-21 -0.47612150E+01
  0.10500000E+01  0.56047034E-21 -0.48075198E+01
  0.10600000E+01  0.56938701E-21 -0.48538397E+01
  0.10700000E+01  0.57835324E-21 -0.49001749E+01
  0.10800000E+01  0.58737051E-21 -0.49465256E+01
  0.10900000E+01  0.59644033E-21 -0.49928920E+01
  0.11000000E+01  0.60556426E-21 -0.50392741E+01
  0.11100000E+01  0.61474390E-21 -0.50856721E+01
  0.11200000E+01  0.62398085E-21 -0.51320861E+01
  0.11300000E+01  0.63327674E-21 -0.51785164E+01
  0.11400000E+01  0.64263321E-21 -0.52249630E+01
  0.11500000E+01  0.65205189E-21 -0.52714262E+01
  0.11600000E+01  0.66153441E-21 -0.53179060E+01
  0.11700000E+01  0.67108238E-21 -0.53644027E+01
  0.11800000E+01  0.68069739E-21 -0.54109163E+01
  0.11900000E+01  0.69038100E-21 -0.54574471E+01
  0.12000000E+01  0.70013473E-21 -0.55039951E+01
  0.12100000E+01  0.70996008E-21 -0.55505606E+01
  0.12200000E+01  0.71985847E-21 -0.55971437E+01
  0.12300000E+01  0.72983131E-21 -0.56437445E+01
  0.12400000E+01  0.73987992E-21 -0.56903632E+01
  0.12500000E+01  0.75000560E-21 -0.57369999E+01
  0.12600000E+01  0.76020954E-21 -0.57836549E+01
  0.12700000E+01  0.77049293E-21 -0.58303281E+01
  0.12800000E+01  0.78085686E-21 -0.58770199E+01
  0.12900000E+01  0.79130237E-21 -0.59237304E+01
  0.13000000E+01  0.80183044E-21 -0.59704597E+01
  0.13100000E+01  0.81244200E-21 -0.60172079E+01
  0.13200000E+01  0.82313793E-21 -0.60639753E+01
  0.13300000E+01  0.83391906E-21 -0.61107620E+01
  0.13400000E+01  0.84478617E-21 -0.61575681E+01
  0.13500000E+01  0.85574002E-21 -0.62043937E+01
  0.13600000E+01  0.86678135E-21 -0.62512392E+01
  0.13700000E+01  0.87791086E-21 -0.62981045E+01
  0.13800000E+01  0.88912926E-21 -0.63449899E+01
  0.13900000E+01  0.90043727E-21 -0.63918955E+01
  0.14000000E+01  0.91183563E-21 -0.64388215E+01
  0.14100000E+01  0.92332511E-21 -0.64857680E+01
  0.14200000E+01  0.93490653E-21 -0.65327353E+01
  0.14300000E+01  0.94658077E-21 -0.65797233E+01
  0.14400000E+01  0.95834880E-21 -0.66267324E+01
  0.14500000E+01  0.97021168E-21 -0.66737626E+01
  0.14600000E+01  0.98217061E-21 -0.67208141E+01
  0.14700000E+01  0.99422690E-21 -0.67678871E+01
  0.14800000E+01  0.10063821E-20 -0.68149818E+01
  0.14900000E+01  0.10186377E-20 -0.68620983E+01
  0.15000000E+01  0.10309958E-20 -0.69092367E+01
  0.15100000E+01  0.10434583E-20 -0.69563972E+01
  0.15200000E+01  0.10560277E-20 -0.70035800E+01
  0.15300000E+01  0.10687065E-20 -0.70507852E+01
  0.15400000E+01  0.10814976E-20 -0.70980130E+01
  0.15500000E+01  0.10944042E-20 -0.71452636E+01
  0.15600000E+01  0.11074299E-20 -0.71925371E+01
  0.15700000E+01  0.11205786E-20 -0.72398336E+01
  0.15800000E+01  0.11338544E-20 -0.72871534E+01
  0.15900000E+01  0.11472622E-20 -0.73344966E+01
  0.16000000E+01  0.11608070E-20 -0.73818634E+01
  0.16100000E+01  0.11744942E-20 -0.74292539E+01
  0.16200000E+01  0.11883299E-20 -0.74766682E+01
  0.16300000E+01  0.12023204E-20 -0.75241067E+01
  0.16400000E+01  0.12164727E-20 -0.75715693E+01
  0.16500000E+01  0.12307941E-20 -0.76190563E+01
  0.16600000E+01  0.12452925E-20 -0.76665678E+01
  0.16700000E+01  0.12599763E-20 -0.77141040E+01
  0.16800000E+01  0.12748544E-20 -0.77616651E+01
  0.16900000E+01  0.12899363E-20 -0.78092512E+01
  0.17000000E+01  0.13052317E-20 -0.78568625E+01
  0.17100000E+01  0.13207511E-20 -0.79044992E+01
  0.17200000E+01  0.13365056E-20 -0.79521614E+01
  0.17300000E+01  0.13525064E-20 -0.79998493E+01
  0.17400000E+01  0.13687655E-20 -0.80475630E+01
  0.17500000E+01  0.13852953E-20 -0.80953028E+01
  0.17600000E+01  0.14021086E-20 -0.81430687E+01
  0.17700000E+01  0.14192186E-20 -0.81908610E+01
  0.17800000E+01  0.14366390E-20 -0.82386798E+01
  0.17900000E+01  0.14543839E-20 -0.82865253E+01
  0.18000000E+01  0.14724676E-20 -0.83343976E+01
  0.18100000E+01  0.14909049E-20 -0.83822970E+01
  0.18200000E+01  0.15097106E-20 -0.84302235E+01
  0.18300000E+01  0.15289001E-20 -0.84781774E+01
  0.18400000E+01  0.15484886E-20 -0.85261589E+01
  0.18500000E+01  0.15684918E-20 -0.85741680E+01
  0.18600000E+01  0.15889251E-20 -0.86222050E+01
  0.18700000E+01  0.16098044E-20 -0.86702700E+01
  0.18800000E+01  0.16311453E-20 -0.87183633E+01
  0.18900000E+01  0.16529632E-20 -0.87664849E+01
  0.19000000E+01  0.16752737E-20 -0.88146350E+01
  0.19100000E+01  0.16980920E-20 -0.88628139E+01
  0.19200000E+01  0.17214331E-20 -0.89110217E+01
  0.19300000E+01  0.17453116E-20 -0.89592585E+01
  0.19400000E+01  0.17697419E-20 -0.90075246E+01
  0.19500000E+01  0.17947377E-20 -0.90558200E+01
  0.19600000E+01  0.18203123E-20 -0.91041450E+01
  0.19700000E+01  0.18464785E-20 -0.91524998E+01
  0.19800000E+01  0.18732483E-20 -0.92008845E+01
  0.19900000E+01  0.19006331E-20 -0.92492993E+01
  0.20000000E+01  0.19286434E-20 -0.92977444E+01
  0.20100000E+01  0.19572890E-20 -0.93462199E+01
  0.20200000E+01  0.19865787E-20 -0.93947260E+01
  0.20300000E+01  0.20165204E-20 -0.94432630E+01
  0.20400000E+01  0.20471209E-20 -0.94918309E+01
  0.20500000E+01  0.20783861E-20 -0.95404299E+01
  0.20600000E+01  0.21103206E-20 -0.95890603E+01
  0.20700000E+01  0.21429280E-20 -0.96377222E+01
  0.20800000E+01  0.21762106E-20 -0.96864157E+01
  0.20900000E+01  0.22101695E-20 -0.97351411E+01
  0.21000000E+01  0.22448047E-20 -0.97838986E+01
  0.21100000E+01  0.22801147E-20 -0.98326882E+01
  0.21200000E+01  0.23160970E-20 -0.98815103E+01
  0.21300000E+01  0.23527474E-20 -0.99303649E+01
  0.21400000E+01  0.23900607E-20 -0.99792522E+01
  0.21500000E+01  0.24280303E-20 -0.10028172E+02
  0.21600000E+01  0.24666484E-20 -0.10077126E+02
  0.21700000E+01  0.25059059E-20 -0.10126113E+02
  0.21800000E+01  0.25457923E-20 -0.10175133E+02
  0.21900000E+01  0.25862961E-20 -0.10224186E+02
  0.22000000E+01  0.26274044E-20 -0.10273274E+02
  0.22100000E+01  0.26691034E-20 -0.10322396E+02
  0.22200000E+01  0.27113780E-20 -0.10371552E+02
  0.22300000E+01  0.27542123E-20 -0.10420742E+02
  0.22400000E+01  0.27975891E-20 -0.10469967E+02
  0.22500000E+01  0.28414907E-20 -0.10519226E+02
  0.22600000E+01  0.28858983E-20 -0.10568520E+02
  0.22700000E+01  0.29307924E-20 -0.10617850E+02
  0.22800000E+01  0.29761530E-20 -0.10667215E+02
  0.22900000E+01  0.30219594E-20 -0.10716615E+02
  0.23000000E+01  0.30681903E-20 -0.10766051E+02
  0.23100000E+01  0.31148244E-20 -0.10815523E+02
  0.23200000E+01  0.31618397E-20 -0.10865031E+02
  0.23300000E+01  0.32092143E-20 -0.10914575E+02
  0.23400000E+01  0.32569260E-20 -0.10964156E+02
  0.23500000E+01  0.33049528E-20 -0.11013773E+02
  0.23600000E+01  0.33532728E-20 -0.11063427E+02
  0.23700000E+01  0.34018642E-20 -0.11113118E+02
  0.23800000E+01  0.34507056E-20 -0.11162846E+02
  0.23900000E+01  0.34997758E-20 -0.11212612E+02
  0.24000000E+01  0.35490545E-20 -0.11262415E+02
  0.24100000E+01  0.35985216E-20 -0.11312255E+02
  0.24200000E+01  0.36481577E-20 -0.11362134E+02
  0.24300000E+01  0.36979445E-20 -0.11412051E+02
  0.24400000E+01  0.37478640E-20 -0.11462006E+02
  0.24500000E+01  0.37978994E-20 -0.11512000E+02
  0.24600000E+01  0.38480346E-20 -0.11562032E+02
  0.24700000E+01  0.38982548E-20 -0.11612104E+02
  0.24800000E+01  0.39485459E-20 -0.11662214E+02
  0.24900000E+01  0.39988950E-20 -0.11712364E+02
  0.25000000E+01  0.40492902E-20 -0.11762553E+02
  0.25100000E+01  0.40997208E-20 -0.11812782E+02
  0.25200000E+01  0.41501772E-20 -0.11863050E+02
  0.25300000E+01  0.42006509E-20 -0.11913359E+02
  0.25400000E+01  0.42511344E-20 -0.11963708E+02
  0.25500000E+01  0.43016217E-20 -0.12014098E+02
  0.25600000E+01  0.43521074E-20 -0.12064528E+02
  0.25700000E+01  0.44025876E-20 -0.12114999E+02
  0.25800000E+01  0.44530594E-20 -0.12165511E+02
  0.25900000E+01  0.45035209E-20 -0.12216064E+02
  0.26000000E+01  0.45539713E-20 -0.12266659E+02
  0.26100000E+01  0.46044108E-20 -0.12317296E+02
  0.26200000E+01  0.46548407E-20 -0.12367974E+02
  0.26300000E+01  0.47052632E-20 -0.12418694E+02
  0.26400000E+01  0.47556816E-20 -0.12469457E+02
  0.26500000E+01  0.48061002E-20 -0.12520262E+02
  0.26600000E+01  0.48565243E-20 -0.12571110E+02
  0.26700000E+01  0.49069601E-20 -0.12622001E+02
  0.26800000E+01  0.49574151E-20 -0.12672935E+02
  0.26900000E+01  0.50078976E-20 -0.12723912E+02
  0.27000000E+01  0.50584172E-20 -0.12774932E+02
  0.27100000E+01  0.51089845E-20 -0.12825996E+02
  0.27200000E+01  0.51596115E-20 -0.12877105E+02
  0.27300000E+01  0.52103115E-20 -0.12928257E+02
  0.27400000E+01  0.52610990E-20 -0.12979454E+02
  0.27500000E+01  0.53119902E-20 -0.13030695E+02
  0.27600000E+01  0.53630027E-20 -0.13081980E+02
  0.27700000E+01  0.54141560E-20 -0.13133311E+02
  0.27800000E+01  0.54654714E-20 -0.13184687E+02
  0.27900000E+01  0.55169719E-20 -0.13236109E+02
  0.28000000E+01  0.55686828E-20 -0.13287575E+02
  0.28100000E+01  0.56206315E-20 -0.13339088E+02
  0.28200000E+01  0.56728478E-20 -0.13390647E+02
  0.28300000E+01  0.57253636E-20 -0.13442252E+02
  0.28400000E+01  0.57782134E-20 -0.13493903E+02
  0.28500000E+01  0.58314344E-20 -0.13545601E+02
  0.28600000E+01  0.58850660E-20 -0.13597346E+02
  0.28700000E+01  0.59391504E-20 -0.13649138E+02
  0.28800000E+01  0.59937321E-20 -0.13700977E+02
  0.28900000E+01  0.60488582E-20 -0.13752864E+02
  0.29000000E+01  0.61045778E-20 -0.13804798E+02
  0.29100000E+01  0.61609423E-20 -0.13856780E+02
  0.29200000E+01  0.62180046E-20 -0.13908811E+02
  0.29300000E+01  0.62758194E-20 -0.13960890E+02
  0.29400000E+01  0.63344421E-20 -0.14013017E+02
  0.29500000E+01  0.63939289E-20 -0.14065193E+02
  0.29600000E+01  0.64543360E-20 -0.14117419E+02
  0.29700000E+01  0.65157187E-20 -0.14169693E+02
  0.29800000E+01  0.65781312E-20 -0.14222017E+02
  0.29900000E+01  0.66416256E-20 -0.14274391E+02
  0.30000000E+01  0.67062507E-20 -0.14326815E+02
  0.30100000E+01  0.67720517E-20 -0.14379289E+02
  0.30200000E+01  0.68390686E-20 -0.14431813E+02
  0.30300000E+01  0.69073357E-20 -0.14484388E+02
  0.30400000E+01  0.69768801E-20 -0.14537013E+02
  0.30500000E+01  0.70477211E-20 -0.14589690E+02
  0.30600000E+01  0.71198687E-20 -0.14642418E+02
  0.30700000E+01  0.71933229E-20 -0.14695197E+02
  0.30800000E+01  0.72680729E-20 -0.14748029E+02
  0.30900000E+01  0.73440959E-20 -0.14800912E+02
  0.31000000E+01  0.74213565E-20 -0.14853847E+02
  0.31100000E+01  0.74998064E-20 -0.14906835E+02
  0.31200000E+01  0.75793838E-20 -0.14959875E+02
  0.31300000E+01  0.76600136E-20 -0.15012969E+02
  0.31400000E+01  0.77416074E-20 -0.15066115E+02
  0.31500000E+01  0.78240641E-20 -0.15119315E+02
  0.31600000E+01  0.79072710E-20 -0.15172569E+02
  0.31700000E+01  0.79911046E-20 -0.15225876E+02
  0.31800000E+01  0.80754330E-20 -0.15279237E+02
  0.31900000E+01  0.81601179E-20 -0.15332653E+02
  0.32000000E+01  0.82450170E-20 -0.15386123E+02
  0.32100000E+01  0.83299878E-20 -0.15439648E+02
  0.32200000E+01  0.84148906E-20 -0.15493228E+02
  0.32300000E+01  0.84995937E-20 -0.15546863E+02
  0.32400000E+01  0.85839771E-20 -0.15600554E+02
  0.32500000E+01  0.86679384E-20 -0.15654300E+02
  0.32600000E+01  0.87513981E-20 -0.15708103E+02
  0.32700000E+01  0.88343055E-20 -0.15761961E+02
  0.32800000E+01  0.89166446E-20 -0.15815876E+02
  0.32900000E+01  0.89984409E-20 -0.15869848E+02
  0.33000000E+01  0.90797671E-20 -0.15923877E+02
  0.33100000E+01  0.91607492E-20 -0.15977963E+02
  0.33200000E+01  0.92415725E-20 -0.16032107E+02
  0.33300000E+01  0.93224867E-20 -0.16086308E+02
  0.33400000E+01  0.94038102E-20 -0.16140567E+02
  0.33500000E+01  0.94859337E-20 -0.16194884E+02
  0.33600000E+01  0.95693221E-20 -0.16249260E+02
  0.33700000E+01  0.96545158E-20 -0.16303694E+02
  0.33800000E+01  0.97421296E-20 -0.16358188E+02
  0.33900000E+01  0.98328494E-20 -0.16412740E+02
  0.34000000E+01  0.99274277E-20 -0.16467352E+02
  0.34100000E+01  0.10026676E-19 -0.16522024E+02
  0.34200000E+01  0.10131454E-19 -0.16576755E+02
  0.34300000E+01  0.10242660E-19 -0.16631547E+02
  0.34400000E+01  0.10361210E-19 -0.16686400E+02
  0.34500000E+01  0.10488026E-19 -0.16741313E+02
  0.34600000E+01  0.10624010E-19 -0.16796287E+02
  0.34700000E+01  0.10770025E-19 -0.16851322E+02
  0.34800000E+01  0.10926866E-19 -0.16906419E+02
  0.34900000E+01  0.11095237E-19 -0.16961577E+02
  0.35000000E+01  0.11275719E-19 -0.17016798E+02
  0.35100000E+01  0.11468745E-19 -0.17072081E+02
  0.35200000E+01  0.11674569E-19 -0.17127426E+02
  0.35300000E+01  0.11893238E-19 -0.17182835E+02
  0.35400000E+01  0.12124570E-19 -0.17238306E+02
  0.35500000E+01  0.12368131E-19 -0.17293841E+02
  0.35600000E+01  0.12623217E-19 -0.17349439E+02
  0.35700000E+01  0.12888845E-19 -0.17405101E+02
  0.35800000E+01  0.13163745E-19 -0.17460828E+02
  0.35900000E+01  0.13446368E-19 -0.17516618E+02
  0.36000000E+01  0.13734898E-19 -0.17572474E+02
  0.36100000E+01  0.14027273E-19 -0.17628394E+02
  0.36200000E+01  0.14321224E-19 -0.17684380E+02
  0.36300000E+01  0.14614317E-19 -0.17740431E+02
  0.36400000E+01  0.14904012E-19 -0.17796548E+02
  0.36500000E+01  0.15187728E-19 -0.17852731E+02
  0.36600000E+01  0.15462921E-19 -0.17908981E+02
  0.36700000E+01  0.15727165E-19 -0.17965297E+02
  0.36800000E+01  0.15978245E-19 -0.18021679E+02
  0.36900000E+01  0.16214242E-19 -0.18078130E+02
  0.37000000E+01  0.16433622E-19 -0.18134647E+02
  0.37100000E+01  0.16635319E-19 -0.18191232E+02
  0.37200000E+01  0.16818803E-19 -0.18247886E+02
  0.37300000E+01  0.16984134E-19 -0.18304607E+02
  0.37400000E+01  0.17131996E-19 -0.18361397E+02
  0.37500000E+01  0.17263707E-19 -0.18418256E+02
  0.37600000E+01  0.17381195E-19 -0.18475185E+02
  0.37700000E+01  0.17486959E-19 -0.18532182E+02
  0.37800000E+01  0.17583986E-19 -0.18589250E+02
  0.37900000E+01  0.17675657E-19 -0.18646387E+02
  0.38000000E+01  0.17765628E-19 -0.18703595E+02
  0.38100000E+01  0.17857700E-19 -0.18760873E+02
  0.38200000E+01  0.17955694E-19 -0.18818222E+02
  0.38300000E+01  0.18063337E-19 -0.18875643E+02
  0.38400000E+01  0.18184171E-19 -0.18933135E+02
  0.38500000E+01  0.18321510E-19 -0.18990698E+02
  0.38600000E+01  0.18478441E-19 -0.19048334E+02
  0.38700000E+01  0.18657912E-19 -0.19106042E+02
  0.38800000E+01  0.18862934E-19 -0.19163823E+02
  0.38900000E+01  0.19096998E-19 -0.19221677E+02
  0.39000000E+01  0.19364853E-19 -0.19279604E+02
  0.39100000E+01  0.19673904E-19 -0.19337604E+02
  0.39200000E+01  0.20036567E-19 -0.19395679E+02
  0.39300000E+01  0.20473867E-19 -0.19453828E+02
  0.39400000E+01  0.21020286E-19 -0.19512051E+02
  0.39500000E+01  0.21729175E-19 -0.19570349E+02
  0.39600000E+01  0.22676938E-19 -0.19628722E+02
  0.39700000E+01  0.23962954E-19 -0.19687171E+02
  0.39800000E+01  0.25701611E-19 -0.19745695E+02
  0.39900000E+01  0.28003665E-19 -0.19804295E+02
  0.40000000E+01  0.30947273E-19 -0.19862972E+02
  0.40100000E+01  0.34543976E-19 -0.19921726E+02
  0.40200000E+01  0.38709884E-19 -0.19980556E+02
  0.40300000E+01  0.43254520E-19 -0.20039464E+02
  0.40400000E+01  0.47896676E-19 -0.20098449E+02
  0.40500000E+01  0.52308199E-19 -0.20157512E+02
  0.40600000E+01  0.56175715E-19 -0.20216654E+02
  0.40700000E+01  0.59262106E-19 -0.20275874E+02
  0.40800000E+01  0.61448506E-19 -0.20335173E+02
  0.40900000E+01  0.62744621E-19 -0.20394551E+02
  0.41000000E+01  0.63267097E-19 -0.20454009E+02
  0.41100000E+01  0.63196717E-19 -0.20513547E+02
  0.41200000E+01  0.62730545E-19 -0.20573164E+02
  0.41300000E+01  0.62043382E-19 -0.20632863E+02
  0.41400000E+01  0.61266201E-19 -0.20692642E+02
  0.41500000E+01  0.60481649E-19 -0.20752503E+02
  0.41600000E+01  0.59731468E-19 -0.20812445E+02
  0.41700000E+01  0.59029141E-19 -0.20872469E+02
  0.41800000E+01  0.58372354E-19 -0.20932575E+02
  0.41900000E+01  0.57752346E-19 -0.20992763E+02
  0.42000000E+01  0.57159535E-19 -0.21053035E+02
  0.42100000E+01  0.56586095E-19 -0.21113390E+02
  0.42200000E+01  0.56026637E-19 -0.21173828E+02
  0.42300000E+01  0.55477956E-19 -0.21234350E+02
  0.42400000E+01  0.54938476E-19 -0.21294957E+02
  0.42500000E+01  0.54407724E-19 -0.21355648E+02
  0.42600000E+01  0.53885914E-19 -0.21416424E+02
  0.42700000E+01  0.53373668E-19 -0.21477285E+02
  0.42800000E+01  0.52871834E-19 -0.21538232E+02
  0.42900000E+01  0.52381373E-19 -0.21599265E+02
  0.43000000E+01  0.51903292E-19 -0.21660384E+02
  0.43100000E+01  0.51438594E-19 -0.21721590E+02
  0.43200000E+01  0.50988258E-19 -0.21782883E+02
  0.43300000E+01  0.50553216E-19 -0.21844264E+02
  0.43400000E+01  0.50134344E-19 -0.21905732E+02
  0.43500000E+01  0.49732460E-19 -0.21967288E+02
  0.43600000E+01  0.49348315E-19 -0.22028933E+02
  0.43700000E+01  0.48982597E-19 -0.22090667E+02
  0.43800000E+01  0.48635926E-19 -0.22152489E+02
  0.43900000E+01  0.48308861E-19 -0.22214402E+02
  0.44000000E+01  0.48001897E-19 -0.22276404E+02
  0.44100000E+01  0.47715471E-19 -0.22338497E+02
  0.44200000E+01  0.47449960E-19 -0.22400680E+02
  0.44300000E+01  0.47205688E-19 -0.22462955E+02
  0.44400000E+01  0.46982926E-19 -0.22525321E+02
  0.44500000E+01  0.46781895E-19 -0.22587778E+02
  0.44600000E+01  0.46602769E-19 -0.22650328E+02
  0.44700000E+01  0.46445677E-19 -0.22712971E+02
  0.44800000E+01  0.46310708E-19 -0.22775706E+02
  0.44900000E+01  0.46197909E-19 -0.22838535E+02
  0.45000000E+01  0.46107290E-19 -0.22901457E+02
  0.45100000E+01  0.46038829E-19 -0.22964474E+02
  0.45200000E+01  0.45992467E-19 -0.23027585E+02
  0.45300000E+01  0.45968117E-19 -0.23090790E+02
  0.45400000E+01  0.45965662E-19 -0.23154092E+02
  0.45500000E+01  0.45984959E-19 -0.23217488E+02
  0.45600000E+01  0.46025838E-19 -0.23280981E+02
  0.45700000E+01  0.46088107E-19 -0.23344570E+02
  0.45800000E+01  0.46171553E-19 -0.23408256E+02
  0.45900000E+01  0.46275941E-19 -0.23472040E+02
  0.46000000E+01  0.46401018E-19 -0.23535920E+02
  0.46100000E+01  0.46546514E-19 -0.23599899E+02
  0.46200000E+01  0.46712142E-19 -0.23663977E+02
  0.46300000E+01  0.46897600E-19 -0.23728153E+02
  0.46400000E+01  0.47102573E-19 -0.23792428E+02
  0.46500000E+01  0.47326734E-19 -0.23856803E+02
  0.46600000E+01  0.47569744E-19 -0.23921279E+02
  0.46700000E+01  0.47831253E-19 -0.23985854E+02
  0.46800000E+01  0.48110902E-19 -0.24050531E+02
  0.46900000E+01  0.48408324E-19 -0.24115308E+02
  0.47000000E+01  0.48723143E-19 -0.24180188E+02
  0.47100000E+01  0.49054976E-19 -0.24245170E+02
  0.47200000E+01  0.49403437E-19 -0.24310254E+02
  0.47300000E+01  0.49768130E-19 -0.24375441E+02
  0.47400000E+01  0.50148657E-19 -0.24440732E+02
  0.47500000E+01  0.50544616E-19 -0.24506126E+02
  0.47600000E+01  0.50955600E-19 -0.24571625E+02
  0.47700000E+01  0.51381200E-19 -0.24637229E+02
  0.47800000E+01  0.51821006E-19 -0.24702937E+02
  0.47900000E+01  0.52274603E-19 -0.24768751E+02
  0.48000000E+01  0.52741576E-19 -0.24834672E+02
  0.48100000E+01  0.53221511E-19 -0.24900698E+02
  0.48200000E+01  0.53713991E-19 -0.24966832E+02
  0.48300000E+01  0.54218599E-19 -0.25033073E+02
  0.48400000E+01  0.54734920E-19 -0.25099421E+02
  0.48500000E+01  0.55262539E-19 -0.25165878E+02
  0.48600000E+01  0.55801039E-19 -0.25232444E+02
  0.48700000E+01  0.56350008E-19 -0.25299118E+02
  0.48800000E+01  0.56909035E-19 -0.25365903E+02
  0.48900000E+01  0.57477708E-19 -0.25432797E+02
  0.49000000E+01  0.58055619E-19 -0.25499802E+02
  0.49100000E+01  0.58642364E-19 -0.25566917E+02
  0.49200000E+01  0.59237537E-19 -0.25634144E+02
  0.49300000E+01  0.59840739E-19 -0.25701484E+02
  0.49400000E+01  0.60451571E-19 -0.25768935E+02
  0.49500000E+01  0.61069637E-19 -0.25836499E+02
  0.49600000E+01  0.61694547E-19 -0.25904177E+02
  0.49700000E+01  0.62325911E-19 -0.25971968E+02
  0.49800000E+01  0.62963344E-19 -0.26039873E+02
  0.49900000E+01  0.63606464E-19 -0.26107894E+02
  0.50000000E+01  0.64254894E-19 -0.26176029E+02
  0.50100000E+01  0.64908258E-19 -0.26244280E+02
  0.50200000E+01  0.65566187E-19 -0.26312647E+02
  0.50300000E+01  0.66228315E-19 -0.26381131E+02
  0.50400000E+01  0.66894278E-19 -0.26449732E+02
  0.50500000E+01  0.67563719E-19 -0.26518451E+02
  0.50600000E+01  0.68236284E-19 -0.26587288E+02
  0.50700000E+01  0.68911623E-19 -0.26656243E+02
  0.50800000E+01  0.69589391E-19 -0.26725318E+02
  0.50900000E+01  0.70269246E-19 -0.26794512E+02
  0.51000000E+01  0.70950853E-19 -0.26863826E+02
  0.51100000E+01  0.71633880E-19 -0.26933261E+02
  0.51200000E+01  0.72317999E-19 -0.27002817E+02
  0.51300000E+01  0.73002888E-19 -0.27072495E+02
  0.51400000E+01  0.73688228E-19 -0.27142294E+02
  0.51500000E+01  0.74373708E-19 -0.27212217E+02
  0.51600000E+01  0.75059017E-19 -0.27282263E+02
  0.51700000E+01  0.75743854E-19 -0.27352432E+02
  0.51800000E+01  0.76427919E-19 -0.27422726E+02
  0.51900000E+01  0.77110919E-19 -0.27493145E+02
  0.52000000E+01  0.77792565E-19 -0.27563688E+02
  0.52100000E+01  0.78472574E-19 -0.27634358E+02
  0.52200000E+01  0.79150667E-19 -0.27705154E+02
  0.52300000E+01  0.79826570E-19 -0.27776077E+02
  0.52400000E+01  0.80500017E-19 -0.27847127E+02
  0.52500000E+01  0.81170744E-19 -0.27918306E+02
  0.52600000E+01  0.81838493E-19 -0.27989613E+02
  0.52700000E+01  0.82503012E-19 -0.28061049E+02
  0.52800000E+01  0.83164056E-19 -0.28132614E+02
  0.52900000E+01  0.83821381E-19 -0.28204310E+02
  0.53000000E+01  0.84474754E-19 -0.28276137E+02
  0.53100000E+01  0.85123943E-19 -0.28348095E+02
  0.53200000E+01  0.85768724E-19 -0.28420185E+02
  0.53300000E+01  0.86408879E-19 -0.28492407E+02
  0.53400000E+01  0.87044195E-19 -0.28564762E+02
  0.53500000E+01  0.87674464E-19 -0.28637251E+02
  0.53600000E+01  0.88299486E-19 -0.28709874E+02
  0.53700000E+01  0.88919065E-19 -0.28782632E+02
  0.53800000E+01  0.89533012E-19 -0.28855525E+02
  0.53900000E+01  0.90141145E-19 -0.28928554E+02
  0.54000000E+01  0.90743285E-19 -0.29001719E+02
  0.54100000E+01  0.91339264E-19 -0.29075022E+02
  0.54200000E+01  0.91928916E-19 -0.29148462E+02
  0.54300000E+01  0.92512084E-19 -0.29222040E+02
  0.54400000E+01  0.93088617E-19 -0.29295758E+02
  0.54500000E+01  0.93658369E-19 -0.29369614E+02
  0.54600000E+01  0.94221203E-19 -0.29443611E+02
  0.54700000E+01  0.94776987E-19 -0.29517749E+02
  0.54800000E+01  0.95325596E-19 -0.29592028E+02
  0.54900000E+01  0.95866913E-19 -0.29666449E+02
  0.55000000E+01  0.96400825E-19 -0.29741012E+02
  0.55100000E+01  0.96927230E-19 -0.29815718E+02
  0.55200000E+01  0.97446030E-19 -0.29890569E+02
  0.55300000E+01  0.97957135E-19 -0.29965563E+02
  0.55400000E+01  0.98460462E-19 -0.30040703E+02
  0.55500000E+01  0.98955936E-19 -0.30115988E+02
  0.55600000E+01  0.99443487E-19 -0.30191420E+02
  0.55700000E+01  0.99923055E-19 -0.30266999E+02
  0.55800000E+01  0.10039459E-18 -0.30342725E+02
  0.55900000E+01  0.10085803E-18 -0.30418600E+02
  0.56000000E+01  0.10131336E-18 -0.30494623E+02
  0.56100000E+01  0.10176053E-18 -0.30570797E+02
  0.56200000E+01  0.10219953E-18 -0.30647120E+02
  0.56300000E+01  0.10263032E-18 -0.30723594E+02
  0.56400000E+01  0.10305292E-18 -0.30800220E+02
  0.56500000E+01  0.10346731E-18 -0.30876998E+02
  0.56600000E+01  0.10387351E-18 -0.30953929E+02
  0.56700000E+01  0.10427152E-18 -0.31031014E+02
  0.56800000E+01  0.10466137E-18 -0.31108253E+02
  0.56900000E+01  0.10504308E-18 -0.31185647E+02
  0.57000000E+01  0.10541670E-18 -0.31263196E+02
  0.57100000E+01  0.10578226E-18 -0.31340902E+02
  0.57200000E+01  0.10613983E-18 -0.31418765E+02
  0.57300000E+01  0.10648946E-18 -0.31496786E+02
  0.57400000E+01  0.10683121E-18 -0.31574966E+02
  0.57500000E+01  0.10716517E-18 -0.31653304E+02
  0.57600000E+01  0.10749141E-18 -0.31731803E+02
  0.57700000E+01  0.10781003E-18 -0.31810462E+02
  0.57800000E+01  0.10812112E-18 -0.31889282E+02
  0.57900000E+01  0.10842478E-18 -0.31968265E+02
  0.58000000E+01  0.10872114E-18 -0.32047410E+02
  0.58100000E+01  0.10901030E-18 -0.32126719E+02
  0.58200000E+01  0.10929239E-18 -0.32206192E+02
  0.58300000E+01  0.10956755E-18 -0.32285831E+02
  0.58400000E+01  0.10983592E-18 -0.32365635E+02
  0.58500000E+01  0.11009764E-18 -0.32445606E+02
  0.58600000E+01  0.11035286E-18 -0.32525744E+02
  0.58700000E+01  0.11060176E-18 -0.32606050E+02
  0.58800000E+01  0.11084449E-18 -0.32686525E+02
  0.58900000E+01  0.11108123E-18 -0.32767169E+02
  0.59000000E+01  0.11131216E-18 -0.32847985E+02
  0.59100000E+01  0.11153746E-18 -0.32928971E+02
  0.59200000E+01  0.11175732E-18 -0.33010129E+02
  0.59300000E+01  0.11197195E-18 -0.33091460E+02
  0.59400000E+01  0.11218154E-18 -0.33172965E+02
  0.59500000E+01  0.11238631E-18 -0.33254644E+02
  0.59600000E+01  0.11258646E-18 -0.33336498E+02
  0.59700000E+01  0.11278222E-18 -0.33418529E+02
  0.59800000E+01  0.11297381E-18 -0.33500736E+02
  0.59900000E+01  0.11316146E-18 -0.33583121E+02
  0.60000000E+01  0.11334539E-18 -0.33665684E+02
