  0.20000000E+00 -0.17028039E-11  0.34039838E-11
  0.21000000E+00 -0.18784962E-11  0.35494095E-11
  0.22000000E+00 -0.20669191E-11  0.36814861E-11
  0.23000000E+00 -0.22613521E-11  0.38020164E-11
  0.24000000E+00 -0.24549304E-11  0.39143197E-11
  0.25000000E+00 -0.26431779E-11  0.40196396E-11
  0.26000000E+00 -0.28256921E-11  0.41188833E-11
  0.27000000E+00 -0.30063451E-11  0.42157836E-11
  0.28000000E+00 -0.31919048E-11  0.43155832E-11
  0.29000000E+00 -0.33895678E-11  0.44194770E-11
  0.30000000E+00 -0.36043146E-11  0.45217100E-11
  0.31000000E+00 -0.38370633E-11  0.46136982E-11
  0.32000000E+00 -0.40842607E-11  0.46904289E-11
  0.33000000E+00 -0.43389622E-11  0.47526150E-11
  0.34000000E+00 -0.45929270E-11  0.48037832E-11
  0.35000000E+00 -0.48390328E-11  0.48467767E-11
  0.36000000E+00 -0.50733874E-11  0.48827766E-11
  0.37000000E+00 -0.52966916E-11  0.49117476E-11
  0.38000000E+00 -0.55145031E-11  0.49348121E-11
  0.39000000E+00 -0.57361158E-11  0.49569031E-11
  0.40000000E+00 -0.59719817E-11  0.49839283E-11
  0.41000000E+00 -0.62301106E-11  0.50153659E-11
  0.42000000E+00 -0.65124985E-11  0.50412169E-11
  0.43000000E+00 -0.68130291E-11  0.50487488E-11
  0.44000000E+00 -0.71180965E-11  0.50318918E-11
  0.45000000E+00 -0.74103864E-11  0.49931243E-11
  0.46000000E+00 -0.76750221E-11  0.49380807E-11
  0.47000000E+00 -0.79060760E-11  0.48705375E-11
  0.48000000E+00 -0.81107400E-11  0.47956532E-11
  0.49000000E+00 -0.83087320E-11  0.47277687E-11
  0.50000000E+00 -0.85260398E-11  0.46853097E-11
  0.51000000E+00 -0.87845579E-11  0.46705505E-11
  0.52000000E+00 -0.90915659E-11  0.46588974E-11
  0.53000000E+00 -0.94339599E-11  0.46141312E-11
  0.54000000E+00 -0.97807999E-11  0.45142342E-11
  0.55000000E+00 -0.10094329E-10  0.43627208E-11
  0.56000000E+00 -0.10345625E-10  0.41810870E-11
  0.57000000E+00 -0.10528372E-10  0.39962111E-11
  0.58000000E+00 -0.10664290E-10  0.38320221E-11
  0.59000000E+00 -0.10796736E-10  0.37062866E-11
  0.60000000E+00 -0.10973928E-10  0.36273269E-11
  0.61000000E+00 -0.11228071E-10  0.35824834E-11
  0.62000000E+00 -0.11559367E-10  0.35293046E-11
  0.63000000E+00 -0.11932712E-10  0.34123444E-11
  0.64000000E+00 -0.12289908E-10  0.32004320E-11
  0.65000000E+00 -0.12573269E-10  0.29109087E-11
  0.66000000E+00 -0.12750829E-10  0.25985187E-11
  0.67000000E+00 -0.12831904E-10  0.23215642E-11
  0.68000000E+00 -0.12865437E-10  0.21128515E-11
  0.69000000E+00 -0.12920939E-10  0.19722531E-11
  0.70000000E+00 -0.13059562E-10  0.18776991E-11
  0.71000000E+00 -0.13307452E-10  0.17930552E-11
  0.72000000E+00 -0.13643058E-10  0.16668765E-11
  0.73000000E+00 -0.14004429E-10  0.14466024E-11
  0.74000000E+00 -0.14314054E-10  0.11156823E-11
  0.75000000E+00 -0.14511019E-10  0.71696892E-12
  0.76000000E+00 -0.14576756E-10  0.32903402E-12
  0.77000000E+00 -0.14543232E-10  0.15656626E-13
  0.78000000E+00 -0.14479991E-10 -0.20530946E-12
  0.79000000E+00 -0.14465655E-10 -0.35826973E-12
  0.80000000E+00 -0.14555972E-10 -0.48833125E-12
  0.81000000E+00 -0.14761627E-10 -0.64215472E-12
  0.82000000E+00 -0.15044535E-10 -0.85905134E-12
  0.83000000E+00 -0.15333547E-10 -0.11638407E-11
  0.84000000E+00 -0.15552703E-10 -0.15526164E-11
  0.85000000E+00 -0.15650509E-10 -0.19828386E-11
  0.86000000E+00 -0.15618825E-10 -0.23890840E-11
  0.87000000E+00 -0.15494606E-10 -0.27217631E-11
  0.88000000E+00 -0.15344735E-10 -0.29746080E-11
  0.89000000E+00 -0.15240594E-10 -0.31770917E-11
  0.90000000E+00 -0.15232239E-10 -0.33677596E-11
  0.91000000E+00 -0.15331320E-10 -0.35765078E-11
  0.92000000E+00 -0.15507976E-10 -0.38244463E-11
  0.93000000E+00 -0.15701917E-10 -0.41298902E-11
  0.94000000E+00 -0.15843411E-10 -0.45024472E-11
  0.95000000E+00 -0.15877119E-10 -0.49252129E-11
  0.96000000E+00 -0.15781108E-10 -0.53522153E-11
  0.97000000E+00 -0.15574910E-10 -0.57351885E-11
  0.98000000E+00 -0.15313820E-10 -0.60514934E-11
  0.99000000E+00 -0.15070875E-10 -0.63048794E-11
  0.10000000E+01 -0.14911974E-10 -0.65112616E-11
  0.10100000E+01 -0.14872191E-10 -0.66947619E-11
  0.10200000E+01 -0.14941557E-10 -0.68920691E-11
  0.10300000E+01 -0.15066127E-10 -0.71477481E-11
  0.10400000E+01 -0.15165259E-10 -0.74943610E-11
  0.10500000E+01 -0.15160110E-10 -0.79267358E-11
  0.10600000E+01 -0.15003446E-10 -0.83941433E-11
  0.10700000E+01 -0.14699316E-10 -0.88254040E-11
  0.10800000E+01 -0.14304171E-10 -0.91673883E-11
  0.10900000E+01 -0.13907786E-10 -0.94061121E-11
  0.11000000E+01 -0.13600382E-10 -0.95630844E-11
  0.11100000E+01 -0.13438209E-10 -0.96819925E-11
  0.11200000E+01 -0.13420996E-10 -0.98195332E-11
  0.11300000E+01 -0.13490513E-10 -0.10034085E-10
  0.11400000E+01 -0.13551410E-10 -0.10361140E-10
  0.11500000E+01 -0.13506765E-10 -0.10786926E-10
  0.11600000E+01 -0.13294770E-10 -0.11247551E-10
  0.11700000E+01 -0.12912414E-10 -0.11662478E-10
  0.11800000E+01 -0.12417039E-10 -0.11976213E-10
  0.11900000E+01 -0.11905341E-10 -0.12177712E-10
  0.12000000E+01 -0.11477931E-10 -0.12293451E-10
  0.12100000E+01 -0.11202779E-10 -0.12369833E-10
  0.12200000E+01 -0.11090847E-10 -0.12459800E-10
  0.12300000E+01 -0.11092409E-10 -0.12614101E-10
  0.12400000E+01 -0.11115017E-10 -0.12866883E-10
  0.12500000E+01 -0.11056467E-10 -0.13215745E-10
  0.12600000E+01 -0.10841056E-10 -0.13614416E-10
  0.12700000E+01 -0.10446434E-10 -0.13992868E-10
  0.12800000E+01 -0.99118057E-11 -0.14292147E-10
  0.12900000E+01 -0.93246929E-11 -0.14486335E-10
  0.13000000E+01 -0.87908780E-11 -0.14582786E-10
  0.13100000E+01 -0.83977555E-11 -0.14612784E-10
  0.13200000E+01 -0.81835874E-11 -0.14623499E-10
  0.13300000E+01 -0.81233101E-11 -0.14670817E-10
  0.13400000E+01 -0.81361964E-11 -0.14806339E-10
  0.13500000E+01 -0.81133356E-11 -0.15054559E-10
  0.13600000E+01 -0.79558471E-11 -0.15391673E-10
  0.13700000E+01 -0.76104920E-11 -0.15749431E-10
  0.13800000E+01 -0.70897500E-11 -0.16048658E-10
  0.13900000E+01 -0.64686908E-11 -0.16236334E-10
  0.14000000E+01 -0.58593073E-11 -0.16302179E-10
  0.14100000E+01 -0.53712417E-11 -0.16274415E-10
  0.14200000E+01 -0.50728679E-11 -0.16205741E-10
  0.14300000E+01 -0.49666734E-11 -0.16158461E-10
  0.14400000E+01 -0.49878465E-11 -0.16191276E-10
  0.14500000E+01 -0.50267532E-11 -0.16342273E-10
  0.14600000E+01 -0.49674393E-11 -0.16605862E-10
  0.14700000E+01 -0.47285117E-11 -0.16923096E-10
  0.14800000E+01 -0.42918891E-11 -0.17208008E-10
  0.14900000E+01 -0.37093495E-11 -0.17393623E-10
  0.15000000E+01 -0.30848101E-11 -0.17458282E-10
  0.15100000E+01 -0.25387531E-11 -0.17420812E-10
  0.15200000E+01 -0.21671106E-11 -0.17322447E-10
  0.15300000E+01 -0.20084521E-11 -0.17213833E-10
  0.15400000E+01 -0.20303807E-11 -0.17150917E-10
  0.15500000E+01 -0.21397845E-11 -0.17187793E-10
  0.15600000E+01 -0.22138824E-11 -0.17352993E-10
  0.15700000E+01 -0.21420252E-11 -0.17621180E-10
  0.15800000E+01 -0.18642181E-11 -0.17916066E-10
  0.15900000E+01 -0.13929266E-11 -0.18152261E-10
  0.16000000E+01 -0.81011495E-12 -0.18275808E-10
  0.16100000E+01 -0.23997113E-12 -0.18274842E-10
  0.16200000E+01  0.19360946E-12 -0.18173124E-10
  0.16300000E+01  0.41013804E-12 -0.18022083E-10
  0.16400000E+01  0.40110339E-12 -0.17891593E-10
  0.16500000E+01  0.23370990E-12 -0.17854311E-10
  0.16600000E+01  0.28120520E-13 -0.17959082E-10
  0.16700000E+01 -0.84005016E-13 -0.18201170E-10
  0.16800000E+01 -0.50711315E-14 -0.18515389E-10
  0.16900000E+01  0.29488858E-12 -0.18808962E-10
  0.17000000E+01  0.76824754E-12 -0.19008925E-10
  0.17100000E+01  0.13063983E-11 -0.19086638E-10
  0.17200000E+01  0.17766441E-11 -0.19056202E-10
  0.17300000E+01  0.20665934E-11 -0.18960551E-10
  0.17400000E+01  0.21214660E-11 -0.18854938E-10
  0.17500000E+01  0.19624937E-11 -0.18797281E-10
  0.17600000E+01  0.16806343E-11 -0.18842363E-10
  0.17700000E+01  0.14073495E-11 -0.19025725E-10
  0.17800000E+01  0.12713945E-11 -0.19338894E-10
  0.17900000E+01  0.13554735E-11 -0.19719700E-10
  0.18000000E+01  0.16674068E-11 -0.20076015E-10
  0.18100000E+01  0.21362321E-11 -0.20328849E-10
  0.18200000E+01  0.26353660E-11 -0.20445563E-10
  0.18300000E+01  0.30253898E-11 -0.20446750E-10
  0.18400000E+01  0.32018357E-11 -0.20390122E-10
  0.18500000E+01  0.31313491E-11 -0.20349852E-10
  0.18600000E+01  0.28635906E-11 -0.20399565E-10
  0.18700000E+01  0.25147286E-11 -0.20592330E-10
  0.18800000E+01  0.22282869E-11 -0.20939265E-10
  0.18900000E+01  0.21269184E-11 -0.21397478E-10
  0.19000000E+01  0.22716212E-11 -0.21881246E-10
  0.19100000E+01  0.26420268E-11 -0.22301323E-10
  0.19200000E+01  0.31439057E-11 -0.22606580E-10
  0.19300000E+01  0.36408280E-11 -0.22795912E-10
  0.19400000E+01  0.39992469E-11 -0.22901982E-10
  0.19500000E+01  0.41324264E-11 -0.22973972E-10
  0.19600000E+01  0.40293188E-11 -0.23071980E-10
  0.19700000E+01  0.37591540E-11 -0.23261368E-10
  0.19800000E+01  0.34498408E-11 -0.23596217E-10
  0.19900000E+01  0.32465390E-11 -0.24091133E-10
  0.20000000E+01  0.32636210E-11 -0.24697623E-10
  0.20100000E+01  0.35461821E-11 -0.25317279E-10
  0.20200000E+01  0.40546142E-11 -0.25853194E-10
  0.20300000E+01  0.46779529E-11 -0.26255566E-10
  0.20400000E+01  0.52715230E-11 -0.26530579E-10
  0.20500000E+01  0.57058483E-11 -0.26724751E-10
  0.20600000E+01  0.59100954E-11 -0.26905477E-10
  0.20700000E+01  0.58955889E-11 -0.27142898E-10
  0.20800000E+01  0.57519297E-11 -0.27494599E-10
  0.20900000E+01  0.56173825E-11 -0.27992645E-10
  0.21000000E+01  0.56335042E-11 -0.28628233E-10
  0.21100000E+01  0.58989824E-11 -0.29341485E-10
  0.21200000E+01  0.64377962E-11 -0.30038197E-10
  0.21300000E+01  0.71920145E-11 -0.30635407E-10
  0.21400000E+01  0.80413935E-11 -0.31099703E-10
  0.21500000E+01  0.88431996E-11 -0.31448449E-10
  0.21600000E+01  0.94792743E-11 -0.31726972E-10
  0.21700000E+01  0.98951690E-11 -0.31990558E-10
  0.21800000E+01  0.10118647E-10 -0.32300700E-10
  0.21900000E+01  0.10251201E-10 -0.32720112E-10
  0.22000000E+01  0.10434840E-10 -0.33289426E-10
  0.22100000E+01  0.10804811E-10 -0.33994713E-10
  0.22200000E+01  0.11444312E-10 -0.34755970E-10
  0.22300000E+01  0.12357023E-10 -0.35459122E-10
  0.22400000E+01  0.13467017E-10 -0.36019012E-10
  0.22500000E+01  0.14645567E-10 -0.36423119E-10
  0.22600000E+01  0.15754820E-10 -0.36719843E-10
  0.22700000E+01  0.16693165E-10 -0.36973599E-10
  0.22800000E+01  0.17427703E-10 -0.37233501E-10
  0.22900000E+01  0.18004219E-10 -0.37533785E-10
  0.23000000E+01  0.18532080E-10 -0.37909319E-10
  0.23100000E+01  0.19148631E-10 -0.38395184E-10
  0.23200000E+01  0.19973814E-10 -0.38993444E-10
  0.23300000E+01  0.21069634E-10 -0.39636715E-10
  0.23400000E+01  0.22418669E-10 -0.40203106E-10
  0.23500000E+01  0.23929985E-10 -0.40589365E-10
  0.23600000E+01  0.25470817E-10 -0.40781217E-10
  0.23700000E+01  0.26912412E-10 -0.40853384E-10
  0.23800000E+01  0.28173336E-10 -0.40902548E-10
  0.23900000E+01  0.29245360E-10 -0.40985712E-10
  0.24000000E+01  0.30194255E-10 -0.41115317E-10
  0.24100000E+01  0.31136518E-10 -0.41292693E-10
  0.24200000E+01  0.32200085E-10 -0.41530276E-10
  0.24300000E+01  0.33481314E-10 -0.41831640E-10
  0.24400000E+01  0.35011805E-10 -0.42146440E-10
  0.24500000E+01  0.36746438E-10 -0.42362633E-10
  0.24600000E+01  0.38577850E-10 -0.42373348E-10
  0.24700000E+01  0.40373219E-10 -0.42166372E-10
  0.24800000E+01  0.42020379E-10 -0.41837936E-10
  0.24900000E+01  0.43466287E-10 -0.41508522E-10
  0.25000000E+01  0.44733976E-10 -0.41236066E-10
  0.25100000E+01  0.45912700E-10 -0.41012258E-10
  0.25200000E+01  0.47125615E-10 -0.40815957E-10
  0.25300000E+01  0.48486374E-10 -0.40646139E-10
  0.25400000E+01  0.50058846E-10 -0.40498648E-10
  0.25500000E+01  0.51833177E-10 -0.40317703E-10
  0.25600000E+01  0.53726768E-10 -0.39991619E-10
  0.25700000E+01  0.55611035E-10 -0.39430771E-10
  0.25800000E+01  0.57355518E-10 -0.38661592E-10
  0.25900000E+01  0.58873757E-10 -0.37814978E-10
  0.26000000E+01  0.60153875E-10 -0.37010765E-10
  0.26100000E+01  0.61262437E-10 -0.36280295E-10
  0.26200000E+01  0.62320166E-10 -0.35598540E-10
  0.26300000E+01  0.63458171E-10 -0.34947778E-10
  0.26400000E+01  0.64769759E-10 -0.34324740E-10
  0.26500000E+01  0.66274274E-10 -0.33695262E-10
  0.26600000E+01  0.67905815E-10 -0.32963521E-10
  0.26700000E+01  0.69531958E-10 -0.32016568E-10
  0.26800000E+01  0.70997428E-10 -0.30829130E-10
  0.26900000E+01  0.72178124E-10 -0.29507903E-10
  0.27000000E+01  0.73026094E-10 -0.28199790E-10
  0.27100000E+01  0.73588511E-10 -0.26982254E-10
  0.27200000E+01  0.73992861E-10 -0.25863985E-10
  0.27300000E+01  0.74402630E-10 -0.24842975E-10
  0.27400000E+01  0.74958275E-10 -0.23915383E-10
  0.27500000E+01  0.75723708E-10 -0.23034297E-10
  0.27600000E+01  0.76657469E-10 -0.22088175E-10
  0.27700000E+01  0.77620209E-10 -0.20948654E-10
  0.27800000E+01  0.78418011E-10 -0.19568188E-10
  0.27900000E+01  0.78868000E-10 -0.18026477E-10
  0.28000000E+01  0.78863636E-10 -0.16463398E-10
  0.28100000E+01  0.78415902E-10 -0.14993299E-10
  0.28200000E+01  0.77654333E-10 -0.13694076E-10
  0.28300000E+01  0.76785718E-10 -0.12618537E-10
  0.28400000E+01  0.76023296E-10 -0.11768478E-10
  0.28500000E+01  0.75510161E-10 -0.11066319E-10
  0.28600000E+01  0.75263722E-10 -0.10372621E-10
  0.28700000E+01  0.75162118E-10 -0.95504737E-11
  0.28800000E+01  0.74979828E-10 -0.85318697E-11
  0.28900000E+01  0.74462552E-10 -0.73357571E-11
  0.29000000E+01  0.73416494E-10 -0.60543288E-11
  0.29100000E+01  0.71780441E-10 -0.48447881E-11
  0.29200000E+01  0.69653701E-10 -0.38916190E-11
  0.29300000E+01  0.67267936E-10 -0.33206688E-11
  0.29400000E+01  0.64910968E-10 -0.31367928E-11
  0.29500000E+01  0.62828276E-10 -0.32371741E-11
  0.29600000E+01  0.61136555E-10 -0.34739350E-11
  0.29700000E+01  0.59780409E-10 -0.37105793E-11
  0.29800000E+01  0.58548879E-10 -0.38419652E-11
  0.29900000E+01  0.57147943E-10 -0.38093241E-11
  0.30000000E+01  0.55304926E-10 -0.36494119E-11
  0.30100000E+01  0.52868165E-10 -0.35300407E-11
  0.30200000E+01  0.49865523E-10 -0.36940033E-11
  0.30300000E+01  0.46499512E-10 -0.43334412E-11
  0.30400000E+01  0.43080139E-10 -0.54972685E-11
  0.30500000E+01  0.39920113E-10 -0.70947311E-11
  0.30600000E+01  0.37230937E-10 -0.89643343E-11
  0.30700000E+01  0.35057387E-10 -0.10943141E-10
  0.30800000E+01  0.33272699E-10 -0.12909450E-10
  0.30900000E+01  0.31634117E-10 -0.14804587E-10
  0.31000000E+01  0.29876864E-10 -0.16643756E-10
  0.31100000E+01  0.27811611E-10 -0.18525232E-10
  0.31200000E+01  0.25390580E-10 -0.20624128E-10
  0.31300000E+01  0.22720338E-10 -0.23129598E-10
  0.31400000E+01  0.20020474E-10 -0.26136386E-10
  0.31500000E+01  0.17548170E-10 -0.29588572E-10
  0.31600000E+01  0.15520124E-10 -0.33333960E-10
  0.31700000E+01  0.14060509E-10 -0.37226844E-10
  0.31800000E+01  0.13188745E-10 -0.41192023E-10
  0.31900000E+01  0.12842204E-10 -0.45223987E-10
  0.32000000E+01  0.12916168E-10 -0.49347893E-10
  0.32100000E+01  0.13301944E-10 -0.53582350E-10
  0.32200000E+01  0.13912260E-10 -0.57928407E-10
  0.32300000E+01  0.14694421E-10 -0.62381171E-10
  0.32400000E+01  0.15638713E-10 -0.66939081E-10
  0.32500000E+01  0.16788479E-10 -0.71602270E-10
  0.32600000E+01  0.18250519E-10 -0.76380654E-10
  0.32700000E+01  0.20195813E-10 -0.81308982E-10
  0.32800000E+01  0.22837694E-10 -0.86434058E-10
  0.32900000E+01  0.26381859E-10 -0.91768335E-10
  0.33000000E+01  0.30958488E-10 -0.97244994E-10
  0.33100000E+01  0.36563361E-10 -0.10270353E-09
  0.33200000E+01  0.43041196E-10 -0.10791413E-09
  0.33300000E+01  0.50132422E-10 -0.11265758E-09
  0.33400000E+01  0.57576022E-10 -0.11685813E-09
  0.33500000E+01  0.65228867E-10 -0.12067268E-09
  0.33600000E+01  0.73144996E-10 -0.12441247E-09
  0.33700000E+01  0.81569996E-10 -0.12833457E-09
  0.33800000E+01  0.90844250E-10 -0.13247685E-09
  0.33900000E+01  0.10125586E-09 -0.13662764E-09
  0.34000000E+01  0.11291361E-09 -0.14041080E-09
  0.34100000E+01  0.12570370E-09 -0.14344258E-09
  0.34200000E+01  0.13935278E-09 -0.14550298E-09
  0.34300000E+01  0.15356416E-09 -0.14665228E-09
  0.34400000E+01  0.16815562E-09 -0.14718954E-09
  0.34500000E+01  0.18312625E-09 -0.14742207E-09
  0.34600000E+01  0.19861889E-09 -0.14744570E-09
  0.34700000E+01  0.21480193E-09 -0.14712220E-09
  0.34800000E+01  0.23173823E-09 -0.14616385E-09
  0.34900000E+01  0.24931616E-09 -0.14422653E-09
  0.35000000E+01  0.26728272E-09 -0.14105885E-09
  0.35100000E+01  0.28536122E-09 -0.13666557E-09
  0.35200000E+01  0.30338745E-09 -0.13133187E-09
  0.35300000E+01  0.32138567E-09 -0.12543720E-09
  0.35400000E+01  0.33953640E-09 -0.11918099E-09
  0.35500000E+01  0.35804635E-09 -0.11245649E-09
  0.35600000E+01  0.37698490E-09 -0.10494090E-09
  0.35700000E+01  0.39617275E-09 -0.96260901E-10
  0.35800000E+01  0.41518462E-09 -0.86145447E-10
  0.35900000E+01  0.43347183E-09 -0.74544852E-10
  0.36000000E+01  0.45055080E-09 -0.61669907E-10
  0.36100000E+01  0.46616933E-09 -0.47930642E-10
  0.36200000E+01  0.48037249E-09 -0.33772051E-10
  0.36300000E+01  0.49343728E-09 -0.19467688E-10
  0.36400000E+01  0.50570703E-09 -0.49914489E-11
  0.36500000E+01  0.51740218E-09  0.99534278E-11
  0.36600000E+01  0.52849135E-09  0.25731819E-10
  0.36700000E+01  0.53867514E-09  0.42524632E-10
  0.36800000E+01  0.54748201E-09  0.60230869E-10
  0.36900000E+01  0.55442821E-09  0.78575960E-10
  0.37000000E+01  0.55917290E-09  0.97273972E-10
  0.37100000E+01  0.56161035E-09  0.11607311E-09
  0.37200000E+01  0.56187480E-09  0.13470866E-09
  0.37300000E+01  0.56027231E-09  0.15293111E-09
  0.37400000E+01  0.55718052E-09  0.17065806E-09
  0.37500000E+01  0.55296169E-09  0.18805115E-09
  0.37600000E+01  0.54791747E-09  0.20532819E-09
  0.37700000E+01  0.54228824E-09  0.22245671E-09
  0.37800000E+01  0.53628043E-09  0.23913692E-09
  0.37900000E+01  0.53010218E-09  0.25518554E-09
  0.38000000E+01  0.52399825E-09  0.27082717E-09
  0.38100000E+01  0.51828544E-09  0.28645410E-09
  0.38200000E+01  0.51338967E-09  0.30215782E-09
  0.38300000E+01  0.50987654E-09  0.31770480E-09
  0.38400000E+01  0.50845902E-09  0.33301265E-09
  0.38500000E+01  0.50996805E-09  0.34844340E-09
  0.38600000E+01  0.51528365E-09  0.36456012E-09
  0.38700000E+01  0.52523534E-09  0.38181870E-09
  0.38800000E+01  0.54048351E-09  0.40065051E-09
  0.38900000E+01  0.56138642E-09  0.42168442E-09
  0.39000000E+01  0.58784698E-09  0.44570999E-09
  0.39100000E+01  0.61912506E-09  0.47350259E-09
  0.39200000E+01  0.65360023E-09  0.50576777E-09
  0.39300000E+01  0.68848061E-09  0.54311839E-09
  0.39400000E+01  0.71948429E-09  0.58597251E-09
  0.39500000E+01  0.74057600E-09  0.63445772E-09
  0.39600000E+01  0.74391657E-09  0.68830284E-09
  0.39700000E+01  0.72024644E-09  0.74663259E-09
  0.39800000E+01  0.65992160E-09  0.80769565E-09
  0.39900000E+01  0.55469417E-09  0.86853047E-09
  0.40000000E+01  0.40005935E-09  0.92463406E-09
  0.40100000E+01  0.19763670E-09  0.96981065E-09
  0.40200000E+01 -0.43229117E-10  0.99644828E-09
  0.40300000E+01 -0.30548171E-09  0.99665896E-09
  0.40400000E+01 -0.56644402E-09  0.96463010E-09
  0.40500000E+01 -0.80175427E-09  0.89972730E-09
  0.40600000E+01 -0.99015915E-09  0.80841316E-09
  0.40700000E+01 -0.11177322E-08  0.70266659E-09
  0.40800000E+01 -0.11802091E-08  0.59529287E-09
  0.40900000E+01 -0.11828049E-08  0.49564167E-09
  0.41000000E+01 -0.11377926E-08  0.40831845E-09
  0.41100000E+01 -0.10608547E-08  0.33428111E-09
  0.41200000E+01 -0.96746265E-09  0.27251996E-09
  0.41300000E+01 -0.87026515E-09  0.22130377E-09
  0.41400000E+01 -0.77789638E-09  0.17884655E-09
  0.41500000E+01 -0.69505031E-09  0.14357251E-09
  0.41600000E+01 -0.62333785E-09  0.11416494E-09
  0.41700000E+01 -0.56239580E-09  0.89527157E-10
  0.41800000E+01 -0.51086637E-09  0.68738824E-10
  0.41900000E+01 -0.46707750E-09  0.51040810E-10
  0.42000000E+01 -0.42942171E-09  0.35834231E-10
  0.42100000E+01 -0.39651620E-09  0.22661801E-10
  0.42200000E+01 -0.36724011E-09  0.11179833E-10
  0.42300000E+01 -0.34072059E-09  0.11308342E-11
  0.42400000E+01 -0.31630631E-09 -0.76757586E-11
  0.42500000E+01 -0.29354134E-09 -0.15367481E-10
  0.42600000E+01 -0.27213872E-09 -0.22028721E-10
  0.42700000E+01 -0.25194857E-09 -0.27714176E-10
  0.42800000E+01 -0.23291791E-09 -0.32474309E-10
  0.42900000E+01 -0.21504413E-09 -0.36398519E-10
  0.43000000E+01 -0.19832890E-09 -0.39605096E-10
  0.43100000E+01 -0.18274134E-09 -0.42220990E-10
  0.43200000E+01 -0.16819774E-09 -0.44369327E-10
  0.43300000E+01 -0.15456092E-09 -0.46131617E-10
  0.43400000E+01 -0.14165723E-09 -0.47556629E-10
  0.43500000E+01 -0.12930502E-09 -0.48686668E-10
  0.43600000E+01 -0.11734687E-09 -0.49533472E-10
  0.43700000E+01 -0.10567713E-09 -0.50075011E-10
  0.43800000E+01 -0.94258132E-10 -0.50287419E-10
  0.43900000E+01 -0.83120466E-10 -0.50140683E-10
  0.44000000E+01 -0.72346854E-10 -0.49597540E-10
  0.44100000E+01 -0.62043282E-10 -0.48668551E-10
  0.44200000E+01 -0.52305015E-10 -0.47421714E-10
  0.44300000E+01 -0.43186707E-10 -0.45928030E-10
  0.44400000E+01 -0.34684542E-10 -0.44249174E-10
  0.44500000E+01 -0.26734549E-10 -0.42446299E-10
  0.44600000E+01 -0.19226612E-10 -0.40560099E-10
  0.44700000E+01 -0.12029822E-10 -0.38600657E-10
  0.44800000E+01 -0.50225391E-11 -0.36559923E-10
  0.44900000E+01  0.18800987E-11 -0.34420691E-10
  0.45000000E+01  0.87077966E-11 -0.32151813E-10
  0.45100000E+01  0.15430459E-10 -0.29704981E-10
  0.45200000E+01  0.21968742E-10 -0.27034620E-10
  0.45300000E+01  0.28217278E-10 -0.24136130E-10
  0.45400000E+01  0.34074387E-10 -0.21054531E-10
  0.45500000E+01  0.39470155E-10 -0.17849501E-10
  0.45600000E+01  0.44385361E-10 -0.14567402E-10
  0.45700000E+01  0.48856644E-10 -0.11247127E-10
  0.45800000E+01  0.52967303E-10 -0.79351621E-11
  0.45900000E+01  0.56826767E-10 -0.46638417E-11
  0.46000000E+01  0.60544184E-10 -0.14151802E-11
  0.46100000E+01  0.64202571E-10  0.18539254E-11
  0.46200000E+01  0.67839688E-10  0.51617839E-11
  0.46300000E+01  0.71440332E-10  0.85187287E-11
  0.46400000E+01  0.74942196E-10  0.11974172E-10
  0.46500000E+01  0.78253919E-10  0.15587357E-10
  0.46600000E+01  0.81280501E-10  0.19336610E-10
  0.46700000E+01  0.83949063E-10  0.23121993E-10
  0.46800000E+01  0.86228038E-10  0.26885397E-10
  0.46900000E+01  0.88135077E-10  0.30643425E-10
  0.47000000E+01  0.89732243E-10  0.34388897E-10
  0.47100000E+01  0.91110335E-10  0.38054056E-10
  0.47200000E+01  0.92366529E-10  0.41592403E-10
  0.47300000E+01  0.93581003E-10  0.45048844E-10
  0.47400000E+01  0.94798256E-10  0.48518091E-10
  0.47500000E+01  0.96017713E-10  0.52037453E-10
  0.47600000E+01  0.97195863E-10  0.55564959E-10
  0.47700000E+01  0.98259320E-10  0.59085113E-10
  0.47800000E+01  0.99125441E-10  0.62666081E-10
  0.47900000E+01  0.99724986E-10  0.66347539E-10
  0.48000000E+01  0.10002060E-09  0.70031576E-10
  0.48100000E+01  0.10001616E-09  0.73584302E-10
  0.48200000E+01  0.99755000E-10  0.77000086E-10
  0.48300000E+01  0.99308372E-10  0.80359552E-10
  0.48400000E+01  0.98757786E-10  0.83681591E-10
  0.48500000E+01  0.98175632E-10  0.86907811E-10
  0.48600000E+01  0.97608322E-10  0.89994839E-10
  0.48700000E+01  0.97065970E-10  0.92987591E-10
  0.48800000E+01  0.96521632E-10  0.96007031E-10
  0.48900000E+01  0.95920653E-10  0.99125653E-10
  0.49000000E+01  0.95197257E-10  0.10226454E-09
  0.49100000E+01  0.94293040E-10  0.10529764E-09
  0.49200000E+01  0.93172056E-10  0.10822726E-09
  0.49300000E+01  0.91829248E-10  0.11114732E-09
  0.49400000E+01  0.90291168E-10  0.11406080E-09
  0.49500000E+01  0.88609226E-10  0.11685481E-09
  0.49600000E+01  0.86846769E-10  0.11945730E-09
  0.49700000E+01  0.85062975E-10  0.12191136E-09
  0.49800000E+01  0.83298234E-10  0.12429974E-09
  0.49900000E+01  0.81565674E-10  0.12667919E-09
  0.50000000E+01  0.79850970E-10  0.12905479E-09
  0.50100000E+01  0.78119277E-10  0.13136908E-09
  0.50200000E+01  0.76326135E-10  0.13357615E-09
  0.50300000E+01  0.74429419E-10  0.13572963E-09
  0.50400000E+01  0.72400252E-10  0.13790755E-09
  0.50500000E+01  0.70230844E-10  0.14007011E-09
  0.50600000E+01  0.67936807E-10  0.14209960E-09
  0.50700000E+01  0.65552422E-10  0.14395609E-09
  0.50800000E+01  0.63120079E-10  0.14569488E-09
  0.50900000E+01  0.60678122E-10  0.14736233E-09
  0.51000000E+01  0.58251921E-10  0.14896896E-09
  0.51100000E+01  0.55850595E-10  0.15052736E-09
  0.51200000E+01  0.53468491E-10  0.15202874E-09
  0.51300000E+01  0.51089061E-10  0.15342555E-09
  0.51400000E+01  0.48689819E-10  0.15471420E-09
  0.51500000E+01  0.46248529E-10  0.15597565E-09
  0.51600000E+01  0.43750384E-10  0.15725797E-09
  0.51700000E+01  0.41193770E-10  0.15848992E-09
  0.51800000E+01  0.38591074E-10  0.15957830E-09
  0.51900000E+01  0.35963004E-10  0.16051661E-09
  0.52000000E+01  0.33329315E-10  0.16135431E-09
  0.52100000E+01  0.30701619E-10  0.16213923E-09
  0.52200000E+01  0.28082347E-10  0.16291567E-09
  0.52300000E+01  0.25468910E-10  0.16369028E-09
  0.52400000E+01  0.22858324E-10  0.16437677E-09
  0.52500000E+01  0.20248659E-10  0.16487222E-09
  0.52600000E+01  0.17638233E-10  0.16521957E-09
  0.52700000E+01  0.15026467E-10  0.16558856E-09
  0.52800000E+01  0.12417975E-10  0.16604917E-09
  0.52900000E+01  0.98261253E-11  0.16646529E-09
  0.53000000E+01  0.72701328E-11  0.16666802E-09
  0.53100000E+01  0.47645125E-11  0.16665202E-09
  0.53200000E+01  0.23076658E-11  0.16656419E-09
  0.53300000E+01 -0.12061607E-12  0.16655955E-09
  0.53400000E+01 -0.25491716E-11  0.16667755E-09
  0.53500000E+01 -0.49999486E-11  0.16680084E-09
  0.53600000E+01 -0.74785639E-11  0.16672554E-09
  0.53700000E+01 -0.99763678E-11  0.16635536E-09
  0.53800000E+01 -0.12478278E-10  0.16585609E-09
  0.53900000E+01 -0.14966059E-10  0.16550386E-09
  0.54000000E+01 -0.17413970E-10  0.16533917E-09
  0.54100000E+01 -0.19785295E-10  0.16508932E-09
  0.54200000E+01 -0.22041113E-10  0.16448171E-09
  0.54300000E+01 -0.24161583E-10  0.16356064E-09
  0.54400000E+01 -0.26165047E-10  0.16265074E-09
  0.54500000E+01 -0.28107077E-10  0.16203206E-09
  0.54600000E+01 -0.30055944E-10  0.16168128E-09
  0.54700000E+01 -0.32060709E-10  0.16130839E-09
  0.54800000E+01 -0.34134492E-10  0.16060676E-09
  0.54900000E+01 -0.36261351E-10  0.15952181E-09
  0.55000000E+01 -0.38413875E-10  0.15834091E-09
  0.55100000E+01 -0.40561009E-10  0.15743431E-09
  0.55200000E+01 -0.42660001E-10  0.15683018E-09
  0.55300000E+01 -0.44648000E-10  0.15613430E-09
  0.55400000E+01 -0.46454624E-10  0.15493944E-09
  0.55500000E+01 -0.48037965E-10  0.15328287E-09
  0.55600000E+01 -0.49419877E-10  0.15165131E-09
  0.55700000E+01 -0.50688928E-10  0.15050924E-09
  0.55800000E+01 -0.51961814E-10  0.14985210E-09
  0.55900000E+01 -0.53327996E-10  0.14923701E-09
  0.56000000E+01 -0.54816587E-10  0.14819458E-09
  0.56100000E+01 -0.56404632E-10  0.14662796E-09
  0.56200000E+01 -0.58049578E-10  0.14490094E-09
  0.56300000E+01 -0.59710247E-10  0.14351468E-09
  0.56400000E+01 -0.61337831E-10  0.14260244E-09
  0.56500000E+01 -0.62854813E-10  0.14174600E-09
  0.56600000E+01 -0.64158480E-10  0.14035538E-09
  0.56700000E+01 -0.65165739E-10  0.13827594E-09
  0.56800000E+01 -0.65873485E-10  0.13601465E-09
  0.56900000E+01 -0.66384313E-10  0.13429498E-09
  0.57000000E+01 -0.66867667E-10  0.13336493E-09
  0.57100000E+01 -0.67477191E-10  0.13278181E-09
  0.57200000E+01 -0.68281828E-10  0.13183781E-09
  0.57300000E+01 -0.69256838E-10  0.13017149E-09
  0.57400000E+01 -0.70330180E-10  0.12806102E-09
  0.57500000E+01 -0.71434869E-10  0.12616660E-09
  0.57600000E+01 -0.72519888E-10  0.12491313E-09
  0.57700000E+01 -0.73519029E-10  0.12407236E-09
  0.57800000E+01 -0.74324213E-10  0.12294232E-09
  0.57900000E+01 -0.74811093E-10  0.12098467E-09
  0.58000000E+01 -0.74915616E-10  0.11839040E-09
  0.58100000E+01 -0.74704460E-10  0.11600115E-09
  0.58200000E+01 -0.74373421E-10  0.11455484E-09
  0.58300000E+01 -0.74159215E-10  0.11399970E-09
  0.58400000E+01 -0.74220326E-10  0.11356092E-09
  0.58500000E+01 -0.74570173E-10  0.11241994E-09
  0.58600000E+01 -0.75104769E-10  0.11038589E-09
  0.58700000E+01 -0.75691234E-10  0.10803765E-09
  0.58800000E+01 -0.76238501E-10  0.10619583E-09
  0.58900000E+01 -0.76696541E-10  0.10516886E-09
  0.59000000E+01 -0.77002477E-10  0.10447866E-09
  0.59100000E+01 -0.77045389E-10  0.10327876E-09
  0.59200000E+01 -0.76706154E-10  0.10110237E-09
  0.59300000E+01 -0.75955833E-10  0.98363611E-10
  0.59400000E+01 -0.74930703E-10  0.96092254E-10
  0.59500000E+01 -0.73905891E-10  0.95022027E-10
  0.59600000E+01 -0.73165303E-10  0.94923293E-10
  0.59700000E+01 -0.72851586E-10  0.94811691E-10
  0.59800000E+01 -0.72901992E-10  0.93758384E-10
  0.59900000E+01 -0.73112258E-10  0.91625090E-10
  0.60000000E+01 -0.73272235E-10  0.89169132E-10
