  0.20000000E+00  0.65165629E-11 -0.19661820E-10
  0.21000000E+00  0.71792494E-11 -0.20541971E-10
  0.22000000E+00  0.78836347E-11 -0.21370739E-10
  0.23000000E+00  0.86067704E-11 -0.22158359E-10
  0.24000000E+00  0.93271308E-11 -0.22920289E-10
  0.25000000E+00  0.10032522E-10 -0.23661644E-10
  0.26000000E+00  0.10724263E-10 -0.24383243E-10
  0.27000000E+00  0.11416158E-10 -0.25094702E-10
  0.28000000E+00  0.12128864E-10 -0.25811290E-10
  0.29000000E+00  0.12881967E-10 -0.26534718E-10
  0.30000000E+00  0.13686914E-10 -0.27243647E-10
  0.31000000E+00  0.14543413E-10 -0.27909858E-10
  0.32000000E+00  0.15440183E-10 -0.28521517E-10
  0.33000000E+00  0.16359005E-10 -0.29088761E-10
  0.34000000E+00  0.17279881E-10 -0.29628977E-10
  0.35000000E+00  0.18185512E-10 -0.30150424E-10
  0.36000000E+00  0.19064617E-10 -0.30648735E-10
  0.37000000E+00  0.19914558E-10 -0.31112717E-10
  0.38000000E+00  0.20743421E-10 -0.31538438E-10
  0.39000000E+00  0.21570470E-10 -0.31942903E-10
  0.40000000E+00  0.22423039E-10 -0.32354830E-10
  0.41000000E+00  0.23328733E-10 -0.32784700E-10
  0.42000000E+00  0.24304195E-10 -0.33208252E-10
  0.43000000E+00  0.25344461E-10 -0.33586878E-10
  0.44000000E+00  0.26418289E-10 -0.33898896E-10
  0.45000000E+00  0.27473782E-10 -0.34143818E-10
  0.46000000E+00  0.28454995E-10 -0.34324403E-10
  0.47000000E+00  0.29325084E-10 -0.34436890E-10
  0.48000000E+00  0.30086866E-10 -0.34492992E-10
  0.49000000E+00  0.30790075E-10 -0.34552643E-10
  0.50000000E+00  0.31518169E-10 -0.34701354E-10
  0.51000000E+00  0.32356152E-10 -0.34967428E-10
  0.52000000E+00  0.33351118E-10 -0.35275020E-10
  0.53000000E+00  0.34483488E-10 -0.35496074E-10
  0.54000000E+00  0.35664897E-10 -0.35542804E-10
  0.55000000E+00  0.36767941E-10 -0.35408884E-10
  0.56000000E+00  0.37678201E-10 -0.35148355E-10
  0.57000000E+00  0.38347114E-10 -0.34842610E-10
  0.58000000E+00  0.38821278E-10 -0.34579343E-10
  0.59000000E+00  0.39231843E-10 -0.34439053E-10
  0.60000000E+00  0.39744180E-10 -0.34474386E-10
  0.61000000E+00  0.40486456E-10 -0.34659858E-10
  0.62000000E+00  0.41487885E-10 -0.34854174E-10
  0.63000000E+00  0.42656370E-10 -0.34857475E-10
  0.64000000E+00  0.43809645E-10 -0.34544512E-10
  0.65000000E+00  0.44749870E-10 -0.33955355E-10
  0.66000000E+00  0.45350247E-10 -0.33265444E-10
  0.67000000E+00  0.45614574E-10 -0.32673594E-10
  0.68000000E+00  0.45681339E-10 -0.32299207E-10
  0.69000000E+00  0.45768260E-10 -0.32152763E-10
  0.70000000E+00  0.46079945E-10 -0.32172852E-10
  0.71000000E+00  0.46718475E-10 -0.32250417E-10
  0.72000000E+00  0.47636429E-10 -0.32218480E-10
  0.73000000E+00  0.48654051E-10 -0.31897667E-10
  0.74000000E+00  0.49534245E-10 -0.31224422E-10
  0.75000000E+00  0.50083082E-10 -0.30333061E-10
  0.76000000E+00  0.50231678E-10 -0.29477301E-10
  0.77000000E+00  0.50063621E-10 -0.28860819E-10
  0.78000000E+00  0.49776931E-10 -0.28533469E-10
  0.79000000E+00  0.49598836E-10 -0.28408298E-10
  0.80000000E+00  0.49691570E-10 -0.28341868E-10
  0.81000000E+00  0.50089208E-10 -0.28201112E-10
  0.82000000E+00  0.50689896E-10 -0.27886433E-10
  0.83000000E+00  0.51303139E-10 -0.27342359E-10
  0.84000000E+00  0.51729205E-10 -0.26588933E-10
  0.85000000E+00  0.51836524E-10 -0.25746378E-10
  0.86000000E+00  0.51606614E-10 -0.24992563E-10
  0.87000000E+00  0.51131983E-10 -0.24452708E-10
  0.88000000E+00  0.50572734E-10 -0.24120416E-10
  0.89000000E+00  0.50093139E-10 -0.23890919E-10
  0.90000000E+00  0.49804085E-10 -0.23657808E-10
  0.91000000E+00  0.49730733E-10 -0.23372353E-10
  0.92000000E+00  0.49812238E-10 -0.23027534E-10
  0.93000000E+00  0.49928465E-10 -0.22608866E-10
  0.94000000E+00  0.49941716E-10 -0.22087098E-10
  0.95000000E+00  0.49739923E-10 -0.21472117E-10
  0.96000000E+00  0.49269778E-10 -0.20845597E-10
  0.97000000E+00  0.48551873E-10 -0.20305554E-10
  0.98000000E+00  0.47674353E-10 -0.19893261E-10
  0.99000000E+00  0.46766476E-10 -0.19597185E-10
  0.10000000E+01  0.45958581E-10 -0.19401052E-10
  0.10100000E+01  0.45339346E-10 -0.19291055E-10
  0.10200000E+01  0.44923640E-10 -0.19224100E-10
  0.10300000E+01  0.44643079E-10 -0.19114323E-10
  0.10400000E+01  0.44365493E-10 -0.18866967E-10
  0.10500000E+01  0.43939548E-10 -0.18449228E-10
  0.10600000E+01  0.43250037E-10 -0.17937017E-10
  0.10700000E+01  0.42263037E-10 -0.17474715E-10
  0.10800000E+01  0.41042164E-10 -0.17180869E-10
  0.10900000E+01  0.39727854E-10 -0.17092346E-10
  0.11000000E+01  0.38486459E-10 -0.17179836E-10
  0.11100000E+01  0.37448451E-10 -0.17385126E-10
  0.11200000E+01  0.36659644E-10 -0.17629209E-10
  0.11300000E+01  0.36064316E-10 -0.17812324E-10
  0.11400000E+01  0.35526670E-10 -0.17850264E-10
  0.11500000E+01  0.34882218E-10 -0.17731677E-10
  0.11600000E+01  0.33999284E-10 -0.17539591E-10
  0.11700000E+01  0.32827272E-10 -0.17406092E-10
  0.11800000E+01  0.31414013E-10 -0.17434817E-10
  0.11900000E+01  0.29886691E-10 -0.17657584E-10
  0.12000000E+01  0.28404589E-10 -0.18049739E-10
  0.12100000E+01  0.27101714E-10 -0.18565632E-10
  0.12200000E+01  0.26040154E-10 -0.19146069E-10
  0.12300000E+01  0.25190436E-10 -0.19709262E-10
  0.12400000E+01  0.24445182E-10 -0.20173887E-10
  0.12500000E+01  0.23660475E-10 -0.20510159E-10
  0.12600000E+01  0.22709373E-10 -0.20767228E-10
  0.12700000E+01  0.21527630E-10 -0.21049453E-10
  0.12800000E+01  0.20134796E-10 -0.21460433E-10
  0.12900000E+01  0.18623672E-10 -0.22054494E-10
  0.13000000E+01  0.17123585E-10 -0.22823641E-10
  0.13100000E+01  0.15752851E-10 -0.23717349E-10
  0.13200000E+01  0.14578968E-10 -0.24669170E-10
  0.13300000E+01  0.13600503E-10 -0.25612976E-10
  0.13400000E+01  0.12754943E-10 -0.26499415E-10
  0.13500000E+01  0.11946467E-10 -0.27319334E-10
  0.13600000E+01  0.11081098E-10 -0.28111293E-10
  0.13700000E+01  0.10096178E-10 -0.28937133E-10
  0.13800000E+01  0.89757897E-11 -0.29844252E-10
  0.13900000E+01  0.77505225E-11 -0.30846098E-10
  0.14000000E+01  0.64852081E-11 -0.31932694E-10
  0.14100000E+01  0.52601036E-11 -0.33094380E-10
  0.14200000E+01  0.41501087E-11 -0.34334054E-10
  0.14300000E+01  0.32053352E-11 -0.35657534E-10
  0.14400000E+01  0.24364583E-11 -0.37048691E-10
  0.14500000E+01  0.18093344E-11 -0.38455486E-10
  0.14600000E+01  0.12530769E-11 -0.39813813E-10
  0.14700000E+01  0.68218578E-12 -0.41094134E-10
  0.14800000E+01  0.27037772E-13 -0.42326314E-10
  0.14900000E+01 -0.73859642E-12 -0.43582983E-10
  0.15000000E+01 -0.15852727E-11 -0.44939231E-10
  0.15100000E+01 -0.24375846E-11 -0.46438903E-10
  0.15200000E+01 -0.32027870E-11 -0.48079877E-10
  0.15300000E+01 -0.38061684E-11 -0.49813735E-10
  0.15400000E+01 -0.42176992E-11 -0.51563363E-10
  0.15500000E+01 -0.44589097E-11 -0.53258552E-10
  0.15600000E+01 -0.45887378E-11 -0.54872368E-10
  0.15700000E+01 -0.46768488E-11 -0.56435919E-10
  0.15800000E+01 -0.47774738E-11 -0.58015024E-10
  0.15900000E+01 -0.49142229E-11 -0.59658732E-10
  0.16000000E+01 -0.50789946E-11 -0.61366400E-10
  0.16100000E+01 -0.52409309E-11 -0.63106738E-10
  0.16200000E+01 -0.53584382E-11 -0.64859345E-10
  0.16300000E+01 -0.53892551E-11 -0.66630203E-10
  0.16400000E+01 -0.52976724E-11 -0.68435625E-10
  0.16500000E+01 -0.50605882E-11 -0.70281387E-10
  0.16600000E+01 -0.46733536E-11 -0.72153763E-10
  0.16700000E+01 -0.41535910E-11 -0.74020681E-10
  0.16800000E+01 -0.35393351E-11 -0.75843084E-10
  0.16900000E+01 -0.28791662E-11 -0.77596735E-10
  0.17000000E+01 -0.22160981E-11 -0.79290736E-10
  0.17100000E+01 -0.15712091E-11 -0.80966258E-10
  0.17200000E+01 -0.93439026E-12 -0.82672799E-10
  0.17300000E+01 -0.26692586E-12 -0.84436320E-10
  0.17400000E+01  0.48470373E-12 -0.86246198E-10
  0.17500000E+01  0.13694714E-11 -0.88071148E-10
  0.17600000E+01  0.24147774E-11 -0.89880209E-10
  0.17700000E+01  0.36181344E-11 -0.91648284E-10
  0.17800000E+01  0.49498969E-11 -0.93354697E-10
  0.17900000E+01  0.63648956E-11 -0.94988623E-10
  0.18000000E+01  0.78178614E-11 -0.96557393E-10
  0.18100000E+01  0.92769896E-11 -0.98083367E-10
  0.18200000E+01  0.10731668E-10 -0.99589677E-10
  0.18300000E+01  0.12193177E-10 -0.10108857E-09
  0.18400000E+01  0.13689639E-10 -0.10257870E-09
  0.18500000E+01  0.15257656E-10 -0.10404978E-09
  0.18600000E+01  0.16932805E-10 -0.10549175E-09
  0.18700000E+01  0.18740319E-10 -0.10690084E-09
  0.18800000E+01  0.20687076E-10 -0.10827430E-09
  0.18900000E+01  0.22756743E-10 -0.10959869E-09
  0.19000000E+01  0.24910857E-10 -0.11084673E-09
  0.19100000E+01  0.27097966E-10 -0.11198917E-09
  0.19200000E+01  0.29270009E-10 -0.11301298E-09
  0.19300000E+01  0.31400636E-10 -0.11393604E-09
  0.19400000E+01  0.33497228E-10 -0.11480909E-09
  0.19500000E+01  0.35599575E-10 -0.11569352E-09
  0.19600000E+01  0.37764109E-10 -0.11661882E-09
  0.19700000E+01  0.40040160E-10 -0.11755040E-09
  0.19800000E+01  0.42449253E-10 -0.11840297E-09
  0.19900000E+01  0.44976874E-10 -0.11910170E-09
  0.20000000E+01  0.47579150E-10 -0.11963942E-09
  0.20100000E+01  0.50199394E-10 -0.12006897E-09
  0.20200000E+01  0.52786088E-10 -0.12044365E-09
  0.20300000E+01  0.55306014E-10 -0.12077395E-09
  0.20400000E+01  0.57750962E-10 -0.12103402E-09
  0.20500000E+01  0.60139178E-10 -0.12119679E-09
  0.20600000E+01  0.62511869E-10 -0.12126802E-09
  0.20700000E+01  0.64922961E-10 -0.12129809E-09
  0.20800000E+01  0.67421144E-10 -0.12134751E-09
  0.20900000E+01  0.70028234E-10 -0.12141577E-09
  0.21000000E+01  0.72723533E-10 -0.12140438E-09
  0.21100000E+01  0.75444472E-10 -0.12118032E-09
  0.21200000E+01  0.78106760E-10 -0.12069987E-09
  0.21300000E+01  0.80636294E-10 -0.12005620E-09
  0.21400000E+01  0.82997752E-10 -0.11939073E-09
  0.21500000E+01  0.85206527E-10 -0.11877560E-09
  0.21600000E+01  0.87319997E-10 -0.11818539E-09
  0.21700000E+01  0.89414342E-10 -0.11755007E-09
  0.21800000E+01  0.91557592E-10 -0.11681899E-09
  0.21900000E+01  0.93787455E-10 -0.11599549E-09
  0.22000000E+01  0.96097941E-10 -0.11512264E-09
  0.22100000E+01  0.98436585E-10 -0.11421618E-09
  0.22200000E+01  0.10071431E-09 -0.11320733E-09
  0.22300000E+01  0.10282902E-09 -0.11198826E-09
  0.22400000E+01  0.10469900E-09 -0.11054201E-09
  0.22500000E+01  0.10629472E-09 -0.10899889E-09
  0.22600000E+01  0.10765439E-09 -0.10753100E-09
  0.22700000E+01  0.10887363E-09 -0.10621057E-09
  0.22800000E+01  0.11007131E-09 -0.10498208E-09
  0.22900000E+01  0.11134512E-09 -0.10373586E-09
  0.23000000E+01  0.11273471E-09 -0.10238685E-09
  0.23100000E+01  0.11420545E-09 -0.10091071E-09
  0.23200000E+01  0.11565665E-09 -0.99332196E-10
  0.23300000E+01  0.11695059E-09 -0.97671430E-10
  0.23400000E+01  0.11795368E-09 -0.95901113E-10
  0.23500000E+01  0.11857902E-09 -0.93993190E-10
  0.23600000E+01  0.11881834E-09 -0.92018152E-10
  0.23700000E+01  0.11875099E-09 -0.90139943E-10
  0.23800000E+01  0.11852354E-09 -0.88482192E-10
  0.23900000E+01  0.11830308E-09 -0.87031436E-10
  0.24000000E+01  0.11821909E-09 -0.85670949E-10
  0.24100000E+01  0.11831509E-09 -0.84271510E-10
  0.24200000E+01  0.11852837E-09 -0.82750710E-10
  0.24300000E+01  0.11870588E-09 -0.81088598E-10
  0.24400000E+01  0.11865114E-09 -0.79312469E-10
  0.24500000E+01  0.11818729E-09 -0.77461281E-10
  0.24600000E+01  0.11721628E-09 -0.75576765E-10
  0.24700000E+01  0.11575571E-09 -0.73749729E-10
  0.24800000E+01  0.11394035E-09 -0.72127652E-10
  0.24900000E+01  0.11198503E-09 -0.70818631E-10
  0.25000000E+01  0.11011843E-09 -0.69805910E-10
  0.25100000E+01  0.10850763E-09 -0.68971431E-10
  0.25200000E+01  0.10719910E-09 -0.68173542E-10
  0.25300000E+01  0.10609727E-09 -0.67298442E-10
  0.25400000E+01  0.10499032E-09 -0.66281345E-10
  0.25500000E+01  0.10361648E-09 -0.65121109E-10
  0.25600000E+01  0.10175025E-09 -0.63883054E-10
  0.25700000E+01  0.99280503E-10 -0.62687860E-10
  0.25800000E+01  0.96254483E-10 -0.61697593E-10
  0.25900000E+01  0.92871580E-10 -0.61067245E-10
  0.26000000E+01  0.89426782E-10 -0.60862980E-10
  0.26100000E+01  0.86220110E-10 -0.61031944E-10
  0.26200000E+01  0.83460273E-10 -0.61446458E-10
  0.26300000E+01  0.81194119E-10 -0.61957025E-10
  0.26400000E+01  0.79286525E-10 -0.62420344E-10
  0.26500000E+01  0.77460008E-10 -0.62727013E-10
  0.26600000E+01  0.75383832E-10 -0.62847595E-10
  0.26700000E+01  0.72785103E-10 -0.62872020E-10
  0.26800000E+01  0.69545379E-10 -0.62999161E-10
  0.26900000E+01  0.65749523E-10 -0.63459585E-10
  0.27000000E+01  0.61668565E-10 -0.64409365E-10
  0.27100000E+01  0.57680224E-10 -0.65872963E-10
  0.27200000E+01  0.54151798E-10 -0.67762691E-10
  0.27300000E+01  0.51323058E-10 -0.69925684E-10
  0.27400000E+01  0.49227617E-10 -0.72180593E-10
  0.27500000E+01  0.47679817E-10 -0.74349348E-10
  0.27600000E+01  0.46333924E-10 -0.76299130E-10
  0.27700000E+01  0.44798919E-10 -0.77999253E-10
  0.27800000E+01  0.42772570E-10 -0.79570041E-10
  0.27900000E+01  0.40149877E-10 -0.81264536E-10
  0.28000000E+01  0.37067725E-10 -0.83354242E-10
  0.28100000E+01  0.33868593E-10 -0.85995550E-10
  0.28200000E+01  0.30994182E-10 -0.89176036E-10
  0.28300000E+01  0.28844355E-10 -0.92748720E-10
  0.28400000E+01  0.27648682E-10 -0.96502845E-10
  0.28500000E+01  0.27393608E-10 -0.10022562E-09
  0.28600000E+01  0.27829920E-10 -0.10373919E-09
  0.28700000E+01  0.28559050E-10 -0.10692795E-09
  0.28800000E+01  0.29170653E-10 -0.10978160E-09
  0.28900000E+01  0.29385669E-10 -0.11244499E-09
  0.29000000E+01  0.29155480E-10 -0.11520031E-09
  0.29100000E+01  0.28681587E-10 -0.11833138E-09
  0.29200000E+01  0.28348119E-10 -0.12195991E-09
  0.29300000E+01  0.28591327E-10 -0.12599342E-09
  0.29400000E+01  0.29753167E-10 -0.13020141E-09
  0.29500000E+01  0.31970993E-10 -0.13433121E-09
  0.29600000E+01  0.35140800E-10 -0.13818687E-09
  0.29700000E+01  0.38964294E-10 -0.14165095E-09
  0.29800000E+01  0.43060653E-10 -0.14467831E-09
  0.29900000E+01  0.47102109E-10 -0.14730880E-09
  0.30000000E+01  0.50924997E-10 -0.14970086E-09
  0.30100000E+01  0.54577183E-10 -0.15210660E-09
  0.30200000E+01  0.58286475E-10 -0.15472797E-09
  0.30300000E+01  0.62364808E-10 -0.15756114E-09
  0.30400000E+01  0.67087800E-10 -0.16040152E-09
  0.30500000E+01  0.72597718E-10 -0.16299240E-09
  0.30600000E+01  0.78865798E-10 -0.16515017E-09
  0.30700000E+01  0.85723019E-10 -0.16679349E-09
  0.30800000E+01  0.92939522E-10 -0.16793227E-09
  0.30900000E+01  0.10031482E-09 -0.16864433E-09
  0.31000000E+01  0.10774052E-09 -0.16902375E-09
  0.31100000E+01  0.11521291E-09 -0.16913973E-09
  0.31200000E+01  0.12279661E-09 -0.16903292E-09
  0.31300000E+01  0.13056208E-09 -0.16868907E-09
  0.31400000E+01  0.13853068E-09 -0.16798799E-09
  0.31500000E+01  0.14665499E-09 -0.16674459E-09
  0.31600000E+01  0.15484348E-09 -0.16486013E-09
  0.31700000E+01  0.16301375E-09 -0.16240803E-09
  0.31800000E+01  0.17114171E-09 -0.15954556E-09
  0.31900000E+01  0.17927446E-09 -0.15638368E-09
  0.32000000E+01  0.18749326E-09 -0.15294942E-09
  0.32100000E+01  0.19584151E-09 -0.14918753E-09
  0.32200000E+01  0.20425534E-09 -0.14494150E-09
  0.32300000E+01  0.21253787E-09 -0.13998985E-09
  0.32400000E+01  0.22039947E-09 -0.13418988E-09
  0.32500000E+01  0.22755249E-09 -0.12759676E-09
  0.32600000E+01  0.23381850E-09 -0.12043403E-09
  0.32700000E+01  0.23919491E-09 -0.11298054E-09
  0.32800000E+01  0.24384300E-09 -0.10545390E-09
  0.32900000E+01  0.24799632E-09 -0.97910862E-10
  0.33000000E+01  0.25182800E-09 -0.90223295E-10
  0.33100000E+01  0.25533870E-09 -0.82159808E-10
  0.33200000E+01  0.25832106E-09 -0.73490834E-10
  0.33300000E+01  0.26042142E-09 -0.64075004E-10
  0.33400000E+01  0.26127224E-09 -0.53974081E-10
  0.33500000E+01  0.26063189E-09 -0.43503066E-10
  0.33600000E+01  0.25846129E-09 -0.33081936E-10
  0.33700000E+01  0.25489734E-09 -0.23001600E-10
  0.33800000E+01  0.25013517E-09 -0.13309809E-10
  0.33900000E+01  0.24428111E-09 -0.38382197E-11
  0.34000000E+01  0.23725643E-09  0.56949754E-11
  0.34100000E+01  0.22880754E-09  0.15517896E-10
  0.34200000E+01  0.21862209E-09  0.25616635E-10
  0.34300000E+01  0.20649157E-09  0.35636119E-10
  0.34400000E+01  0.19243180E-09  0.45013181E-10
  0.34500000E+01  0.17669071E-09  0.53319905E-10
  0.34600000E+01  0.15962882E-09  0.60486421E-10
  0.34700000E+01  0.14152455E-09  0.66697199E-10
  0.34800000E+01  0.12239976E-09  0.72193966E-10
  0.34900000E+01  0.10195841E-09  0.77203362E-10
  0.35000000E+01  0.79683115E-10  0.81883101E-10
  0.35100000E+01  0.55061088E-10  0.86162375E-10
  0.35200000E+01  0.27845013E-10  0.89592873E-10
  0.35300000E+01 -0.17717067E-11  0.91433109E-10
  0.35400000E+01 -0.33156741E-10  0.90990606E-10
  0.35500000E+01 -0.65433598E-10  0.87981347E-10
  0.35600000E+01 -0.97796307E-10  0.82645454E-10
  0.35700000E+01 -0.12981069E-09  0.75561237E-10
  0.35800000E+01 -0.16156782E-09  0.67312272E-10
  0.35900000E+01 -0.19361578E-09  0.58207602E-10
  0.36000000E+01 -0.22669069E-09  0.48162687E-10
  0.36100000E+01 -0.26135495E-09  0.36744422E-10
  0.36200000E+01 -0.29769123E-09  0.23313902E-10
  0.36300000E+01 -0.33517882E-09  0.72140594E-11
  0.36400000E+01 -0.37280307E-09 -0.12021665E-10
  0.36500000E+01 -0.40935248E-09 -0.34476454E-10
  0.36600000E+01 -0.44378066E-09 -0.59745846E-10
  0.36700000E+01 -0.47548754E-09 -0.87058671E-10
  0.36800000E+01 -0.50441424E-09 -0.11565338E-09
  0.36900000E+01 -0.53092981E-09 -0.14519217E-09
  0.37000000E+01 -0.55557373E-09 -0.17589926E-09
  0.37100000E+01 -0.57876613E-09 -0.20826989E-09
  0.37200000E+01 -0.60059240E-09 -0.24259682E-09
  0.37300000E+01 -0.62072368E-09 -0.27880711E-09
  0.37400000E+01 -0.63847905E-09 -0.31674750E-09
  0.37500000E+01 -0.65299337E-09 -0.35647039E-09
  0.37600000E+01 -0.66343330E-09 -0.39807376E-09
  0.37700000E+01 -0.66919901E-09 -0.44125135E-09
  0.37800000E+01 -0.67005720E-09 -0.48519183E-09
  0.37900000E+01 -0.66617181E-09 -0.52910991E-09
  0.38000000E+01 -0.65803107E-09 -0.57279299E-09
  0.38100000E+01 -0.64630204E-09 -0.61646358E-09
  0.38200000E+01 -0.63166418E-09 -0.66020097E-09
  0.38300000E+01 -0.61467213E-09 -0.70378135E-09
  0.38400000E+01 -0.59568105E-09 -0.74712537E-09
  0.38500000E+01 -0.57484390E-09 -0.79055234E-09
  0.38600000E+01 -0.55216902E-09 -0.83438858E-09
  0.38700000E+01 -0.52760971E-09 -0.87857620E-09
  0.38800000E+01 -0.50114520E-09 -0.92288338E-09
  0.38900000E+01 -0.47280645E-09 -0.96727291E-09
  0.39000000E+01 -0.44260308E-09 -0.10118454E-08
  0.39100000E+01 -0.41032134E-09 -0.10566307E-08
  0.39200000E+01 -0.37518757E-09 -0.11016586E-08
  0.39300000E+01 -0.33542692E-09 -0.11471042E-08
  0.39400000E+01 -0.28779453E-09 -0.11931992E-08
  0.39500000E+01 -0.22721660E-09 -0.12399917E-08
  0.39600000E+01 -0.14674020E-09 -0.12871119E-08
  0.39700000E+01 -0.38027190E-10 -0.13335326E-08
  0.39800000E+01  0.10741115E-09 -0.13773014E-08
  0.39900000E+01  0.29620442E-09 -0.14152510E-08
  0.40000000E+01  0.53060128E-09 -0.14427372E-08
  0.40100000E+01  0.80606125E-09 -0.14535426E-08
  0.40200000E+01  0.11098485E-08 -0.14402505E-08
  0.40300000E+01  0.14214795E-08 -0.13955513E-08
  0.40400000E+01  0.17154249E-08 -0.13148134E-08
  0.40500000E+01  0.19656848E-08 -0.11993377E-08
  0.40600000E+01  0.21510586E-08 -0.10581231E-08
  0.40700000E+01  0.22595082E-08 -0.90570441E-09
  0.40800000E+01  0.22902357E-08 -0.75674394E-09
  0.40900000E+01  0.22528969E-08 -0.62138678E-09
  0.41000000E+01  0.21644027E-08 -0.50410544E-09
  0.41100000E+01  0.20445312E-08 -0.40516562E-09
  0.41200000E+01  0.19117848E-08 -0.32263585E-09
  0.41300000E+01  0.17805603E-08 -0.25383419E-09
  0.41400000E+01  0.16600298E-08 -0.19609973E-09
  0.41500000E+01  0.15544975E-08 -0.14712476E-09
  0.41600000E+01  0.14646340E-08 -0.10506559E-09
  0.41700000E+01  0.13889561E-08 -0.68543144E-10
  0.41800000E+01  0.13250971E-08 -0.36567719E-10
  0.41900000E+01  0.12706617E-08 -0.84120514E-11
  0.42000000E+01  0.12236581E-08  0.16506530E-10
  0.42100000E+01  0.11826121E-08  0.38695964E-10
  0.42200000E+01  0.11464948E-08  0.58610748E-10
  0.42300000E+01  0.11145732E-08  0.76660962E-10
  0.42400000E+01  0.10862624E-08  0.93220837E-10
  0.42500000E+01  0.10610167E-08  0.10862501E-09
  0.42600000E+01  0.10382784E-08  0.12317182E-09
  0.42700000E+01  0.10174782E-08  0.13709557E-09
  0.42800000E+01  0.99807681E-09  0.15053227E-09
  0.42900000E+01  0.97962269E-09  0.16351993E-09
  0.43000000E+01  0.96180407E-09  0.17600190E-09
  0.43100000E+01  0.94447439E-09  0.18789734E-09
  0.43200000E+01  0.92764139E-09  0.19917922E-09
  0.43300000E+01  0.91142167E-09  0.20986168E-09
  0.43400000E+01  0.89597325E-09  0.22000166E-09
  0.43500000E+01  0.88142394E-09  0.22970572E-09
  0.43600000E+01  0.86781360E-09  0.23908613E-09
  0.43700000E+01  0.85506403E-09  0.24825211E-09
  0.43800000E+01  0.84298338E-09  0.25733137E-09
  0.43900000E+01  0.83130325E-09  0.26641789E-09
  0.44000000E+01  0.81973872E-09  0.27551294E-09
  0.44100000E+01  0.80805446E-09  0.28455777E-09
  0.44200000E+01  0.79611816E-09  0.29345326E-09
  0.44300000E+01  0.78392578E-09  0.30206290E-09
  0.44400000E+01  0.77159179E-09  0.31030167E-09
  0.44500000E+01  0.75930810E-09  0.31817538E-09
  0.44600000E+01  0.74728405E-09  0.32571827E-09
  0.44700000E+01  0.73568424E-09  0.33297991E-09
  0.44800000E+01  0.72458027E-09  0.34004048E-09
  0.44900000E+01  0.71392827E-09  0.34700219E-09
  0.45000000E+01  0.70357756E-09  0.35395876E-09
  0.45100000E+01  0.69330837E-09  0.36095194E-09
  0.45200000E+01  0.68288870E-09  0.36797951E-09
  0.45300000E+01  0.67213519E-09  0.37498935E-09
  0.45400000E+01  0.66096056E-09  0.38185189E-09
  0.45500000E+01  0.64939437E-09  0.38843674E-09
  0.45600000E+01  0.63757118E-09  0.39468431E-09
  0.45700000E+01  0.62569070E-09  0.40057865E-09
  0.45800000E+01  0.61396167E-09  0.40614601E-09
  0.45900000E+01  0.60254508E-09  0.41145791E-09
  0.46000000E+01  0.59151135E-09  0.41658052E-09
  0.46100000E+01  0.58082183E-09  0.42157601E-09
  0.46200000E+01  0.57033917E-09  0.42653741E-09
  0.46300000E+01  0.55986392E-09  0.43153342E-09
  0.46400000E+01  0.54918829E-09  0.43654347E-09
  0.46500000E+01  0.53815255E-09  0.44148104E-09
  0.46600000E+01  0.52668828E-09  0.44623326E-09
  0.46700000E+01  0.51483621E-09  0.45070376E-09
  0.46800000E+01  0.50273384E-09  0.45484680E-09
  0.46900000E+01  0.49057706E-09  0.45863017E-09
  0.47000000E+01  0.47856728E-09  0.46204022E-09
  0.47100000E+01  0.46685856E-09  0.46516390E-09
  0.47200000E+01  0.45551838E-09  0.46813505E-09
  0.47300000E+01  0.44451134E-09  0.47099713E-09
  0.47400000E+01  0.43370953E-09  0.47374646E-09
  0.47500000E+01  0.42292717E-09  0.47644818E-09
  0.47600000E+01  0.41197114E-09  0.47917536E-09
  0.47700000E+01  0.40069394E-09  0.48187270E-09
  0.47800000E+01  0.38903432E-09  0.48436831E-09
  0.47900000E+01  0.37703380E-09  0.48650970E-09
  0.48000000E+01  0.36482474E-09  0.48826682E-09
  0.48100000E+01  0.35259441E-09  0.48971248E-09
  0.48200000E+01  0.34053567E-09  0.49089445E-09
  0.48300000E+01  0.32879754E-09  0.49176677E-09
  0.48400000E+01  0.31744789E-09  0.49232322E-09
  0.48500000E+01  0.30645735E-09  0.49272602E-09
  0.48600000E+01  0.29570854E-09  0.49316132E-09
  0.48700000E+01  0.28502850E-09  0.49362738E-09
  0.48800000E+01  0.27423577E-09  0.49398970E-09
  0.48900000E+01  0.26318954E-09  0.49417186E-09
  0.49000000E+01  0.25182773E-09  0.49418696E-09
  0.49100000E+01  0.24018400E-09  0.49402191E-09
  0.49200000E+01  0.22837898E-09  0.49357014E-09
  0.49300000E+01  0.21658821E-09  0.49269966E-09
  0.49400000E+01  0.20499568E-09  0.49139177E-09
  0.49500000E+01  0.19374627E-09  0.48980223E-09
  0.49600000E+01  0.18291031E-09  0.48812719E-09
  0.49700000E+01  0.17246849E-09  0.48640244E-09
  0.49800000E+01  0.16231937E-09  0.48451989E-09
  0.49900000E+01  0.15230648E-09  0.48245502E-09
  0.50000000E+01  0.14225922E-09  0.48035487E-09
  0.50100000E+01  0.13203845E-09  0.47832787E-09
  0.50200000E+01  0.12157531E-09  0.47624660E-09
  0.50300000E+01  0.11089091E-09  0.47385043E-09
  0.50400000E+01  0.10008996E-09  0.47099743E-09
  0.50500000E+01  0.89330843E-10  0.46777029E-09
  0.50600000E+01  0.78783237E-10  0.46434958E-09
  0.50700000E+01  0.68586345E-10  0.46081334E-09
  0.50800000E+01  0.58817315E-10  0.45708328E-09
  0.50900000E+01  0.49474425E-10  0.45307199E-09
  0.51000000E+01  0.40477684E-10  0.44886372E-09
  0.51100000E+01  0.31688619E-10  0.44468828E-09
  0.51200000E+01  0.22947251E-10  0.44067622E-09
  0.51300000E+01  0.14117071E-10  0.43669455E-09
  0.51400000E+01  0.51232132E-11  0.43247813E-09
  0.51500000E+01 -0.40290787E-11  0.42789644E-09
  0.51600000E+01 -0.13259722E-10  0.42304147E-09
  0.51700000E+01 -0.22437280E-10  0.41805629E-09
  0.51800000E+01 -0.31411466E-10  0.41294192E-09
  0.51900000E+01 -0.40047461E-10  0.40757208E-09
  0.52000000E+01 -0.48257276E-10  0.40187074E-09
  0.52100000E+01 -0.56022344E-10  0.39594248E-09
  0.52200000E+01 -0.63399631E-10  0.39001009E-09
  0.52300000E+01 -0.70506005E-10  0.38422085E-09
  0.52400000E+01 -0.77484026E-10  0.37852370E-09
  0.52500000E+01 -0.84461303E-10  0.37273416E-09
  0.52600000E+01 -0.91517843E-10  0.36671670E-09
  0.52700000E+01 -0.98669957E-10  0.36050055E-09
  0.52800000E+01 -0.10587066E-09  0.35420146E-09
  0.52900000E+01 -0.11302220E-09  0.34784198E-09
  0.53000000E+01 -0.11999735E-09  0.34129780E-09
  0.53100000E+01 -0.12666813E-09  0.33443752E-09
  0.53200000E+01 -0.13293800E-09  0.32729025E-09
  0.53300000E+01 -0.13876869E-09  0.32004268E-09
  0.53400000E+01 -0.14419058E-09  0.31286947E-09
  0.53500000E+01 -0.14929145E-09  0.30580400E-09
  0.53600000E+01 -0.15418827E-09  0.29876205E-09
  0.53700000E+01 -0.15899438E-09  0.29164131E-09
  0.53800000E+01 -0.16379337E-09  0.28440166E-09
  0.53900000E+01 -0.16862423E-09  0.27708402E-09
  0.54000000E+01 -0.17347602E-09  0.26975190E-09
  0.54100000E+01 -0.17828991E-09  0.26239290E-09
  0.54200000E+01 -0.18296964E-09  0.25489055E-09
  0.54300000E+01 -0.18740246E-09  0.24712967E-09
  0.54400000E+01 -0.19148848E-09  0.23913722E-09
  0.54500000E+01 -0.19516930E-09  0.23107634E-09
  0.54600000E+01 -0.19844379E-09  0.22308801E-09
  0.54700000E+01 -0.20136450E-09  0.21519088E-09
  0.54800000E+01 -0.20401773E-09  0.20733107E-09
  0.54900000E+01 -0.20649787E-09  0.19946259E-09
  0.55000000E+01 -0.20888630E-09  0.19156176E-09
  0.55100000E+01 -0.21123858E-09  0.18362351E-09
  0.55200000E+01 -0.21357732E-09  0.17568024E-09
  0.55300000E+01 -0.21588751E-09  0.16777142E-09
  0.55400000E+01 -0.21811539E-09  0.15986007E-09
  0.55500000E+01 -0.22017634E-09  0.15182257E-09
  0.55600000E+01 -0.22197474E-09  0.14357752E-09
  0.55700000E+01 -0.22343187E-09  0.13519910E-09
  0.55800000E+01 -0.22451016E-09  0.12684579E-09
  0.55900000E+01 -0.22522219E-09  0.11861197E-09
  0.56000000E+01 -0.22562114E-09  0.11049233E-09
  0.56100000E+01 -0.22577974E-09  0.10244528E-09
  0.56200000E+01 -0.22577042E-09  0.94423960E-10
  0.56300000E+01 -0.22565431E-09  0.86373674E-10
  0.56400000E+01 -0.22547768E-09  0.78291545E-10
  0.56500000E+01 -0.22526789E-09  0.70272657E-10
  0.56600000E+01 -0.22502410E-09  0.62412329E-10
  0.56700000E+01 -0.22470749E-09  0.54647583E-10
  0.56800000E+01 -0.22424219E-09  0.46770434E-10
  0.56900000E+01 -0.22353444E-09  0.38656015E-10
  0.57000000E+01 -0.22250488E-09  0.30413161E-10
  0.57100000E+01 -0.22111699E-09  0.22265724E-10
  0.57200000E+01 -0.21938571E-09  0.14346703E-10
  0.57300000E+01 -0.21736289E-09  0.66365447E-11
  0.57400000E+01 -0.21511273E-09 -0.96774083E-12
  0.57500000E+01 -0.21269496E-09 -0.85859717E-11
  0.57600000E+01 -0.21016350E-09 -0.16284056E-10
  0.57700000E+01 -0.20757188E-09 -0.23980850E-10
  0.57800000E+01 -0.20496889E-09 -0.31469361E-10
  0.57900000E+01 -0.20237776E-09 -0.38623100E-10
  0.58000000E+01 -0.19977086E-09 -0.45604470E-10
  0.58100000E+01 -0.19706275E-09 -0.52765469E-10
  0.58200000E+01 -0.19413579E-09 -0.60276697E-10
  0.58300000E+01 -0.19088815E-09 -0.67939461E-10
  0.58400000E+01 -0.18727564E-09 -0.75395542E-10
  0.58500000E+01 -0.18332109E-09 -0.82450856E-10
  0.58600000E+01 -0.17908941E-09 -0.89181272E-10
  0.58700000E+01 -0.17465165E-09 -0.95811736E-10
  0.58800000E+01 -0.17006677E-09 -0.10254356E-09
  0.58900000E+01 -0.16538982E-09 -0.10941020E-09
  0.59000000E+01 -0.16068771E-09 -0.11621610E-09
  0.59100000E+01 -0.15603427E-09 -0.12265167E-09
  0.59200000E+01 -0.15147453E-09 -0.12858212E-09
  0.59300000E+01 -0.14698043E-09 -0.13428223E-09
  0.59400000E+01 -0.14243659E-09 -0.14025913E-09
  0.59500000E+01 -0.13767857E-09 -0.14674472E-09
  0.59600000E+01 -0.13256682E-09 -0.15344734E-09
  0.59700000E+01 -0.12704998E-09 -0.15983791E-09
  0.59800000E+01 -0.12117635E-09 -0.16561641E-09
  0.59900000E+01 -0.11505111E-09 -0.17090397E-09
  0.60000000E+01 -0.10877668E-09 -0.17607624E-09
