  0.20000000E+00 -0.38860295E-06  0.12424750E-05
  0.21000000E+00 -0.30164376E-06  0.10508977E-05
  0.22000000E+00 -0.13263475E-06  0.94611588E-06
  0.23000000E+00  0.40294400E-07  0.95878707E-06
  0.24000000E+00  0.14027693E-06  0.10581074E-05
  0.25000000E+00  0.12540497E-06  0.11696106E-05
  0.26000000E+00  0.58445954E-08  0.12240073E-05
  0.27000000E+00 -0.16245224E-06  0.11891807E-05
  0.28000000E+00 -0.30382772E-06  0.10723219E-05
  0.29000000E+00 -0.35672544E-06  0.91025511E-06
  0.30000000E+00 -0.30025187E-06  0.75679144E-06
  0.31000000E+00 -0.16216403E-06  0.66402869E-06
  0.32000000E+00 -0.53463890E-08  0.66162340E-06
  0.33000000E+00  0.10074118E-06  0.74227543E-06
  0.34000000E+00  0.11076067E-06  0.85865573E-06
  0.35000000E+00  0.22792731E-07  0.94296289E-06
  0.36000000E+00 -0.12199568E-06  0.94609263E-06
  0.37000000E+00 -0.25865844E-06  0.86310757E-06
  0.38000000E+00 -0.32769077E-06  0.72746573E-06
  0.39000000E+00 -0.30096388E-06  0.59267139E-06
  0.40000000E+00 -0.19305644E-06  0.50982906E-06
  0.41000000E+00 -0.53497669E-07  0.50248635E-06
  0.42000000E+00  0.56021389E-07  0.56103341E-06
  0.43000000E+00  0.88980468E-07  0.65592121E-06
  0.44000000E+00  0.33792410E-07  0.74424074E-06
  0.45000000E+00 -0.82410929E-07  0.77805989E-06
  0.46000000E+00 -0.20709074E-06  0.73121057E-06
  0.47000000E+00 -0.28624001E-06  0.62144815E-06
  0.48000000E+00 -0.28796851E-06  0.50065723E-06
  0.49000000E+00 -0.21531882E-06  0.42181395E-06
  0.50000000E+00 -0.10315814E-06  0.40978007E-06
  0.51000000E+00 -0.13500321E-08  0.45454554E-06
  0.52000000E+00  0.47610518E-07  0.52696787E-06
  0.53000000E+00  0.26371797E-07  0.59593728E-06
  0.54000000E+00 -0.51535305E-07  0.63212003E-06
  0.55000000E+00 -0.14965680E-06  0.61360068E-06
  0.56000000E+00 -0.22583691E-06  0.54341294E-06
  0.57000000E+00 -0.25053217E-06  0.45482198E-06
  0.58000000E+00 -0.21817923E-06  0.38878689E-06
  0.59000000E+00 -0.14726982E-06  0.36800230E-06
  0.60000000E+00 -0.70156747E-07  0.39067783E-06
  0.61000000E+00 -0.18082723E-07  0.43744603E-06
  0.62000000E+00 -0.84784325E-08  0.48269193E-06
  0.63000000E+00 -0.39740992E-07  0.50559820E-06
  0.64000000E+00 -0.94689873E-07  0.49665550E-06
  0.65000000E+00 -0.14986540E-06  0.46190605E-06
  0.66000000E+00 -0.18570110E-06  0.42061306E-06
  0.67000000E+00 -0.19310390E-06  0.39005640E-06
  0.68000000E+00 -0.17445602E-06  0.37437774E-06
  0.69000000E+00 -0.13997894E-06  0.37107550E-06
  0.70000000E+00 -0.10226687E-06  0.37706924E-06
  0.71000000E+00 -0.71867958E-07  0.38544764E-06
  0.72000000E+00 -0.55374672E-07  0.38796766E-06
  0.73000000E+00 -0.55626743E-07  0.38411896E-06
  0.74000000E+00 -0.72504037E-07  0.38159398E-06
  0.75000000E+00 -0.10299673E-06  0.38651249E-06
  0.76000000E+00 -0.14050562E-06  0.39617773E-06
  0.77000000E+00 -0.17464343E-06  0.39974674E-06
  0.78000000E+00 -0.19310237E-06  0.38547314E-06
  0.79000000E+00 -0.18602370E-06  0.35188538E-06
  0.80000000E+00 -0.15136255E-06  0.31088358E-06
  0.81000000E+00 -0.98295879E-07  0.28037596E-06
  0.82000000E+00 -0.45923066E-07  0.27679182E-06
  0.83000000E+00 -0.16571063E-07  0.30604032E-06
  0.84000000E+00 -0.25972569E-07  0.35479374E-06
  0.85000000E+00 -0.74802283E-07  0.39820448E-06
  0.86000000E+00 -0.14614736E-06  0.41634789E-06
  0.87000000E+00 -0.21111028E-06  0.39851615E-06
  0.88000000E+00 -0.24086537E-06  0.34395204E-06
  0.89000000E+00 -0.21999207E-06  0.26953316E-06
  0.90000000E+00 -0.15468038E-06  0.21000742E-06
  0.91000000E+00 -0.71351580E-07  0.19847069E-06
  0.92000000E+00 -0.56580101E-08  0.24217203E-06
  0.93000000E+00  0.13388824E-07  0.31680577E-06
  0.94000000E+00 -0.23240747E-07  0.38253380E-06
  0.95000000E+00 -0.10020947E-06  0.40866280E-06
  0.96000000E+00 -0.18458699E-06  0.38668980E-06
  0.97000000E+00 -0.24062674E-06  0.32665965E-06
  0.98000000E+00 -0.24559541E-06  0.25240200E-06
  0.99000000E+00 -0.19932831E-06  0.19581081E-06
  0.10000000E+01 -0.12333679E-06  0.18141231E-06
  0.10100000E+01 -0.50339564E-07  0.21298612E-06
  0.10200000E+01 -0.95214077E-08  0.27296426E-06
  0.10300000E+01 -0.14499108E-07  0.33032190E-06
  0.10400000E+01 -0.59190445E-07  0.35552076E-06
  0.10500000E+01 -0.12260933E-06  0.33886892E-06
  0.10600000E+01 -0.17932097E-06  0.29654166E-06
  0.10700000E+01 -0.21008416E-06  0.25514025E-06
  0.10800000E+01 -0.20800114E-06  0.23060082E-06
  0.10900000E+01 -0.17847504E-06  0.22309176E-06
  0.11000000E+01 -0.13453320E-06  0.22681482E-06
  0.11100000E+01 -0.90823517E-07  0.23725833E-06
  0.11200000E+01 -0.59185895E-07  0.24874728E-06
  0.11300000E+01 -0.46838119E-07  0.25514093E-06
  0.11400000E+01 -0.56342177E-07  0.25755677E-06
  0.11500000E+01 -0.85827908E-07  0.26365130E-06
  0.11600000E+01 -0.12872314E-06  0.27641600E-06
  0.11700000E+01 -0.17367736E-06  0.28804228E-06
  0.11800000E+01 -0.20620921E-06  0.28449081E-06
  0.11900000E+01 -0.21298069E-06  0.25664909E-06
  0.12000000E+01 -0.18772432E-06  0.21164838E-06
  0.12100000E+01 -0.13596133E-06  0.17157237E-06
  0.12200000E+01 -0.75256515E-07  0.15896642E-06
  0.12300000E+01 -0.29519773E-07  0.18315065E-06
  0.12400000E+01 -0.19051990E-07  0.23457251E-06
  0.12500000E+01 -0.50814055E-07  0.28907024E-06
  0.12600000E+01 -0.11398433E-06  0.32066818E-06
  0.12700000E+01 -0.18362770E-06  0.31290891E-06
  0.12800000E+01 -0.23126780E-06  0.26497300E-06
  0.12900000E+01 -0.23748946E-06  0.19682977E-06
  0.13000000E+01 -0.20048689E-06  0.14383810E-06
  0.13100000E+01 -0.13645677E-06  0.13302141E-06
  0.13200000E+01 -0.71870762E-07  0.16350771E-06
  0.13300000E+01 -0.31669019E-07  0.21268164E-06
  0.13400000E+01 -0.29142845E-07  0.25545233E-06
  0.13500000E+01 -0.61923306E-07  0.27642222E-06
  0.13600000E+01 -0.11503699E-06  0.27122493E-06
  0.13700000E+01 -0.16849965E-06  0.24579942E-06
  0.13800000E+01 -0.20526082E-06  0.21477440E-06
  0.13900000E+01 -0.21611076E-06  0.19265485E-06
  0.14000000E+01 -0.20054143E-06  0.18490704E-06
  0.14100000E+01 -0.16482737E-06  0.18657991E-06
  0.14200000E+01 -0.11938963E-06  0.18646149E-06
  0.14300000E+01 -0.76643771E-07  0.17827027E-06
  0.14400000E+01 -0.49054578E-07  0.17271722E-06
  0.14500000E+01 -0.46445284E-07  0.18854761E-06
  0.14600000E+01 -0.72399897E-07  0.22601233E-06
  0.14700000E+01 -0.12119596E-06  0.26117586E-06
  0.14800000E+01 -0.17763851E-06  0.26938866E-06
  0.14900000E+01 -0.22133292E-06  0.24482337E-06
  0.15000000E+01 -0.23454157E-06  0.19935704E-06
  0.15100000E+01 -0.21028452E-06  0.15158002E-06
  0.15200000E+01 -0.15649010E-06  0.11973122E-06
  0.15300000E+01 -0.93567675E-07  0.11808776E-06
  0.15400000E+01 -0.46055712E-07  0.15086694E-06
  0.15500000E+01 -0.32170053E-07  0.20603989E-06
  0.15600000E+01 -0.56278417E-07  0.25529646E-06
  0.15700000E+01 -0.10780275E-06  0.26861444E-06
  0.15800000E+01 -0.16664656E-06  0.24032531E-06
  0.15900000E+01 -0.21198323E-06  0.19618065E-06
  0.16000000E+01 -0.22999275E-06  0.16580724E-06
  0.16100000E+01 -0.21744658E-06  0.15622752E-06
  0.16200000E+01 -0.18076164E-06  0.15650833E-06
  0.16300000E+01 -0.13236064E-06  0.15649253E-06
  0.16400000E+01 -0.86629048E-07  0.15600476E-06
  0.16500000E+01 -0.56660443E-07  0.16083428E-06
  0.16600000E+01 -0.51656277E-07  0.17531601E-06
  0.16700000E+01 -0.74517199E-07  0.19860850E-06
  0.16800000E+01 -0.11998267E-06  0.22381650E-06
  0.16900000E+01 -0.17466795E-06  0.23917645E-06
  0.17000000E+01 -0.22030169E-06  0.23132231E-06
  0.17100000E+01 -0.23999192E-06  0.19437828E-06
  0.17200000E+01 -0.22526153E-06  0.14218771E-06
  0.17300000E+01 -0.18042000E-06  0.10428279E-06
  0.17400000E+01 -0.12163935E-06  0.10181932E-06
  0.17500000E+01 -0.70675748E-07  0.13203239E-06
  0.17600000E+01 -0.46036591E-07  0.17620871E-06
  0.17700000E+01 -0.55765724E-07  0.21416540E-06
  0.17800000E+01 -0.95057588E-07  0.23141609E-06
  0.17900000E+01 -0.14924887E-06  0.22252312E-06
  0.18000000E+01 -0.20009167E-06  0.19541252E-06
  0.18100000E+01 -0.23211884E-06  0.16825245E-06
  0.18200000E+01 -0.23675821E-06  0.15447417E-06
  0.18300000E+01 -0.21365643E-06  0.15052702E-06
  0.18400000E+01 -0.16999716E-06  0.14232434E-06
  0.18500000E+01 -0.11866384E-06  0.12607816E-06
  0.18600000E+01 -0.75377645E-07  0.11827382E-06
  0.18700000E+01 -0.54592777E-07  0.13785496E-06
  0.18800000E+01 -0.64631329E-07  0.18118193E-06
  0.18900000E+01 -0.10380458E-06  0.22221580E-06
  0.19000000E+01 -0.15979697E-06  0.23590157E-06
  0.19100000E+01 -0.21349085E-06  0.21651665E-06
  0.19200000E+01 -0.24610724E-06  0.17567876E-06
  0.19300000E+01 -0.24652694E-06  0.13206663E-06
  0.19400000E+01 -0.21539613E-06  0.10468535E-06
  0.19500000E+01 -0.16431411E-06  0.10447738E-06
  0.19600000E+01 -0.11092827E-06  0.12555947E-06
  0.19700000E+01 -0.72504497E-07  0.14998450E-06
  0.19800000E+01 -0.60614927E-07  0.16591901E-06
  0.19900000E+01 -0.78363342E-07  0.17709776E-06
  0.20000000E+01 -0.12018539E-06  0.19060618E-06
  0.20100000E+01 -0.17361909E-06  0.20232767E-06
  0.20200000E+01 -0.22254799E-06  0.20090174E-06
  0.20300000E+01 -0.25158128E-06  0.18080034E-06
  0.20400000E+01 -0.25086592E-06  0.14734624E-06
  0.20500000E+01 -0.21988081E-06  0.11241183E-06
  0.20600000E+01 -0.16841585E-06  0.90091816E-07
  0.20700000E+01 -0.11370566E-06  0.93512066E-07
  0.20800000E+01 -0.74411118E-07  0.12547741E-06
  0.20900000E+01 -0.63835475E-07  0.16982972E-06
  0.21000000E+01 -0.85271188E-07  0.20040908E-06
  0.21100000E+01 -0.13130157E-06  0.20386774E-06
  0.21200000E+01 -0.18692828E-06  0.18944259E-06
  0.21300000E+01 -0.23481886E-06  0.17302110E-06
  0.21400000E+01 -0.26058991E-06  0.15890374E-06
  0.21500000E+01 -0.25670400E-06  0.14195090E-06
  0.21600000E+01 -0.22440640E-06  0.12024320E-06
  0.21700000E+01 -0.17352169E-06  0.10009684E-06
  0.21800000E+01 -0.11996945E-06  0.92531350E-07
  0.21900000E+01 -0.81158752E-07  0.10790937E-06
  0.22000000E+01 -0.70293689E-07  0.14703828E-06
  0.22100000E+01 -0.91578714E-07  0.19190461E-06
  0.22200000E+01 -0.13844999E-06  0.21389520E-06
  0.22300000E+01 -0.19580053E-06  0.20083981E-06
  0.22400000E+01 -0.24531802E-06  0.16911289E-06
  0.22500000E+01 -0.27166845E-06  0.14199307E-06
  0.22600000E+01 -0.26719268E-06  0.12600472E-06
  0.22700000E+01 -0.23381781E-06  0.11421019E-06
  0.22800000E+01 -0.18212651E-06  0.10259248E-06
  0.22900000E+01 -0.12820443E-06  0.96571225E-07
  0.23000000E+01 -0.89052630E-07  0.10569504E-06
  0.23100000E+01 -0.77499197E-07  0.13501782E-06
  0.23200000E+01 -0.97951426E-07  0.17652730E-06
  0.23300000E+01 -0.14456049E-06  0.20726017E-06
  0.23400000E+01 -0.20284392E-06  0.20564122E-06
  0.23500000E+01 -0.25444747E-06  0.17473325E-06
  0.23600000E+01 -0.28328511E-06  0.13907882E-06
  0.23700000E+01 -0.28071286E-06  0.11662708E-06
  0.23800000E+01 -0.24800464E-06  0.10565148E-06
  0.23900000E+01 -0.19564869E-06  0.98155800E-07
  0.24000000E+01 -0.14004291E-06  0.94502802E-07
  0.24100000E+01 -0.98649934E-07  0.10282551E-06
  0.24200000E+01 -0.84808102E-07  0.12911288E-06
  0.24300000E+01 -0.10352277E-06  0.16787086E-06
  0.24400000E+01 -0.14960421E-06  0.19986466E-06
  0.24500000E+01 -0.20905155E-06  0.20365283E-06
  0.24600000E+01 -0.26347707E-06  0.17690891E-06
  0.24700000E+01 -0.29608033E-06  0.14070126E-06
  0.24800000E+01 -0.29701527E-06  0.11517957E-06
  0.24900000E+01 -0.26634633E-06  0.10144962E-06
  0.25000000E+01 -0.21384478E-06  0.92095966E-07
  0.25100000E+01 -0.15594415E-06  0.87431267E-07
  0.25200000E+01 -0.11083700E-06  0.95968223E-07
  0.25300000E+01 -0.93012836E-07  0.12350888E-06
  0.25400000E+01 -0.10871571E-06  0.16332847E-06
  0.25500000E+01 -0.15376986E-06  0.19546889E-06
  0.25600000E+01 -0.21468633E-06  0.19979314E-06
  0.25700000E+01 -0.27287234E-06  0.17593258E-06
  0.25800000E+01 -0.31055192E-06  0.14384506E-06
  0.25900000E+01 -0.31635557E-06  0.11908521E-06
  0.26000000E+01 -0.28877231E-06  0.10052569E-06
  0.26100000E+01 -0.23652992E-06  0.84584210E-07
  0.26200000E+01 -0.17595009E-06  0.77103388E-07
  0.26300000E+01 -0.12608304E-06  0.87902532E-07
  0.26400000E+01 -0.10294168E-06  0.11923081E-06
  0.26500000E+01 -0.11448005E-06  0.15994261E-06
  0.26600000E+01 -0.15792429E-06  0.18962011E-06
  0.26700000E+01 -0.22046586E-06  0.19368844E-06
  0.26800000E+01 -0.28321091E-06  0.17665565E-06
  0.26900000E+01 -0.32710555E-06  0.15217214E-06
  0.27000000E+01 -0.33888132E-06  0.12525787E-06
  0.27100000E+01 -0.31514078E-06  0.96529273E-07
  0.27200000E+01 -0.26340603E-06  0.73759837E-07
  0.27300000E+01 -0.19988306E-06  0.68205049E-07
  0.27400000E+01 -0.14460644E-06  0.84222198E-07
  0.27500000E+01 -0.11534478E-06  0.11589673E-06
  0.27600000E+01 -0.12205385E-06  0.15101012E-06
  0.27700000E+01 -0.16361458E-06  0.17810712E-06
  0.27800000E+01 -0.22798182E-06  0.19118088E-06
  0.27900000E+01 -0.29581617E-06  0.18663663E-06
  0.28000000E+01 -0.34650031E-06  0.16185139E-06
  0.28100000E+01 -0.36461397E-06  0.12323612E-06
  0.28200000E+01 -0.34479086E-06  0.87321102E-07
  0.28300000E+01 -0.29343410E-06  0.67849258E-07
  0.28400000E+01 -0.22680550E-06  0.67111413E-07
  0.28500000E+01 -0.16610241E-06  0.80185130E-07
  0.28600000E+01 -0.13097949E-06  0.10348728E-06
  0.28700000E+01 -0.13341789E-06  0.13703345E-06
  0.28800000E+01 -0.17379716E-06  0.17510247E-06
  0.28900000E+01 -0.24050450E-06  0.19893177E-06
  0.29000000E+01 -0.31338474E-06  0.19184703E-06
  0.29100000E+01 -0.37006307E-06  0.15894498E-06
  0.29200000E+01 -0.39310904E-06  0.11947884E-06
  0.29300000E+01 -0.37565776E-06  0.87078018E-07
  0.29400000E+01 -0.32365306E-06  0.65760607E-07
  0.29500000E+01 -0.25403629E-06  0.57759224E-07
  0.29600000E+01 -0.18949608E-06  0.67936337E-07
  0.29700000E+01 -0.15138374E-06  0.97731235E-07
  0.29800000E+01 -0.15291168E-06  0.13797340E-06
  0.29900000E+01 -0.19474091E-06  0.17405535E-06
  0.30000000E+01 -0.26447984E-06  0.19443860E-06
  0.30100000E+01 -0.34047315E-06  0.19080053E-06
  0.30200000E+01 -0.39881346E-06  0.16116451E-06
  0.30300000E+01 -0.42127785E-06  0.11623911E-06
  0.30400000E+01 -0.40144756E-06  0.75180216E-07
  0.30500000E+01 -0.34688123E-06  0.53444642E-07
  0.30600000E+01 -0.27660890E-06  0.53824975E-07
  0.30700000E+01 -0.21482113E-06  0.70409588E-07
  0.30800000E+01 -0.18284582E-06  0.99590211E-07
  0.30900000E+01 -0.19201387E-06  0.13858792E-06
  0.31000000E+01 -0.23976829E-06  0.17569417E-06
  0.31100000E+01 -0.31042603E-06  0.19314458E-06
  0.31200000E+01 -0.38053187E-06  0.18029755E-06
  0.31300000E+01 -0.42710568E-06  0.14244037E-06
  0.31400000E+01 -0.43585953E-06  0.96650485E-07
  0.31500000E+01 -0.40629527E-06  0.60771588E-07
  0.31600000E+01 -0.35168105E-06  0.47467617E-07
  0.31700000E+01 -0.29388236E-06  0.59746430E-07
  0.31800000E+01 -0.25503605E-06  0.89086239E-07
  0.31900000E+01 -0.24926606E-06  0.12346129E-06
  0.32000000E+01 -0.27759731E-06  0.15381364E-06
  0.32100000E+01 -0.32799918E-06  0.17104838E-06
  0.32200000E+01 -0.38056618E-06  0.16501598E-06
  0.32300000E+01 -0.41584684E-06  0.13413119E-06
  0.32400000E+01 -0.42296351E-06  0.93018923E-07
  0.32500000E+01 -0.40406355E-06  0.62865650E-07
  0.32600000E+01 -0.37299446E-06  0.56983284E-07
  0.32700000E+01 -0.34856160E-06  0.76746848E-07
  0.32800000E+01 -0.34528865E-06  0.11247375E-06
  0.32900000E+01 -0.36602465E-06  0.14641901E-06
  0.33000000E+01 -0.40017792E-06  0.16083769E-06
  0.33100000E+01 -0.42885285E-06  0.14628857E-06
  0.33200000E+01 -0.43477438E-06  0.10549649E-06
  0.33300000E+01 -0.41225611E-06  0.57208288E-07
  0.33400000E+01 -0.37197242E-06  0.31089898E-07
  0.33500000E+01 -0.33742257E-06  0.44935403E-07
  0.33600000E+01 -0.33392410E-06  0.91295793E-07
  0.33700000E+01 -0.37493403E-06  0.14899338E-06
  0.33800000E+01 -0.45253384E-06  0.19512249E-06
  0.33900000E+01 -0.53774196E-06  0.20671595E-06
  0.34000000E+01 -0.59203696E-06  0.16729990E-06
  0.34100000E+01 -0.58580019E-06  0.80658008E-07
  0.34200000E+01 -0.51501328E-06 -0.19008455E-07
  0.34300000E+01 -0.40711770E-06 -0.74348320E-07
  0.34400000E+01 -0.31138715E-06 -0.42181391E-07
  0.34500000E+01 -0.27687505E-06  0.67035360E-07
  0.34600000E+01 -0.32809879E-06  0.19544938E-06
  0.34700000E+01 -0.45098436E-06  0.27887794E-06
  0.34800000E+01 -0.59727266E-06  0.27725399E-06
  0.34900000E+01 -0.70633976E-06  0.18627497E-06
  0.35000000E+01 -0.73400405E-06  0.43008990E-07
  0.35100000E+01 -0.67367303E-06 -0.81454791E-07
  0.35200000E+01 -0.55882333E-06 -0.11852948E-06
  0.35300000E+01 -0.44561692E-06 -0.50490836E-07
  0.35400000E+01 -0.38512647E-06  0.77829919E-07
  0.35500000E+01 -0.40002183E-06  0.19330665E-06
  0.35600000E+01 -0.47754046E-06  0.23572426E-06
  0.35700000E+01 -0.58087707E-06  0.18616405E-06
  0.35800000E+01 -0.67068794E-06  0.82114030E-07
  0.35900000E+01 -0.72360208E-06 -0.18126336E-08
  0.36000000E+01 -0.73814203E-06 -0.11990007E-07
  0.36100000E+01 -0.72752687E-06  0.40782429E-07
  0.36200000E+01 -0.70704305E-06  0.97035715E-07
  0.36300000E+01 -0.68558982E-06  0.10081319E-06
  0.36400000E+01 -0.66593354E-06  0.43840388E-07
  0.36500000E+01 -0.65065922E-06 -0.24814099E-07
  0.36600000E+01 -0.64673933E-06 -0.38766724E-07
  0.36700000E+01 -0.66384020E-06  0.20670752E-07
  0.36800000E+01 -0.70759984E-06  0.10401085E-06
  0.36900000E+01 -0.77365553E-06  0.13934549E-06
  0.37000000E+01 -0.84765890E-06  0.96302223E-07
  0.37100000E+01 -0.91164538E-06  0.13321379E-07
  0.37200000E+01 -0.95242542E-06 -0.40699884E-07
  0.37300000E+01 -0.96673469E-06 -0.37879917E-07
  0.37400000E+01 -0.96096055E-06 -0.14063040E-07
  0.37500000E+01 -0.94710372E-06 -0.18710617E-07
  0.37600000E+01 -0.93818945E-06 -0.55809902E-07
  0.37700000E+01 -0.94512125E-06 -0.82552322E-07
  0.37800000E+01 -0.97494190E-06 -0.67396028E-07
  0.37900000E+01 -0.10297135E-05 -0.33005929E-07
  0.38000000E+01 -0.11059122E-05 -0.26251505E-07
  0.38100000E+01 -0.11950397E-05 -0.59451284E-07
  0.38200000E+01 -0.12859573E-05 -0.10296811E-06
  0.38300000E+01 -0.13684169E-05 -0.13443321E-06
  0.38400000E+01 -0.14364403E-05 -0.16695604E-06
  0.38500000E+01 -0.14902595E-05 -0.21589631E-06
  0.38600000E+01 -0.15363127E-05 -0.26743296E-06
  0.38700000E+01 -0.15856106E-05 -0.30335448E-06
  0.38800000E+01 -0.16512152E-05 -0.33255122E-06
  0.38900000E+01 -0.17455982E-05 -0.37141537E-06
  0.39000000E+01 -0.18785825E-05 -0.41774106E-06
  0.39100000E+01 -0.20563471E-05 -0.46859181E-06
  0.39200000E+01 -0.22817481E-05 -0.53732371E-06
  0.39300000E+01 -0.25556135E-05 -0.63521489E-06
  0.39400000E+01 -0.28780681E-05 -0.76236879E-06
  0.39500000E+01 -0.32483399E-05 -0.91951018E-06
  0.39600000E+01 -0.36615566E-05 -0.11081540E-05
  0.39700000E+01 -0.41020320E-05 -0.13296466E-05
  0.39800000E+01 -0.45345240E-05 -0.15914333E-05
  0.39900000E+01 -0.48972981E-05 -0.19045449E-05
  0.40000000E+01 -0.51023507E-05 -0.22792783E-05
  0.40100000E+01 -0.50472524E-05 -0.27211405E-05
  0.40200000E+01 -0.46393109E-05 -0.32212473E-05
  0.40300000E+01 -0.38266251E-05 -0.37427464E-05
  0.40400000E+01 -0.26253408E-05 -0.42090212E-05
  0.40500000E+01 -0.11308225E-05 -0.45123169E-05
  0.40600000E+01  0.49495870E-06 -0.45600674E-05
  0.40700000E+01  0.20582880E-05 -0.43351775E-05
  0.40800000E+01  0.33796318E-05 -0.39085808E-05
  0.40900000E+01  0.43343733E-05 -0.33892602E-05
  0.41000000E+01  0.48747224E-05 -0.28675579E-05
  0.41100000E+01  0.50275773E-05 -0.23940482E-05
  0.41200000E+01  0.48730618E-05 -0.19867672E-05
  0.41300000E+01  0.45146892E-05 -0.16457267E-05
  0.41400000E+01  0.40525088E-05 -0.13641140E-05
  0.41500000E+01  0.35661768E-05 -0.11345695E-05
  0.41600000E+01  0.31091630E-05 -0.95137411E-06
  0.41700000E+01  0.27109635E-05 -0.80928770E-06
  0.41800000E+01  0.23829653E-05 -0.70100203E-06
  0.41900000E+01  0.21245002E-05 -0.61673937E-06
  0.42000000E+01  0.19275322E-05 -0.54707187E-06
  0.42100000E+01  0.17798834E-05 -0.48557192E-06
  0.42200000E+01  0.16675610E-05 -0.42880076E-06
  0.42300000E+01  0.15766955E-05 -0.37535123E-06
  0.42400000E+01  0.14952723E-05 -0.32451778E-06
  0.42500000E+01  0.14145919E-05 -0.27635282E-06
  0.42600000E+01  0.13302161E-05 -0.23198705E-06
  0.42700000E+01  0.12421605E-05 -0.19336578E-06
  0.42800000E+01  0.11541836E-05 -0.16380330E-06
  0.42900000E+01  0.10722413E-05 -0.14539237E-06
  0.43000000E+01  0.10024262E-05 -0.13619309E-06
  0.43100000E+01  0.94896948E-06 -0.13221012E-06
  0.43200000E+01  0.91286713E-06 -0.12831278E-06
  0.43300000E+01  0.89151516E-06 -0.12083866E-06
  0.43400000E+01  0.87939550E-06 -0.10984738E-06
  0.43500000E+01  0.86951938E-06 -0.95661559E-07
  0.43600000E+01  0.85520260E-06 -0.77939479E-07
  0.43700000E+01  0.83170570E-06 -0.58547638E-07
  0.43800000E+01  0.79736947E-06 -0.39970405E-07
  0.43900000E+01  0.75398174E-06 -0.23265590E-07
  0.44000000E+01  0.70625000E-06 -0.11773073E-07
  0.44100000E+01  0.66047714E-06 -0.96278885E-08
  0.44200000E+01  0.62277332E-06 -0.14181433E-07
  0.44300000E+01  0.59731785E-06 -0.19803559E-07
  0.44400000E+01  0.58521227E-06 -0.24889832E-07
  0.44500000E+01  0.58423400E-06 -0.27337791E-07
  0.44600000E+01  0.58952600E-06 -0.23825415E-07
  0.44700000E+01  0.59494323E-06 -0.15456783E-07
  0.44800000E+01  0.59466789E-06 -0.56133063E-08
  0.44900000E+01  0.58467759E-06  0.54887036E-08
  0.45000000E+01  0.56374837E-06  0.19203311E-07
  0.45100000E+01  0.53375560E-06  0.31773862E-07
  0.45200000E+01  0.49917428E-06  0.36419321E-07
  0.45300000E+01  0.46586031E-06  0.33721028E-07
  0.45400000E+01  0.43942639E-06  0.28668702E-07
  0.45500000E+01  0.42367875E-06  0.21394423E-07
  0.45600000E+01  0.41959216E-06  0.12321034E-07
  0.45700000E+01  0.42511629E-06  0.74392671E-08
  0.45800000E+01  0.43581893E-06  0.10213692E-07
  0.45900000E+01  0.44612287E-06  0.16742817E-07
  0.46000000E+01  0.45076931E-06  0.22990022E-07
  0.46100000E+01  0.44614442E-06  0.30503225E-07
  0.46200000E+01  0.43118651E-06  0.41981449E-07
  0.46300000E+01  0.40765412E-06  0.53622470E-07
  0.46400000E+01  0.37967130E-06  0.57104176E-07
  0.46500000E+01  0.35262003E-06  0.51369217E-07
  0.46600000E+01  0.33165933E-06  0.44327930E-07
  0.46700000E+01  0.32030374E-06  0.39231028E-07
  0.46800000E+01  0.31948385E-06  0.32038715E-07
  0.46900000E+01  0.32735847E-06  0.24189742E-07
  0.47000000E+01  0.33989384E-06  0.22917465E-07
  0.47100000E+01  0.35199213E-06  0.29649140E-07
  0.47200000E+01  0.35882532E-06  0.38564489E-07
  0.47300000E+01  0.35705300E-06  0.44921778E-07
  0.47400000E+01  0.34564575E-06  0.50076073E-07
  0.47500000E+01  0.32615022E-06  0.57839868E-07
  0.47600000E+01  0.30230451E-06  0.65864651E-07
  0.47700000E+01  0.27905147E-06  0.65324874E-07
  0.47800000E+01  0.26117959E-06  0.53738546E-07
  0.47900000E+01  0.25200039E-06  0.41274538E-07
  0.48000000E+01  0.25246540E-06  0.37301281E-07
  0.48100000E+01  0.26098574E-06  0.37995569E-07
  0.48200000E+01  0.27394048E-06  0.35962026E-07
  0.48300000E+01  0.28667175E-06  0.33603351E-07
  0.48400000E+01  0.29468786E-06  0.37872965E-07
  0.48500000E+01  0.29479922E-06  0.49128635E-07
  0.48600000E+01  0.28593150E-06  0.60798499E-07
  0.48700000E+01  0.26940149E-06  0.66058490E-07
  0.48800000E+01  0.24856672E-06  0.63992932E-07
  0.48900000E+01  0.22792763E-06  0.60286532E-07
  0.49000000E+01  0.21192348E-06  0.58839973E-07
  0.49100000E+01  0.20374565E-06  0.55282090E-07
  0.49200000E+01  0.20448748E-06  0.45110169E-07
  0.49300000E+01  0.21286784E-06  0.34116313E-07
  0.49400000E+01  0.22562473E-06  0.32500643E-07
  0.49500000E+01  0.23844700E-06  0.40715283E-07
  0.49600000E+01  0.24714417E-06  0.49385723E-07
  0.49700000E+01  0.24869995E-06  0.52851222E-07
  0.49800000E+01  0.24196894E-06  0.54450956E-07
  0.49900000E+01  0.22792892E-06  0.59184943E-07
  0.50000000E+01  0.20946543E-06  0.66761675E-07
  0.50100000E+01  0.19068684E-06  0.70781783E-07
  0.50200000E+01  0.17583923E-06  0.64456071E-07
  0.50300000E+01  0.16809518E-06  0.49803339E-07
  0.50400000E+01  0.16863853E-06  0.38409565E-07
  0.50500000E+01  0.17640293E-06  0.38427442E-07
  0.50600000E+01  0.18850125E-06  0.44442247E-07
  0.50700000E+01  0.20108989E-06  0.46275111E-07
  0.50800000E+01  0.21032640E-06  0.43417764E-07
  0.50900000E+01  0.21323360E-06  0.44284946E-07
  0.51000000E+01  0.20840399E-06  0.53601130E-07
  0.51100000E+01  0.19643686E-06  0.65900473E-07
  0.51200000E+01  0.17989596E-06  0.72006571E-07
  0.51300000E+01  0.16264415E-06  0.67634504E-07
  0.51400000E+01  0.14869957E-06  0.56223884E-07
  0.51500000E+01  0.14106252E-06  0.46742629E-07
  0.51600000E+01  0.14095898E-06  0.45331489E-07
  0.51700000E+01  0.14768312E-06  0.47746621E-07
  0.51800000E+01  0.15890411E-06  0.45476971E-07
  0.51900000E+01  0.17123838E-06  0.38711752E-07
  0.52000000E+01  0.18099452E-06  0.36836912E-07
  0.52100000E+01  0.18506868E-06  0.45659032E-07
  0.52200000E+01  0.18183535E-06  0.59300058E-07
  0.52300000E+01  0.17169622E-06  0.67440555E-07
  0.52400000E+01  0.15697930E-06  0.66293142E-07
  0.52500000E+01  0.14118837E-06  0.59788621E-07
  0.52600000E+01  0.12794586E-06  0.53857858E-07
  0.52700000E+01  0.12006435E-06  0.51733556E-07
  0.52800000E+01  0.11897544E-06  0.51668002E-07
  0.52900000E+01  0.12448994E-06  0.48444619E-07
  0.53000000E+01  0.13481245E-06  0.40195300E-07
  0.53100000E+01  0.14685814E-06  0.33362284E-07
  0.53200000E+01  0.15697375E-06  0.36596152E-07
  0.53300000E+01  0.16198217E-06  0.49075751E-07
  0.53400000E+01  0.16017999E-06  0.60453108E-07
  0.53500000E+01  0.15182834E-06  0.63151830E-07
  0.53600000E+01  0.13893498E-06  0.59292883E-07
  0.53700000E+01  0.12452409E-06  0.55562882E-07
  0.53800000E+01  0.11179954E-06  0.55124399E-07
  0.53900000E+01  0.10347513E-06  0.55667146E-07
  0.54000000E+01  0.10127426E-06  0.53242693E-07
  0.54100000E+01  0.10551725E-06  0.46083310E-07
  0.54200000E+01  0.11486628E-06  0.36605366E-07
  0.54300000E+01  0.12648735E-06  0.31610266E-07
  0.54400000E+01  0.13679904E-06  0.36912021E-07
  0.54500000E+01  0.14261713E-06  0.49298912E-07
  0.54600000E+01  0.14218028E-06  0.58542993E-07
  0.54700000E+01  0.13557070E-06  0.58944880E-07
  0.54800000E+01  0.12443768E-06  0.54608454E-07
  0.54900000E+01  0.11133878E-06  0.52822245E-07
  0.55000000E+01  0.99098084E-07  0.55173001E-07
  0.55100000E+01  0.90329621E-07  0.56863745E-07
  0.55200000E+01  0.86991741E-07  0.53279085E-07
  0.55300000E+01  0.89857682E-07  0.44664646E-07
  0.55400000E+01  0.98061110E-07  0.35272495E-07
  0.55500000E+01  0.10909816E-06  0.30869900E-07
  0.55600000E+01  0.11952248E-06  0.35482240E-07
  0.55700000E+01  0.12612127E-06  0.46616422E-07
  0.55800000E+01  0.12699413E-06  0.55761539E-07
  0.55900000E+01  0.12200223E-06  0.56785552E-07
  0.56000000E+01  0.11249587E-06  0.52315556E-07
  0.56100000E+01  0.10067614E-06  0.49913004E-07
  0.56200000E+01  0.89030058E-07  0.52606646E-07
  0.56300000E+01  0.79980468E-07  0.55737713E-07
  0.56400000E+01  0.75561487E-07  0.53414140E-07
  0.56500000E+01  0.76914406E-07  0.45125941E-07
  0.56600000E+01  0.83716676E-07  0.35527534E-07
  0.56700000E+01  0.93960029E-07  0.30261394E-07
  0.56800000E+01  0.10443966E-06  0.32757985E-07
  0.56900000E+01  0.11186566E-06  0.41962518E-07
  0.57000000E+01  0.11404963E-06  0.51873205E-07
  0.57100000E+01  0.11053782E-06  0.55813460E-07
  0.57200000E+01  0.10244919E-06  0.52638512E-07
  0.57300000E+01  0.91808111E-07  0.48057891E-07
  0.57400000E+01  0.80886326E-07  0.48085492E-07
  0.57500000E+01  0.71848761E-07  0.51709303E-07
  0.57600000E+01  0.66581278E-07  0.52622716E-07
  0.57700000E+01  0.66392501E-07  0.47106267E-07
  0.57800000E+01  0.71496202E-07  0.37752469E-07
  0.57900000E+01  0.80578556E-07  0.30495249E-07
  0.58000000E+01  0.90915477E-07  0.29817552E-07
  0.58100000E+01  0.99218996E-07  0.36238123E-07
  0.58200000E+01  0.10287090E-06  0.46097768E-07
  0.58300000E+01  0.10087407E-06  0.53546669E-07
  0.58400000E+01  0.94019534E-07  0.54368496E-07
  0.58500000E+01  0.84293284E-07  0.49544299E-07
  0.58600000E+01  0.74014386E-07  0.44959795E-07
  0.58700000E+01  0.65235480E-07  0.45238628E-07
  0.58800000E+01  0.59562972E-07  0.48207330E-07
  0.58900000E+01  0.58137861E-07  0.47904842E-07
  0.59000000E+01  0.61436944E-07  0.41827878E-07
  0.59100000E+01  0.68867326E-07  0.33434608E-07
  0.59200000E+01  0.78512378E-07  0.28581914E-07
  0.59300000E+01  0.87458436E-07  0.30669103E-07
  0.59400000E+01  0.92770127E-07  0.38637796E-07
  0.59500000E+01  0.92665136E-07  0.48067369E-07
  0.59600000E+01  0.87218637E-07  0.53905270E-07
  0.59700000E+01  0.78190807E-07  0.53167449E-07
  0.59800000E+01  0.68143365E-07  0.47125894E-07
  0.59900000E+01  0.59437930E-07  0.41320509E-07
  0.60000000E+01  0.53668501E-07  0.40496701E-07
