  0.20000000E+00  0.18994221E+03 -0.20409925E+02
  0.21000000E+00  0.18997968E+03 -0.21419279E+02
  0.22000000E+00  0.19088750E+03 -0.21621760E+02
  0.23000000E+00  0.19222921E+03 -0.21188725E+02
  0.24000000E+00  0.19345094E+03 -0.20545430E+02
  0.25000000E+00  0.19411687E+03 -0.19897573E+02
  0.26000000E+00  0.19406137E+03 -0.19277723E+02
  0.27000000E+00  0.19341205E+03 -0.18828940E+02
  0.28000000E+00  0.19249783E+03 -0.18815338E+02
  0.29000000E+00  0.19169738E+03 -0.19320814E+02
  0.30000000E+00  0.19129579E+03 -0.20069050E+02
  0.31000000E+00  0.19140141E+03 -0.20646690E+02
  0.32000000E+00  0.19194174E+03 -0.20852073E+02
  0.33000000E+00  0.19272141E+03 -0.20793232E+02
  0.34000000E+00  0.19350423E+03 -0.20698714E+02
  0.35000000E+00  0.19408336E+03 -0.20695577E+02
  0.36000000E+00  0.19432361E+03 -0.20754763E+02
  0.37000000E+00  0.19418044E+03 -0.20755368E+02
  0.38000000E+00  0.19370719E+03 -0.20629411E+02
  0.39000000E+00  0.19305300E+03 -0.20507527E+02
  0.40000000E+00  0.19244103E+03 -0.20653936E+02
  0.41000000E+00  0.19211575E+03 -0.21200931E+02
  0.42000000E+00  0.19226218E+03 -0.21986201E+02
  0.43000000E+00  0.19292245E+03 -0.22705997E+02
  0.44000000E+00  0.19394793E+03 -0.23174452E+02
  0.45000000E+00  0.19502063E+03 -0.23370829E+02
  0.46000000E+00  0.19575304E+03 -0.23306048E+02
  0.47000000E+00  0.19584025E+03 -0.22941932E+02
  0.48000000E+00  0.19520651E+03 -0.22330623E+02
  0.49000000E+00  0.19407663E+03 -0.21839101E+02
  0.50000000E+00  0.19292253E+03 -0.22025740E+02
  0.51000000E+00  0.19228667E+03 -0.23124199E+02
  0.52000000E+00  0.19254622E+03 -0.24733464E+02
  0.53000000E+00  0.19372262E+03 -0.26111066E+02
  0.54000000E+00  0.19543375E+03 -0.26718806E+02
  0.55000000E+00  0.19702736E+03 -0.26471506E+02
  0.56000000E+00  0.19785076E+03 -0.25624299E+02
  0.57000000E+00  0.19754356E+03 -0.24591782E+02
  0.58000000E+00  0.19622104E+03 -0.23833505E+02
  0.59000000E+00  0.19445623E+03 -0.23776102E+02
  0.60000000E+00  0.19305409E+03 -0.24707149E+02
  0.61000000E+00  0.19270563E+03 -0.26536243E+02
  0.62000000E+00  0.19367187E+03 -0.28613801E+02
  0.63000000E+00  0.19564485E+03 -0.29993522E+02
  0.64000000E+00  0.19786016E+03 -0.30051494E+02
  0.65000000E+00  0.19942166E+03 -0.28914665E+02
  0.66000000E+00  0.19969711E+03 -0.27339953E+02
  0.67000000E+00  0.19860550E+03 -0.26213925E+02
  0.68000000E+00  0.19666293E+03 -0.26083152E+02
  0.69000000E+00  0.19476308E+03 -0.27011037E+02
  0.70000000E+00  0.19378833E+03 -0.28739436E+02
  0.71000000E+00  0.19422403E+03 -0.30806924E+02
  0.72000000E+00  0.19594723E+03 -0.32517363E+02
  0.73000000E+00  0.19828347E+03 -0.33129276E+02
  0.74000000E+00  0.20030569E+03 -0.32376865E+02
  0.75000000E+00  0.20123991E+03 -0.30797004E+02
  0.76000000E+00  0.20079537E+03 -0.29404956E+02
  0.77000000E+00  0.19927385E+03 -0.29006716E+02
  0.78000000E+00  0.19741730E+03 -0.29779293E+02
  0.79000000E+00  0.19607285E+03 -0.31344854E+02
  0.80000000E+00  0.19583193E+03 -0.33108381E+02
  0.81000000E+00  0.19680113E+03 -0.34542384E+02
  0.82000000E+00  0.19859318E+03 -0.35293193E+02
  0.83000000E+00  0.20052326E+03 -0.35218377E+02
  0.84000000E+00  0.20191003E+03 -0.34465432E+02
  0.85000000E+00  0.20234527E+03 -0.33511365E+02
  0.86000000E+00  0.20182418E+03 -0.32984357E+02
  0.87000000E+00  0.20069963E+03 -0.33266948E+02
  0.88000000E+00  0.19950352E+03 -0.34226439E+02
  0.89000000E+00  0.19872816E+03 -0.35380227E+02
  0.90000000E+00  0.19866080E+03 -0.36315568E+02
  0.91000000E+00  0.19932245E+03 -0.36942022E+02
  0.92000000E+00  0.20050701E+03 -0.37389988E+02
  0.93000000E+00  0.20187931E+03 -0.37735342E+02
  0.94000000E+00  0.20308399E+03 -0.37896268E+02
  0.95000000E+00  0.20383499E+03 -0.37820643E+02
  0.96000000E+00  0.20397696E+03 -0.37653735E+02
  0.97000000E+00  0.20352063E+03 -0.37599026E+02
  0.98000000E+00  0.20265096E+03 -0.37715241E+02
  0.99000000E+00  0.20169775E+03 -0.37988629E+02
  0.10000000E+01  0.20105763E+03 -0.38507599E+02
  0.10100000E+01  0.20107138E+03 -0.39405095E+02
  0.10200000E+01  0.20188791E+03 -0.40633879E+02
  0.10300000E+01  0.20337107E+03 -0.41847339E+02
  0.10400000E+01  0.20510623E+03 -0.42529534E+02
  0.10500000E+01  0.20653038E+03 -0.42354700E+02
  0.10600000E+01  0.20715065E+03 -0.41499925E+02
  0.10700000E+01  0.20676318E+03 -0.40565996E+02
  0.10800000E+01  0.20556848E+03 -0.40165847E+02
  0.10900000E+01  0.20411704E+03 -0.40585333E+02
  0.11000000E+01  0.20309484E+03 -0.41754714E+02
  0.11100000E+01  0.20303598E+03 -0.43387218E+02
  0.11200000E+01  0.20408973E+03 -0.45037795E+02
  0.11300000E+01  0.20594947E+03 -0.46143063E+02
  0.11400000E+01  0.20797930E+03 -0.46270184E+02
  0.11500000E+01  0.20948318E+03 -0.45468659E+02
  0.11600000E+01  0.20999527E+03 -0.44335336E+02
  0.11700000E+01  0.20946265E+03 -0.43641937E+02
  0.11800000E+01  0.20824504E+03 -0.43833067E+02
  0.11900000E+01  0.20694395E+03 -0.44809905E+02
  0.12000000E+01  0.20614908E+03 -0.46130925E+02
  0.12100000E+01  0.20621658E+03 -0.47379595E+02
  0.12200000E+01  0.20716446E+03 -0.48331138E+02
  0.12300000E+01  0.20870766E+03 -0.48884866E+02
  0.12400000E+01  0.21039406E+03 -0.49014010E+02
  0.12500000E+01  0.21177218E+03 -0.48817327E+02
  0.12600000E+01  0.21252730E+03 -0.48538509E+02
  0.12700000E+01  0.21255309E+03 -0.48438270E+02
  0.12800000E+01  0.21195818E+03 -0.48595589E+02
  0.12900000E+01  0.21102488E+03 -0.48892576E+02
  0.13000000E+01  0.21013628E+03 -0.49257619E+02
  0.13100000E+01  0.20968033E+03 -0.49837896E+02
  0.13200000E+01  0.20993931E+03 -0.50814065E+02
  0.13300000E+01  0.21098657E+03 -0.52076464E+02
  0.13400000E+01  0.21263021E+03 -0.53184772E+02
  0.13500000E+01  0.21444400E+03 -0.53686408E+02
  0.13600000E+01  0.21589899E+03 -0.53457818E+02
  0.13700000E+01  0.21656037E+03 -0.52756682E+02
  0.13800000E+01  0.21627201E+03 -0.52038413E+02
  0.13900000E+01  0.21524196E+03 -0.51740748E+02
  0.14000000E+01  0.21397900E+03 -0.52136664E+02
  0.14100000E+01  0.21309726E+03 -0.53261811E+02
  0.14200000E+01  0.21306957E+03 -0.54864399E+02
  0.14300000E+01  0.21403776E+03 -0.56415669E+02
  0.14400000E+01  0.21576248E+03 -0.57340832E+02
  0.14500000E+01  0.21773059E+03 -0.57408796E+02
  0.14600000E+01  0.21936592E+03 -0.56888383E+02
  0.14700000E+01  0.22024759E+03 -0.56287294E+02
  0.14800000E+01  0.22024718E+03 -0.55992309E+02
  0.14900000E+01  0.21954324E+03 -0.56131867E+02
  0.15000000E+01  0.21852904E+03 -0.56647183E+02
  0.15100000E+01  0.21766699E+03 -0.57410280E+02
  0.15200000E+01  0.21734654E+03 -0.58296476E+02
  0.15300000E+01  0.21778229E+03 -0.59211822E+02
  0.15400000E+01  0.21896485E+03 -0.60086013E+02
  0.15500000E+01  0.22066450E+03 -0.60839774E+02
  0.15600000E+01  0.22248692E+03 -0.61350779E+02
  0.15700000E+01  0.22397854E+03 -0.61463508E+02
  0.15800000E+01  0.22476617E+03 -0.61112993E+02
  0.15900000E+01  0.22469316E+03 -0.60506674E+02
  0.16000000E+01  0.22389813E+03 -0.60105260E+02
  0.16100000E+01  0.22279101E+03 -0.60324664E+02
  0.16200000E+01  0.22191809E+03 -0.61262823E+02
  0.16300000E+01  0.22176004E+03 -0.62681521E+02
  0.16400000E+01  0.22254436E+03 -0.64163733E+02
  0.16500000E+01  0.22415417E+03 -0.65288309E+02
  0.16600000E+01  0.22617437E+03 -0.65762809E+02
  0.16700000E+01  0.22805405E+03 -0.65551150E+02
  0.16800000E+01  0.22931330E+03 -0.64946197E+02
  0.16900000E+01  0.22970849E+03 -0.64440016E+02
  0.17000000E+01  0.22929763E+03 -0.64402999E+02
  0.17100000E+01  0.22839654E+03 -0.64847424E+02
  0.17200000E+01  0.22745946E+03 -0.65538651E+02
  0.17300000E+01  0.22693451E+03 -0.66315953E+02
  0.17400000E+01  0.22713641E+03 -0.67209373E+02
  0.17500000E+01  0.22816146E+03 -0.68247862E+02
  0.17600000E+01  0.22985774E+03 -0.69266843E+02
  0.17700000E+01  0.23185963E+03 -0.69958676E+02
  0.17800000E+01  0.23368808E+03 -0.70103400E+02
  0.17900000E+01  0.23489983E+03 -0.69740924E+02
  0.18000000E+01  0.23524278E+03 -0.69146716E+02
  0.18100000E+01  0.23475816E+03 -0.68703261E+02
  0.18200000E+01  0.23378073E+03 -0.68772024E+02
  0.18300000E+01  0.23282662E+03 -0.69538073E+02
  0.18400000E+01  0.23240829E+03 -0.70858705E+02
  0.18500000E+01  0.23285019E+03 -0.72303649E+02
  0.18600000E+01  0.23417830E+03 -0.73433611E+02
  0.18700000E+01  0.23612230E+03 -0.74052547E+02
  0.18800000E+01  0.23822036E+03 -0.74209936E+02
  0.18900000E+01  0.23997875E+03 -0.74063866E+02
  0.19000000E+01  0.24102746E+03 -0.73794335E+02
  0.19100000E+01  0.24122589E+03 -0.73574348E+02
  0.19200000E+01  0.24069689E+03 -0.73539974E+02
  0.19300000E+01  0.23978783E+03 -0.73770588E+02
  0.19400000E+01  0.23897041E+03 -0.74320174E+02
  0.19500000E+01  0.23870098E+03 -0.75248948E+02
  0.19600000E+01  0.23927550E+03 -0.76535618E+02
  0.19700000E+01  0.24072383E+03 -0.77919515E+02
  0.19800000E+01  0.24278627E+03 -0.78932766E+02
  0.19900000E+01  0.24499170E+03 -0.79218190E+02
  0.20000000E+01  0.24681659E+03 -0.78835700E+02
  0.20100000E+01  0.24786675E+03 -0.78215702E+02
  0.20200000E+01  0.24801165E+03 -0.77823465E+02
  0.20300000E+01  0.24742199E+03 -0.77893415E+02
  0.20400000E+01  0.24650330E+03 -0.78417320E+02
  0.20500000E+01  0.24575807E+03 -0.79266095E+02
  0.20600000E+01  0.24562766E+03 -0.80290357E+02
  0.20700000E+01  0.24636129E+03 -0.81376456E+02
  0.20800000E+01  0.24794426E+03 -0.82443813E+02
  0.20900000E+01  0.25010080E+03 -0.83351851E+02
  0.21000000E+01  0.25237264E+03 -0.83849591E+02
  0.21100000E+01  0.25425700E+03 -0.83751281E+02
  0.21200000E+01  0.25536704E+03 -0.83193618E+02
  0.21300000E+01  0.25556299E+03 -0.82621769E+02
  0.21400000E+01  0.25500440E+03 -0.82480620E+02
  0.21500000E+01  0.25410047E+03 -0.82946577E+02
  0.21600000E+01  0.25337447E+03 -0.83914700E+02
  0.21700000E+01  0.25329162E+03 -0.85143709E+02
  0.21800000E+01  0.25411100E+03 -0.86380943E+02
  0.21900000E+01  0.25580823E+03 -0.87423704E+02
  0.22000000E+01  0.25808815E+03 -0.88151412E+02
  0.22100000E+01  0.26047796E+03 -0.88513906E+02
  0.22200000E+01  0.26247152E+03 -0.88492057E+02
  0.22300000E+01  0.26368388E+03 -0.88134349E+02
  0.22400000E+01  0.26397207E+03 -0.87657268E+02
  0.22500000E+01  0.26348465E+03 -0.87421867E+02
  0.22600000E+01  0.26262025E+03 -0.87726528E+02
  0.22700000E+01  0.26190414E+03 -0.88618787E+02
  0.22800000E+01  0.26182098E+03 -0.89901271E+02
  0.22900000E+01  0.26265930E+03 -0.91270070E+02
  0.23000000E+01  0.26441979E+03 -0.92438408E+02
  0.23100000E+01  0.26681644E+03 -0.93207733E+02
  0.23200000E+01  0.26936756E+03 -0.93516501E+02
  0.23300000E+01  0.27154564E+03 -0.93438783E+02
  0.23400000E+01  0.27293951E+03 -0.93113439E+02
  0.23500000E+01  0.27338059E+03 -0.92711082E+02
  0.23600000E+01  0.27299656E+03 -0.92478748E+02
  0.23700000E+01  0.27217507E+03 -0.92694210E+02
  0.23800000E+01  0.27144674E+03 -0.93488587E+02
  0.23900000E+01  0.27132128E+03 -0.94743264E+02
  0.24000000E+01  0.27212765E+03 -0.96167412E+02
  0.24100000E+01  0.27390966E+03 -0.97444196E+02
  0.24200000E+01  0.27641074E+03 -0.98331894E+02
  0.24300000E+01  0.27915276E+03 -0.98721329E+02
  0.24400000E+01  0.28158346E+03 -0.98661171E+02
  0.24500000E+01  0.28324623E+03 -0.98312488E+02
  0.24600000E+01  0.28392069E+03 -0.97876195E+02
  0.24700000E+01  0.28369165E+03 -0.97596971E+02
  0.24800000E+01  0.28292557E+03 -0.97747094E+02
  0.24900000E+01  0.28216078E+03 -0.98476576E+02
  0.25000000E+01  0.28194385E+03 -0.99694694E+02
  0.25100000E+01  0.28266161E+03 -0.10113195E+03
  0.25200000E+01  0.28442061E+03 -0.10248570E+03
  0.25300000E+01  0.28701176E+03 -0.10351245E+03
  0.25400000E+01  0.28997161E+03 -0.10406264E+03
  0.25500000E+01  0.29272209E+03 -0.10410756E+03
  0.25600000E+01  0.29474665E+03 -0.10375036E+03
  0.25700000E+01  0.29574898E+03 -0.10321286E+03
  0.25800000E+01  0.29574589E+03 -0.10281724E+03
  0.25900000E+01  0.29506515E+03 -0.10288584E+03
  0.26000000E+01  0.29424851E+03 -0.10355684E+03
  0.26100000E+01  0.29388898E+03 -0.10472010E+03
  0.26200000E+01  0.29445141E+03 -0.10613475E+03
  0.26300000E+01  0.29613024E+03 -0.10755705E+03
  0.26400000E+01  0.29878703E+03 -0.10876628E+03
  0.26500000E+01  0.30198740E+03 -0.10955011E+03
  0.26600000E+01  0.30512837E+03 -0.10975094E+03
  0.26700000E+01  0.30761941E+03 -0.10938227E+03
  0.26800000E+01  0.30906311E+03 -0.10871522E+03
  0.26900000E+01  0.30937923E+03 -0.10819063E+03
  0.27000000E+01  0.30883321E+03 -0.10815932E+03
  0.27100000E+01  0.30795976E+03 -0.10870975E+03
  0.27200000E+01  0.30740487E+03 -0.10974240E+03
  0.27300000E+01  0.30773344E+03 -0.11111322E+03
  0.27400000E+01  0.30925865E+03 -0.11265649E+03
  0.27500000E+01  0.31194301E+03 -0.11412207E+03
  0.27600000E+01  0.31540184E+03 -0.11517057E+03
  0.27700000E+01  0.31901138E+03 -0.11551702E+03
  0.27800000E+01  0.32209286E+03 -0.11515837E+03
  0.27900000E+01  0.32411810E+03 -0.11443458E+03
  0.28000000E+01  0.32487339E+03 -0.11379442E+03
  0.28100000E+01  0.32453025E+03 -0.11354270E+03
  0.28200000E+01  0.32360058E+03 -0.11382204E+03
  0.28300000E+01  0.32278948E+03 -0.11468586E+03
  0.28400000E+01  0.32278842E+03 -0.11608475E+03
  0.28500000E+01  0.32406828E+03 -0.11781173E+03
  0.28600000E+01  0.32673195E+03 -0.11951126E+03
  0.28700000E+01  0.33047189E+03 -0.12078880E+03
  0.28800000E+01  0.33464963E+03 -0.12136811E+03
  0.28900000E+01  0.33847896E+03 -0.12119290E+03
  0.29000000E+01  0.34126096E+03 -0.12044669E+03
  0.29100000E+01  0.34260014E+03 -0.11951732E+03
  0.29200000E+01  0.34253400E+03 -0.11887202E+03
  0.29300000E+01  0.34153451E+03 -0.11886351E+03
  0.29400000E+01  0.34037865E+03 -0.11960836E+03
  0.29500000E+01  0.33992409E+03 -0.12100652E+03
  0.29600000E+01  0.34085357E+03 -0.12283348E+03
  0.29700000E+01  0.34346144E+03 -0.12479245E+03
  0.29800000E+01  0.34754724E+03 -0.12648864E+03
  0.29900000E+01  0.35245401E+03 -0.12746756E+03
  0.30000000E+01  0.35724902E+03 -0.12744598E+03
  0.30100000E+01  0.36099971E+03 -0.12654861E+03
  0.30200000E+01  0.36306375E+03 -0.12526684E+03
  0.30300000E+01  0.36330218E+03 -0.12418871E+03
  0.30400000E+01  0.36214531E+03 -0.12376727E+03
  0.30500000E+01  0.36048521E+03 -0.12424554E+03
  0.30600000E+01  0.35942116E+03 -0.12564537E+03
  0.30700000E+01  0.35992892E+03 -0.12775206E+03
  0.30800000E+01  0.36254973E+03 -0.13015375E+03
  0.30900000E+01  0.36719505E+03 -0.13232960E+03
  0.31000000E+01  0.37313604E+03 -0.13372061E+03
  0.31100000E+01  0.37919657E+03 -0.13387822E+03
  0.31200000E+01  0.38410452E+03 -0.13275310E+03
  0.31300000E+01  0.38689884E+03 -0.13086474E+03
  0.31400000E+01  0.38726159E+03 -0.12907638E+03
  0.31500000E+01  0.38565963E+03 -0.12814577E+03
  0.31600000E+01  0.38323752E+03 -0.12846598E+03
  0.31700000E+01  0.38148214E+03 -0.13007223E+03
  0.31800000E+01  0.38175421E+03 -0.13269399E+03
  0.31900000E+01  0.38483052E+03 -0.13578399E+03
  0.32000000E+01  0.39060745E+03 -0.13859191E+03
  0.32100000E+01  0.39807845E+03 -0.14029989E+03
  0.32200000E+01  0.40561756E+03 -0.14026891E+03
  0.32300000E+01  0.41149866E+03 -0.13842828E+03
  0.32400000E+01  0.41448805E+03 -0.13554132E+03
  0.32500000E+01  0.41430395E+03 -0.13291449E+03
  0.32600000E+01  0.41176758E+03 -0.13168936E+03
  0.32700000E+01  0.40857051E+03 -0.13237674E+03
  0.32800000E+01  0.40671863E+03 -0.13485165E+03
  0.32900000E+01  0.40783448E+03 -0.13851335E+03
  0.33000000E+01  0.41256155E+03 -0.14241852E+03
  0.33100000E+01  0.42029299E+03 -0.14543469E+03
  0.33200000E+01  0.42934399E+03 -0.14650964E+03
  0.33300000E+01  0.43753112E+03 -0.14512503E+03
  0.33400000E+01  0.44296360E+03 -0.14178715E+03
  0.33500000E+01  0.44475393E+03 -0.13801922E+03
  0.33600000E+01  0.44336691E+03 -0.13558296E+03
  0.33700000E+01  0.44045542E+03 -0.13554922E+03
  0.33800000E+01  0.43823391E+03 -0.13794336E+03
  0.33900000E+01  0.43863170E+03 -0.14193146E+03
  0.34000000E+01  0.44256455E+03 -0.14617462E+03
  0.34100000E+01  0.44961723E+03 -0.14922830E+03
  0.34200000E+01  0.45826027E+03 -0.15003263E+03
  0.34300000E+01  0.46649988E+03 -0.14843140E+03
  0.34400000E+01  0.47267957E+03 -0.14536432E+03
  0.34500000E+01  0.47609394E+03 -0.14240409E+03
  0.34600000E+01  0.47716795E+03 -0.14092975E+03
  0.34700000E+01  0.47715718E+03 -0.14153098E+03
  0.34800000E+01  0.47754183E+03 -0.14383525E+03
  0.34900000E+01  0.47941339E+03 -0.14670802E+03
  0.35000000E+01  0.48312848E+03 -0.14882335E+03
  0.35100000E+01  0.48834487E+03 -0.14941797E+03
  0.35200000E+01  0.49435164E+03 -0.14874118E+03
  0.35300000E+01  0.50046979E+03 -0.14778095E+03
  0.35400000E+01  0.50630290E+03 -0.14746569E+03
  0.35500000E+01  0.51174586E+03 -0.14803550E+03
  0.35600000E+01  0.51682330E+03 -0.14898492E+03
  0.35700000E+01  0.52152428E+03 -0.14947480E+03
  0.35800000E+01  0.52576997E+03 -0.14896474E+03
  0.35900000E+01  0.52952888E+03 -0.14770242E+03
  0.36000000E+01  0.53297128E+03 -0.14661769E+03
  0.36100000E+01  0.53651951E+03 -0.14661909E+03
  0.36200000E+01  0.54072475E+03 -0.14790091E+03
  0.36300000E+01  0.54602650E+03 -0.14980202E+03
  0.36400000E+01  0.55253665E+03 -0.15124949E+03
  0.36500000E+01  0.55997700E+03 -0.15148487E+03
  0.36600000E+01  0.56780173E+03 -0.15058581E+03
  0.36700000E+01  0.57542772E+03 -0.14931067E+03
  0.36800000E+01  0.58244854E+03 -0.14838666E+03
  0.36900000E+01  0.58874213E+03 -0.14795527E+03
  0.37000000E+01  0.59445931E+03 -0.14764201E+03
  0.37100000E+01  0.59993894E+03 -0.14708757E+03
  0.37200000E+01  0.60560453E+03 -0.14640076E+03
  0.37300000E+01  0.61186978E+03 -0.14604538E+03
  0.37400000E+01  0.61905554E+03 -0.14626244E+03
  0.37500000E+01  0.62731901E+03 -0.14670417E+03
  0.37600000E+01  0.63661190E+03 -0.14671398E+03
  0.37700000E+01  0.64669073E+03 -0.14594275E+03
  0.37800000E+01  0.65718804E+03 -0.14459608E+03
  0.37900000E+01  0.66772618E+03 -0.14304211E+03
  0.38000000E+01  0.67803543E+03 -0.14134795E+03
  0.38100000E+01  0.68803811E+03 -0.13936559E+03
  0.38200000E+01  0.69787535E+03 -0.13715882E+03
  0.38300000E+01  0.70787337E+03 -0.13506604E+03
  0.38400000E+01  0.71846282E+03 -0.13327120E+03
  0.38500000E+01  0.73007514E+03 -0.13154510E+03
  0.38600000E+01  0.74304527E+03 -0.12952762E+03
  0.38700000E+01  0.75754746E+03 -0.12705691E+03
  0.38800000E+01  0.77358201E+03 -0.12406948E+03
  0.38900000E+01  0.79101663E+03 -0.12038863E+03
  0.39000000E+01  0.80967280E+03 -0.11582368E+03
  0.39100000E+01  0.82943693E+03 -0.11033024E+03
  0.39200000E+01  0.85037099E+03 -0.10393132E+03
  0.39300000E+01  0.87279524E+03 -0.96630338E+02
  0.39400000E+01  0.89731816E+03 -0.88436826E+02
  0.39500000E+01  0.92479315E+03 -0.79282538E+02
  0.39600000E+01  0.95618970E+03 -0.68894870E+02
  0.39700000E+01  0.99237607E+03 -0.56819091E+02
  0.39800000E+01  0.10338257E+04 -0.42478630E+02
  0.39900000E+01  0.10802833E+04 -0.25198392E+02
  0.40000000E+01  0.11304588E+04 -0.42312328E+01
  0.40100000E+01  0.11818536E+04  0.21205490E+02
  0.40200000E+01  0.12308293E+04  0.51825577E+02
  0.40300000E+01  0.12729979E+04  0.88036373E+02
  0.40400000E+01  0.13039164E+04  0.12955665E+03
  0.40500000E+01  0.13199483E+04  0.17502975E+03
  0.40600000E+01  0.13190569E+04  0.22198913E+03
  0.40700000E+01  0.13012766E+04  0.26746651E+03
  0.40800000E+01  0.12686984E+04  0.30896973E+03
  0.40900000E+01  0.12249714E+04  0.34513248E+03
  0.41000000E+01  0.11744849E+04  0.37570519E+03
  0.41100000E+01  0.11214948E+04  0.40115445E+03
  0.41200000E+01  0.10694408E+04  0.42224890E+03
  0.41300000E+01  0.10206001E+04  0.43979152E+03
  0.41400000E+01  0.97608948E+03  0.45448622E+03
  0.41500000E+01  0.93611764E+03  0.46688164E+03
  0.41600000E+01  0.90034560E+03  0.47735492E+03
  0.41700000E+01  0.86822447E+03  0.48613320E+03
  0.41800000E+01  0.83922966E+03  0.49336182E+03
  0.41900000E+01  0.81296821E+03  0.49919366E+03
  0.42000000E+01  0.78918067E+03  0.50383710E+03
  0.42100000E+01  0.76768141E+03  0.50753934E+03
  0.42200000E+01  0.74828368E+03  0.51054155E+03
  0.42300000E+01  0.73074380E+03  0.51304962E+03
  0.42400000E+01  0.71474228E+03  0.51522561E+03
  0.42500000E+01  0.69990358E+03  0.51718689E+03
  0.42600000E+01  0.68584493E+03  0.51900640E+03
  0.42700000E+01  0.67223806E+03  0.52070020E+03
  0.42800000E+01  0.65886485E+03  0.52221707E+03
  0.42900000E+01  0.64564975E+03  0.52345467E+03
  0.43000000E+01  0.63265789E+03  0.52430224E+03
  0.43100000E+01  0.62005787E+03  0.52471212E+03
  0.43200000E+01  0.60805896E+03  0.52473276E+03
  0.43300000E+01  0.59684061E+03  0.52446829E+03
  0.43400000E+01  0.58649383E+03  0.52404037E+03
  0.43500000E+01  0.57698956E+03  0.52356376E+03
  0.43600000E+01  0.56818064E+03  0.52311934E+03
  0.43700000E+01  0.55983528E+03  0.52275755E+03
  0.43800000E+01  0.55169249E+03  0.52250894E+03
  0.43900000E+01  0.54352524E+03  0.52235392E+03
  0.44000000E+01  0.53519537E+03  0.52220488E+03
  0.44100000E+01  0.52668539E+03  0.52194654E+03
  0.44200000E+01  0.51809786E+03  0.52147152E+03
  0.44300000E+01  0.50962216E+03  0.52070954E+03
  0.44400000E+01  0.50147793E+03  0.51968431E+03
  0.44500000E+01  0.49385171E+03  0.51850103E+03
  0.44600000E+01  0.48684478E+03  0.51725956E+03
  0.44700000E+01  0.48044548E+03  0.51603185E+03
  0.44800000E+01  0.47453223E+03  0.51489218E+03
  0.44900000E+01  0.46890477E+03  0.51390308E+03
  0.45000000E+01  0.46333533E+03  0.51307132E+03
  0.45100000E+01  0.45762652E+03  0.51234897E+03
  0.45200000E+01  0.45166170E+03  0.51167547E+03
  0.45300000E+01  0.44543402E+03  0.51096207E+03
  0.45400000E+01  0.43904596E+03  0.51007338E+03
  0.45500000E+01  0.43267891E+03  0.50892939E+03
  0.45600000E+01  0.42654135E+03  0.50758225E+03
  0.45700000E+01  0.42081092E+03  0.50613236E+03
  0.45800000E+01  0.41558652E+03  0.50464297E+03
  0.45900000E+01  0.41086283E+03  0.50317092E+03
  0.46000000E+01  0.40653287E+03  0.50180150E+03
  0.46100000E+01  0.40241637E+03  0.50060280E+03
  0.46200000E+01  0.39830655E+03  0.49956993E+03
  0.46300000E+01  0.39402330E+03  0.49864158E+03
  0.46400000E+01  0.38945976E+03  0.49776024E+03
  0.46500000E+01  0.38460974E+03  0.49686875E+03
  0.46600000E+01  0.37956805E+03  0.49585575E+03
  0.46700000E+01  0.37450329E+03  0.49460899E+03
  0.46800000E+01  0.36961051E+03  0.49314802E+03
  0.46900000E+01  0.36505782E+03  0.49160251E+03
  0.47000000E+01  0.36094173E+03  0.49006538E+03
  0.47100000E+01  0.35726292E+03  0.48855902E+03
  0.47200000E+01  0.35392745E+03  0.48711474E+03
  0.47300000E+01  0.35077199E+03  0.48580553E+03
  0.47400000E+01  0.34760629E+03  0.48468846E+03
  0.47500000E+01  0.34426237E+03  0.48372923E+03
  0.47600000E+01  0.34063803E+03  0.48280639E+03
  0.47700000E+01  0.33672337E+03  0.48181055E+03
  0.47800000E+01  0.33260254E+03  0.48070813E+03
  0.47900000E+01  0.32843000E+03  0.47948473E+03
  0.48000000E+01  0.32438775E+03  0.47809441E+03
  0.48100000E+01  0.32063586E+03  0.47653679E+03
  0.48200000E+01  0.31727012E+03  0.47492874E+03
  0.48300000E+01  0.31429809E+03  0.47341258E+03
  0.48400000E+01  0.31163875E+03  0.47203475E+03
  0.48500000E+01  0.30914466E+03  0.47076570E+03
  0.48600000E+01  0.30664016E+03  0.46958752E+03
  0.48700000E+01  0.30396641E+03  0.46852208E+03
  0.48800000E+01  0.30102253E+03  0.46757912E+03
  0.48900000E+01  0.29779211E+03  0.46667456E+03
  0.49000000E+01  0.29434729E+03  0.46563834E+03
  0.49100000E+01  0.29082846E+03  0.46436379E+03
  0.49200000E+01  0.28740519E+03  0.46291733E+03
  0.49300000E+01  0.28423026E+03  0.46144066E+03
  0.49400000E+01  0.28139991E+03  0.45998772E+03
  0.49500000E+01  0.27893016E+03  0.45852805E+03
  0.49600000E+01  0.27675404E+03  0.45708059E+03
  0.49700000E+01  0.27473939E+03  0.45574939E+03
  0.49800000E+01  0.27272297E+03  0.45461632E+03
  0.49900000E+01  0.27055283E+03  0.45365726E+03
  0.50000000E+01  0.26812812E+03  0.45275787E+03
  0.50100000E+01  0.26542535E+03  0.45178781E+03
  0.50200000E+01  0.26250366E+03  0.45068841E+03
  0.50300000E+01  0.25948789E+03  0.44949174E+03
  0.50400000E+01  0.25653478E+03  0.44822945E+03
  0.50500000E+01  0.25379153E+03  0.44686484E+03
  0.50600000E+01  0.25135732E+03  0.44537546E+03
  0.50700000E+01  0.24925778E+03  0.44385753E+03
  0.50800000E+01  0.24743897E+03  0.44246747E+03
  0.50900000E+01  0.24578257E+03  0.44127428E+03
  0.51000000E+01  0.24413764E+03  0.44022018E+03
  0.51100000E+01  0.24235991E+03  0.43921841E+03
  0.51200000E+01  0.24034827E+03  0.43823583E+03
  0.51300000E+01  0.23806986E+03  0.43727139E+03
  0.51400000E+01  0.23556824E+03  0.43630310E+03
  0.51500000E+01  0.23295243E+03  0.43526388E+03
  0.51600000E+01  0.23036840E+03  0.43406036E+03
  0.51700000E+01  0.22795967E+03  0.43265986E+03
  0.51800000E+01  0.22582818E+03  0.43116801E+03
  0.51900000E+01  0.22400755E+03  0.42975946E+03
  0.52000000E+01  0.22245633E+03  0.42851668E+03
  0.52100000E+01  0.22107159E+03  0.42738205E+03
  0.52200000E+01  0.21971654E+03  0.42627691E+03
  0.52300000E+01  0.21825437E+03  0.42521406E+03
  0.52400000E+01  0.21658132E+03  0.42425787E+03
  0.52500000E+01  0.21465298E+03  0.42340734E+03
  0.52600000E+01  0.21249742E+03  0.42255723E+03
  0.52700000E+01  0.21020958E+03  0.42156691E+03
  0.52800000E+01  0.20792565E+03  0.42035977E+03
  0.52900000E+01  0.20578442E+03  0.41898574E+03
  0.53000000E+01  0.20388874E+03  0.41759624E+03
  0.53100000E+01  0.20227978E+03  0.41632053E+03
  0.53200000E+01  0.20093015E+03  0.41515476E+03
  0.53300000E+01  0.19975412E+03  0.41400998E+03
  0.53400000E+01  0.19862937E+03  0.41286556E+03
  0.53500000E+01  0.19742527E+03  0.41181135E+03
  0.53600000E+01  0.19603418E+03  0.41092789E+03
  0.53700000E+01  0.19440031E+03  0.41016871E+03
  0.53800000E+01  0.19253741E+03  0.40937702E+03
  0.53900000E+01  0.19052679E+03  0.40840941E+03
  0.54000000E+01  0.18849394E+03  0.40723659E+03
  0.54100000E+01  0.18657144E+03  0.40594460E+03
  0.54200000E+01  0.18486227E+03  0.40466468E+03
  0.54300000E+01  0.18341554E+03  0.40347722E+03
  0.54400000E+01  0.18221866E+03  0.40235242E+03
  0.54500000E+01  0.18120345E+03  0.40121403E+03
  0.54600000E+01  0.18026192E+03  0.40007293E+03
  0.54700000E+01  0.17926981E+03  0.39904359E+03
  0.54800000E+01  0.17811640E+03  0.39820943E+03
  0.54900000E+01  0.17673528E+03  0.39750766E+03
  0.55000000E+01  0.17512582E+03  0.39676592E+03
  0.55100000E+01  0.17335491E+03  0.39584431E+03
  0.55200000E+01  0.17153647E+03  0.39473285E+03
  0.55300000E+01  0.16979653E+03  0.39352519E+03
  0.55400000E+01  0.16823819E+03  0.39233016E+03
  0.55500000E+01  0.16691800E+03  0.39120342E+03
  0.55600000E+01  0.16583715E+03  0.39012103E+03
  0.55700000E+01  0.16494425E+03  0.38902294E+03
  0.55800000E+01  0.16414639E+03  0.38791335E+03
  0.55900000E+01  0.16332774E+03  0.38689567E+03
  0.56000000E+01  0.16237655E+03  0.38607003E+03
  0.56100000E+01  0.16121637E+03  0.38540241E+03
  0.56200000E+01  0.15983094E+03  0.38472628E+03
  0.56300000E+01  0.15827113E+03  0.38388302E+03
  0.56400000E+01  0.15663874E+03  0.38284468E+03
  0.56500000E+01  0.15505399E+03  0.38170235E+03
  0.56600000E+01  0.15362068E+03  0.38056562E+03
  0.56700000E+01  0.15240184E+03  0.37948749E+03
  0.56800000E+01  0.15140990E+03  0.37845434E+03
  0.56900000E+01  0.15060837E+03  0.37741932E+03
  0.57000000E+01  0.14991990E+03  0.37636670E+03
  0.57100000E+01  0.14924036E+03  0.37536079E+03
  0.57200000E+01  0.14846077E+03  0.37450721E+03
  0.57300000E+01  0.14749616E+03  0.37383495E+03
  0.57400000E+01  0.14631322E+03  0.37322519E+03
  0.57500000E+01  0.14494373E+03  0.37249518E+03
  0.57600000E+01  0.14347564E+03  0.37155646E+03
  0.57700000E+01  0.14202407E+03  0.37046972E+03
  0.57800000E+01  0.14069543E+03  0.36936082E+03
  0.57900000E+01  0.13955965E+03  0.36831199E+03
  0.58000000E+01  0.13863813E+03  0.36732665E+03
  0.58100000E+01  0.13790544E+03  0.36636344E+03
  0.58200000E+01  0.13729794E+03  0.36538970E+03
  0.58300000E+01  0.13672539E+03  0.36442408E+03
  0.58400000E+01  0.13608701E+03  0.36354150E+03
  0.58500000E+01  0.13529435E+03  0.36281532E+03
  0.58600000E+01  0.13429783E+03  0.36222079E+03
  0.58700000E+01  0.13310649E+03  0.36160852E+03
  0.58800000E+01  0.13178925E+03  0.36081945E+03
  0.58900000E+01  0.13045368E+03  0.35982499E+03
  0.59000000E+01  0.12921070E+03  0.35873253E+03
  0.59100000E+01  0.12814095E+03  0.35767380E+03
  0.59200000E+01  0.12727620E+03  0.35670665E+03
  0.59300000E+01  0.12659896E+03  0.35580675E+03
  0.59400000E+01  0.12605372E+03  0.35492344E+03
  0.59500000E+01  0.12556130E+03  0.35403518E+03
  0.59600000E+01  0.12503249E+03  0.35316991E+03
  0.59700000E+01  0.12438355E+03  0.35238843E+03
  0.59800000E+01  0.12355586E+03  0.35173334E+03
  0.59900000E+01  0.12253625E+03  0.35115959E+03
  0.60000000E+01  0.12136777E+03  0.35052599E+03
