  0.20000000E+00  0.22752148E-22 -0.91067380E+00
  0.21000000E+00  0.25259142E-22 -0.95622782E+00
  0.22000000E+00  0.28015111E-22 -0.10017848E+01
  0.23000000E+00  0.30907127E-22 -0.10473449E+01
  0.24000000E+00  0.33802690E-22 -0.10929083E+01
  0.25000000E+00  0.36599580E-22 -0.11384750E+01
  0.26000000E+00  0.39268800E-22 -0.11840453E+01
  0.27000000E+00  0.41873311E-22 -0.12296193E+01
  0.28000000E+00  0.44552814E-22 -0.12751971E+01
  0.29000000E+00  0.47477091E-22 -0.13207789E+01
  0.30000000E+00  0.50783246E-22 -0.13663648E+01
  0.31000000E+00  0.54520122E-22 -0.14119550E+01
  0.32000000E+00  0.58622030E-22 -0.14575495E+01
  0.33000000E+00  0.62923648E-22 -0.15031486E+01
  0.34000000E+00  0.67212959E-22 -0.15487524E+01
  0.35000000E+00  0.71305409E-22 -0.15943610E+01
  0.36000000E+00  0.75114670E-22 -0.16399745E+01
  0.37000000E+00  0.78695104E-22 -0.16855932E+01
  0.38000000E+00  0.82237992E-22 -0.17312171E+01
  0.39000000E+00  0.86016708E-22 -0.17768464E+01
  0.40000000E+00  0.90293339E-22 -0.18224812E+01
  0.41000000E+00  0.95215969E-22 -0.18681217E+01
  0.42000000E+00  0.10074500E-21 -0.19137681E+01
  0.43000000E+00  0.10664216E-21 -0.19594204E+01
  0.44000000E+00  0.11253611E-21 -0.20050788E+01
  0.45000000E+00  0.11805016E-21 -0.20507434E+01
  0.46000000E+00  0.12295088E-21 -0.20964145E+01
  0.47000000E+00  0.12726206E-21 -0.21420921E+01
  0.48000000E+00  0.13129304E-21 -0.21877763E+01
  0.49000000E+00  0.13555536E-21 -0.22334674E+01
  0.50000000E+00  0.14058219E-21 -0.22791655E+01
  0.51000000E+00  0.14670874E-21 -0.23248707E+01
  0.52000000E+00  0.15390125E-21 -0.23705831E+01
  0.53000000E+00  0.16171721E-21 -0.24163029E+01
  0.54000000E+00  0.16943555E-21 -0.24620302E+01
  0.55000000E+00  0.17632527E-21 -0.25077653E+01
  0.56000000E+00  0.18195431E-21 -0.25535081E+01
  0.57000000E+00  0.18640992E-21 -0.25992590E+01
  0.58000000E+00  0.19032394E-21 -0.26450179E+01
  0.59000000E+00  0.19466787E-21 -0.26907851E+01
  0.60000000E+00  0.20037725E-21 -0.27365608E+01
  0.61000000E+00  0.20794666E-21 -0.27823449E+01
  0.62000000E+00  0.21716816E-21 -0.28281378E+01
  0.63000000E+00  0.22714539E-21 -0.28739395E+01
  0.64000000E+00  0.23660890E-21 -0.29197501E+01
  0.65000000E+00  0.24442528E-21 -0.29655699E+01
  0.66000000E+00  0.25009403E-21 -0.30113990E+01
  0.67000000E+00  0.25401274E-21 -0.30572375E+01
  0.68000000E+00  0.25737636E-21 -0.31030855E+01
  0.69000000E+00  0.26172772E-21 -0.31489433E+01
  0.70000000E+00  0.26832887E-21 -0.31948109E+01
  0.71000000E+00  0.27761047E-21 -0.32406885E+01
  0.72000000E+00  0.28893913E-21 -0.32865762E+01
  0.73000000E+00  0.30082142E-21 -0.33324743E+01
  0.74000000E+00  0.31148263E-21 -0.33783827E+01
  0.75000000E+00  0.31959235E-21 -0.34243018E+01
  0.76000000E+00  0.32483394E-21 -0.34702315E+01
  0.77000000E+00  0.32806989E-21 -0.35161722E+01
  0.78000000E+00  0.33102236E-21 -0.35621238E+01
  0.79000000E+00  0.33559370E-21 -0.36080866E+01
  0.80000000E+00  0.34310355E-21 -0.36540608E+01
  0.81000000E+00  0.35375314E-21 -0.37000463E+01
  0.82000000E+00  0.36653272E-21 -0.37460435E+01
  0.83000000E+00  0.37960755E-21 -0.37920524E+01
  0.84000000E+00  0.39102696E-21 -0.38380733E+01
  0.85000000E+00  0.39947515E-21 -0.38841061E+01
  0.86000000E+00  0.40477081E-21 -0.39301512E+01
  0.87000000E+00  0.40792848E-21 -0.39762086E+01
  0.88000000E+00  0.41077109E-21 -0.40222784E+01
  0.89000000E+00  0.41525402E-21 -0.40683609E+01
  0.90000000E+00  0.42275816E-21 -0.41144562E+01
  0.91000000E+00  0.43360308E-21 -0.41605644E+01
  0.92000000E+00  0.44693790E-21 -0.42066857E+01
  0.93000000E+00  0.46103339E-21 -0.42528202E+01
  0.94000000E+00  0.47386991E-21 -0.42989681E+01
  0.95000000E+00  0.48382739E-21 -0.43451295E+01
  0.96000000E+00  0.49025455E-21 -0.43913045E+01
  0.97000000E+00  0.49372977E-21 -0.44374934E+01
  0.98000000E+00  0.49591713E-21 -0.44836963E+01
  0.99000000E+00  0.49904481E-21 -0.45299132E+01
  0.10000000E+01  0.50515466E-21 -0.45761444E+01
  0.10100000E+01  0.51535929E-21 -0.46223901E+01
  0.10200000E+01  0.52936602E-21 -0.46686503E+01
  0.10300000E+01  0.54546829E-21 -0.47149252E+01
  0.10400000E+01  0.56106362E-21 -0.47612149E+01
  0.10500000E+01  0.57356434E-21 -0.48075197E+01
  0.10600000E+01  0.58139162E-21 -0.48538397E+01
  0.10700000E+01  0.58466645E-21 -0.49001749E+01
  0.10800000E+01  0.58528931E-21 -0.49465256E+01
  0.10900000E+01  0.58632056E-21 -0.49928919E+01
  0.11000000E+01  0.59085606E-21 -0.50392740E+01
  0.11100000E+01  0.60081682E-21 -0.50856720E+01
  0.11200000E+01  0.61613709E-21 -0.51320861E+01
  0.11300000E+01  0.63470223E-21 -0.51785164E+01
  0.11400000E+01  0.65309798E-21 -0.52249630E+01
  0.11500000E+01  0.66790024E-21 -0.52714262E+01
  0.11600000E+01  0.67700019E-21 -0.53179060E+01
  0.11700000E+01  0.68043363E-21 -0.53644027E+01
  0.11800000E+01  0.68038279E-21 -0.54109163E+01
  0.11900000E+01  0.68035767E-21 -0.54574471E+01
  0.12000000E+01  0.68388949E-21 -0.55039951E+01
  0.12100000E+01  0.69324352E-21 -0.55505606E+01
  0.12200000E+01  0.70862331E-21 -0.55971436E+01
  0.12300000E+01  0.72812962E-21 -0.56437444E+01
  0.12400000E+01  0.74845278E-21 -0.56903631E+01
  0.12500000E+01  0.76602783E-21 -0.57369999E+01
  0.12600000E+01  0.77824611E-21 -0.57836548E+01
  0.12700000E+01  0.78432613E-21 -0.58303281E+01
  0.12800000E+01  0.78557862E-21 -0.58770199E+01
  0.12900000E+01  0.78499839E-21 -0.59237304E+01
  0.13000000E+01  0.78631361E-21 -0.59704596E+01
  0.13100000E+01  0.79277359E-21 -0.60172079E+01
  0.13200000E+01  0.80603644E-21 -0.60639753E+01
  0.13300000E+01  0.82551507E-21 -0.61107619E+01
  0.13400000E+01  0.84843959E-21 -0.61575680E+01
  0.13500000E+01  0.87069044E-21 -0.62043937E+01
  0.13600000E+01  0.88818793E-21 -0.62512391E+01
  0.13700000E+01  0.89838096E-21 -0.62981045E+01
  0.13800000E+01  0.90127866E-21 -0.63449899E+01
  0.13900000E+01  0.89958882E-21 -0.63918955E+01
  0.14000000E+01  0.89784414E-21 -0.64388215E+01
  0.14100000E+01  0.90079485E-21 -0.64857680E+01
  0.14200000E+01  0.91165475E-21 -0.65327352E+01
  0.14300000E+01  0.93087293E-21 -0.65797233E+01
  0.14400000E+01  0.95591642E-21 -0.66267323E+01
  0.14500000E+01  0.98216058E-21 -0.66737625E+01
  0.14600000E+01  0.10045508E-20 -0.67208141E+01
  0.14700000E+01  0.10194058E-20 -0.67678871E+01
  0.14800000E+01  0.10256987E-20 -0.68149818E+01
  0.14900000E+01  0.10253788E-20 -0.68620982E+01
  0.15000000E+01  0.10226704E-20 -0.69092366E+01
  0.15100000E+01  0.10226378E-20 -0.69563971E+01
  0.15200000E+01  0.10295175E-20 -0.70035799E+01
  0.15300000E+01  0.10453416E-20 -0.70507851E+01
  0.15400000E+01  0.10692592E-20 -0.70980130E+01
  0.15500000E+01  0.10977545E-20 -0.71452635E+01
  0.15600000E+01  0.11257148E-20 -0.71925370E+01
  0.15700000E+01  0.11480605E-20 -0.72398336E+01
  0.15800000E+01  0.11614523E-20 -0.72871534E+01
  0.15900000E+01  0.11655162E-20 -0.73344966E+01
  0.16000000E+01  0.11631238E-20 -0.73818633E+01
  0.16100000E+01  0.11595530E-20 -0.74292538E+01
  0.16200000E+01  0.11607458E-20 -0.74766682E+01
  0.16300000E+01  0.11712385E-20 -0.75241066E+01
  0.16400000E+01  0.11925058E-20 -0.75715692E+01
  0.16500000E+01  0.12223508E-20 -0.76190562E+01
  0.16600000E+01  0.12556028E-20 -0.76665677E+01
  0.16700000E+01  0.12858928E-20 -0.77141040E+01
  0.16800000E+01  0.13078644E-20 -0.77616651E+01
  0.16900000E+01  0.13190199E-20 -0.78092512E+01
  0.17000000E+01  0.13205598E-20 -0.78568625E+01
  0.17100000E+01  0.13169629E-20 -0.79044992E+01
  0.17200000E+01  0.13145029E-20 -0.79521614E+01
  0.17300000E+01  0.13192173E-20 -0.79998492E+01
  0.17400000E+01  0.13349733E-20 -0.80475630E+01
  0.17500000E+01  0.13622022E-20 -0.80953027E+01
  0.17600000E+01  0.13976830E-20 -0.81430686E+01
  0.17700000E+01  0.14354733E-20 -0.81908609E+01
  0.17800000E+01  0.14687602E-20 -0.82386797E+01
  0.17900000E+01  0.14920968E-20 -0.82865252E+01
  0.18000000E+01  0.15032990E-20 -0.83343976E+01
  0.18100000E+01  0.15043225E-20 -0.83822969E+01
  0.18200000E+01  0.15007478E-20 -0.84302235E+01
  0.18300000E+01  0.14999874E-20 -0.84781774E+01
  0.18400000E+01  0.15088062E-20 -0.85261588E+01
  0.18500000E+01  0.15310157E-20 -0.85741680E+01
  0.18600000E+01  0.15661488E-20 -0.86222050E+01
  0.18700000E+01  0.16095766E-20 -0.86702700E+01
  0.18800000E+01  0.16540162E-20 -0.87183632E+01
  0.18900000E+01  0.16919101E-20 -0.87664848E+01
  0.19000000E+01  0.17178861E-20 -0.88146350E+01
  0.19100000E+01  0.17305101E-20 -0.88628139E+01
  0.19200000E+01  0.17327994E-20 -0.89110216E+01
  0.19300000E+01  0.17313440E-20 -0.89592584E+01
  0.19400000E+01  0.17342943E-20 -0.90075245E+01
  0.19500000E+01  0.17487970E-20 -0.90558199E+01
  0.19600000E+01  0.17786467E-20 -0.91041450E+01
  0.19700000E+01  0.18229144E-20 -0.91524998E+01
  0.19800000E+01  0.18760706E-20 -0.92008845E+01
  0.19900000E+01  0.19296623E-20 -0.92492993E+01
  0.20000000E+01  0.19750548E-20 -0.92977443E+01
  0.20100000E+01  0.20063219E-20 -0.93462199E+01
  0.20200000E+01  0.20222742E-20 -0.93947260E+01
  0.20300000E+01  0.20269194E-20 -0.94432629E+01
  0.20400000E+01  0.20282119E-20 -0.94918308E+01
  0.20500000E+01  0.20355353E-20 -0.95404299E+01
  0.20600000E+01  0.20567368E-20 -0.95890602E+01
  0.20700000E+01  0.20956245E-20 -0.96377221E+01
  0.20800000E+01  0.21506715E-20 -0.96864157E+01
  0.20900000E+01  0.22153385E-20 -0.97351411E+01
  0.21000000E+01  0.22799851E-20 -0.97838985E+01
  0.21100000E+01  0.23348603E-20 -0.98326882E+01
  0.21200000E+01  0.23732723E-20 -0.98815102E+01
  0.21300000E+01  0.23938898E-20 -0.99303648E+01
  0.21400000E+01  0.24013526E-20 -0.99792521E+01
  0.21500000E+01  0.24049190E-20 -0.10028172E+02
  0.21600000E+01  0.24155623E-20 -0.10077126E+02
  0.21700000E+01  0.24424598E-20 -0.10126112E+02
  0.21800000E+01  0.24900101E-20 -0.10175133E+02
  0.21900000E+01  0.25563260E-20 -0.10224186E+02
  0.22000000E+01  0.26336799E-20 -0.10273274E+02
  0.22100000E+01  0.27107901E-20 -0.10322396E+02
  0.22200000E+01  0.27762864E-20 -0.10371551E+02
  0.22300000E+01  0.28223177E-20 -0.10420742E+02
  0.22400000E+01  0.28471721E-20 -0.10469966E+02
  0.22500000E+01  0.28560321E-20 -0.10519226E+02
  0.22600000E+01  0.28595440E-20 -0.10568520E+02
  0.22700000E+01  0.28705806E-20 -0.10617850E+02
  0.22800000E+01  0.29001822E-20 -0.10667215E+02
  0.22900000E+01  0.29539607E-20 -0.10716615E+02
  0.23000000E+01  0.30301367E-20 -0.10766051E+02
  0.23100000E+01  0.31198752E-20 -0.10815523E+02
  0.23200000E+01  0.32098747E-20 -0.10865031E+02
  0.23300000E+01  0.32864444E-20 -0.10914575E+02
  0.23400000E+01  0.33398243E-20 -0.10964156E+02
  0.23500000E+01  0.33673904E-20 -0.11013773E+02
  0.23600000E+01  0.33747058E-20 -0.11063427E+02
  0.23700000E+01  0.33740240E-20 -0.11113118E+02
  0.23800000E+01  0.33806369E-20 -0.11162846E+02
  0.23900000E+01  0.34081430E-20 -0.11212611E+02
  0.24000000E+01  0.34640864E-20 -0.11262414E+02
  0.24100000E+01  0.35473514E-20 -0.11312255E+02
  0.24200000E+01  0.36482027E-20 -0.11362134E+02
  0.24300000E+01  0.37510567E-20 -0.11412051E+02
  0.24400000E+01  0.38392050E-20 -0.11462006E+02
  0.24500000E+01  0.39000513E-20 -0.11512000E+02
  0.24600000E+01  0.39292127E-20 -0.11562032E+02
  0.24700000E+01  0.39321553E-20 -0.11612103E+02
  0.24800000E+01  0.39227867E-20 -0.11662214E+02
  0.24900000E+01  0.39193711E-20 -0.11712363E+02
  0.25000000E+01  0.39389650E-20 -0.11762553E+02
  0.25100000E+01  0.39920477E-20 -0.11812781E+02
  0.25200000E+01  0.40790099E-20 -0.11863050E+02
  0.25300000E+01  0.41896559E-20 -0.11913359E+02
  0.25400000E+01  0.43060004E-20 -0.11963708E+02
  0.25500000E+01  0.44076236E-20 -0.12014098E+02
  0.25600000E+01  0.44779933E-20 -0.12064528E+02
  0.25700000E+01  0.45097818E-20 -0.12114999E+02
  0.25800000E+01  0.45074555E-20 -0.12165511E+02
  0.25900000E+01  0.44862503E-20 -0.12216064E+02
  0.26000000E+01  0.44677731E-20 -0.12266659E+02
  0.26100000E+01  0.44735192E-20 -0.12317296E+02
  0.26200000E+01  0.45182352E-20 -0.12367974E+02
  0.26300000E+01  0.46051339E-20 -0.12418694E+02
  0.26400000E+01  0.47244759E-20 -0.12469457E+02
  0.26500000E+01  0.48560925E-20 -0.12520262E+02
  0.26600000E+01  0.49752541E-20 -0.12571110E+02
  0.26700000E+01  0.50602008E-20 -0.12622001E+02
  0.26800000E+01  0.50990247E-20 -0.12672935E+02
  0.26900000E+01  0.50936963E-20 -0.12723912E+02
  0.27000000E+01  0.50598884E-20 -0.12774932E+02
  0.27100000E+01  0.50225678E-20 -0.12825996E+02
  0.27200000E+01  0.50086386E-20 -0.12877105E+02
  0.27300000E+01  0.50387992E-20 -0.12928257E+02
  0.27400000E+01  0.51210213E-20 -0.12979453E+02
  0.27500000E+01  0.52476404E-20 -0.13030695E+02
  0.27600000E+01  0.53970897E-20 -0.13081980E+02
  0.27700000E+01  0.55399800E-20 -0.13133311E+02
  0.27800000E+01  0.56478670E-20 -0.13184687E+02
  0.27900000E+01  0.57020801E-20 -0.13236108E+02
  0.28000000E+01  0.56998285E-20 -0.13287575E+02
  0.28100000E+01  0.56555862E-20 -0.13339088E+02
  0.28200000E+01  0.55972260E-20 -0.13390647E+02
  0.28300000E+01  0.55579940E-20 -0.13442252E+02
  0.28400000E+01  0.55666441E-20 -0.13493903E+02
  0.28500000E+01  0.56385934E-20 -0.13545601E+02
  0.28600000E+01  0.57707268E-20 -0.13597346E+02
  0.28700000E+01  0.59415547E-20 -0.13649138E+02
  0.28800000E+01  0.61169710E-20 -0.13700977E+02
  0.28900000E+01  0.62601696E-20 -0.13752863E+02
  0.29000000E+01  0.63428614E-20 -0.13804798E+02
  0.29100000E+01  0.63543327E-20 -0.13856780E+02
  0.29200000E+01  0.63054230E-20 -0.13908811E+02
  0.29300000E+01  0.62260416E-20 -0.13960890E+02
  0.29400000E+01  0.61568243E-20 -0.14013017E+02
  0.29500000E+01  0.61372839E-20 -0.14065193E+02
  0.29600000E+01  0.61938364E-20 -0.14117419E+02
  0.29700000E+01  0.63312000E-20 -0.14169693E+02
  0.29800000E+01  0.65298744E-20 -0.14222017E+02
  0.29900000E+01  0.67508453E-20 -0.14274391E+02
  0.30000000E+01  0.69465779E-20 -0.14326815E+02
  0.30100000E+01  0.70753075E-20 -0.14379288E+02
  0.30200000E+01  0.71143218E-20 -0.14431813E+02
  0.30300000E+01  0.70679677E-20 -0.14484387E+02
  0.30400000E+01  0.69676202E-20 -0.14537013E+02
  0.30500000E+01  0.68633015E-20 -0.14589690E+02
  0.30600000E+01  0.68091947E-20 -0.14642418E+02
  0.30700000E+01  0.68471512E-20 -0.14695197E+02
  0.30800000E+01  0.69930304E-20 -0.14748028E+02
  0.30900000E+01  0.72301740E-20 -0.14800912E+02
  0.31000000E+01  0.75125733E-20 -0.14853847E+02
  0.31100000E+01  0.77775590E-20 -0.14906835E+02
  0.31200000E+01  0.79647593E-20 -0.14959875E+02
  0.31300000E+01  0.80356369E-20 -0.15012969E+02
  0.31400000E+01  0.79871960E-20 -0.15066115E+02
  0.31500000E+01  0.78549485E-20 -0.15119315E+02
  0.31600000E+01  0.77035513E-20 -0.15172568E+02
  0.31700000E+01  0.76074948E-20 -0.15225876E+02
  0.31800000E+01  0.76275146E-20 -0.15279237E+02
  0.31900000E+01  0.77900187E-20 -0.15332653E+02
  0.32000000E+01  0.80763586E-20 -0.15386123E+02
  0.32100000E+01  0.84262003E-20 -0.15439648E+02
  0.32200000E+01  0.87550519E-20 -0.15493228E+02
  0.32300000E+01  0.89811856E-20 -0.15546863E+02
  0.32400000E+01  0.90533892E-20 -0.15600554E+02
  0.32500000E+01  0.89698782E-20 -0.15654300E+02
  0.32600000E+01  0.87811402E-20 -0.15708103E+02
  0.32700000E+01  0.85748570E-20 -0.15761961E+02
  0.32800000E+01  0.84473705E-20 -0.15815876E+02
  0.32900000E+01  0.84710752E-20 -0.15869848E+02
  0.33000000E+01  0.86688665E-20 -0.15923877E+02
  0.33100000E+01  0.90047824E-20 -0.15977963E+02
  0.33200000E+01  0.93948051E-20 -0.16032106E+02
  0.33300000E+01  0.97349363E-20 -0.16086308E+02
  0.33400000E+01  0.99372768E-20 -0.16140567E+02
  0.33500000E+01  0.99613176E-20 -0.16194884E+02
  0.33600000E+01  0.98287432E-20 -0.16249260E+02
  0.33700000E+01  0.96158393E-20 -0.16303694E+02
  0.33800000E+01  0.94260705E-20 -0.16358187E+02
  0.33900000E+01  0.93531058E-20 -0.16412740E+02
  0.34000000E+01  0.94482407E-20 -0.16467352E+02
  0.34100000E+01  0.97042584E-20 -0.16522024E+02
  0.34200000E+01  0.10061157E-19 -0.16576755E+02
  0.34300000E+01  0.10430625E-19 -0.16631547E+02
  0.34400000E+01  0.10729128E-19 -0.16686400E+02
  0.34500000E+01  0.10906691E-19 -0.16741313E+02
  0.34600000E+01  0.10960935E-19 -0.16796287E+02
  0.34700000E+01  0.10932513E-19 -0.16851322E+02
  0.34800000E+01  0.10885842E-19 -0.16906419E+02
  0.34900000E+01  0.10884517E-19 -0.16961577E+02
  0.35000000E+01  0.10971647E-19 -0.17016798E+02
  0.35100000E+01  0.11161456E-19 -0.17072081E+02
  0.35200000E+01  0.11442356E-19 -0.17127426E+02
  0.35300000E+01  0.11786637E-19 -0.17182835E+02
  0.35400000E+01  0.12160631E-19 -0.17238306E+02
  0.35500000E+01  0.12531593E-19 -0.17293841E+02
  0.35600000E+01  0.12871385E-19 -0.17349439E+02
  0.35700000E+01  0.13159480E-19 -0.17405101E+02
  0.35800000E+01  0.13387081E-19 -0.17460828E+02
  0.35900000E+01  0.13561463E-19 -0.17516618E+02
  0.36000000E+01  0.13707242E-19 -0.17572474E+02
  0.36100000E+01  0.13861513E-19 -0.17628394E+02
  0.36200000E+01  0.14062771E-19 -0.17684380E+02
  0.36300000E+01  0.14337333E-19 -0.17740431E+02
  0.36400000E+01  0.14689021E-19 -0.17796548E+02
  0.36500000E+01  0.15096680E-19 -0.17852731E+02
  0.36600000E+01  0.15520561E-19 -0.17908980E+02
  0.36700000E+01  0.15914673E-19 -0.17965296E+02
  0.36800000E+01  0.16240237E-19 -0.18021679E+02
  0.36900000E+01  0.16475822E-19 -0.18078129E+02
  0.37000000E+01  0.16621777E-19 -0.18134647E+02
  0.37100000E+01  0.16698720E-19 -0.18191232E+02
  0.37200000E+01  0.16741226E-19 -0.18247885E+02
  0.37300000E+01  0.16788421E-19 -0.18304607E+02
  0.37400000E+01  0.16873606E-19 -0.18361397E+02
  0.37500000E+01  0.17015362E-19 -0.18418256E+02
  0.37600000E+01  0.17212576E-19 -0.18475184E+02
  0.37700000E+01  0.17445063E-19 -0.18532182E+02
  0.37800000E+01  0.17679847E-19 -0.18589249E+02
  0.37900000E+01  0.17881339E-19 -0.18646387E+02
  0.38000000E+01  0.18022386E-19 -0.18703595E+02
  0.38100000E+01  0.18092883E-19 -0.18760873E+02
  0.38200000E+01  0.18103430E-19 -0.18818222E+02
  0.38300000E+01  0.18083027E-19 -0.18875642E+02
  0.38400000E+01  0.18071569E-19 -0.18933134E+02
  0.38500000E+01  0.18109390E-19 -0.18990698E+02
  0.38600000E+01  0.18226915E-19 -0.19048334E+02
  0.38700000E+01  0.18437347E-19 -0.19106042E+02
  0.38800000E+01  0.18734364E-19 -0.19163823E+02
  0.38900000E+01  0.19095393E-19 -0.19221677E+02
  0.39000000E+01  0.19489723E-19 -0.19279604E+02
  0.39100000E+01  0.19889699E-19 -0.19337604E+02
  0.39200000E+01  0.20282734E-19 -0.19395679E+02
  0.39300000E+01  0.20681816E-19 -0.19453828E+02
  0.39400000E+01  0.21132547E-19 -0.19512051E+02
  0.39500000E+01  0.21715324E-19 -0.19570349E+02
  0.39600000E+01  0.22541783E-19 -0.19628722E+02
  0.39700000E+01  0.23744789E-19 -0.19687171E+02
  0.39800000E+01  0.25461229E-19 -0.19745695E+02
  0.39900000E+01  0.27807399E-19 -0.19804295E+02
  0.40000000E+01  0.30848823E-19 -0.19862972E+02
  0.40100000E+01  0.34569889E-19 -0.19921725E+02
  0.40200000E+01  0.38852492E-19 -0.19980556E+02
  0.40300000E+01  0.43474163E-19 -0.20039463E+02
  0.40400000E+01  0.48132646E-19 -0.20098449E+02
  0.40500000E+01  0.52495485E-19 -0.20157512E+02
  0.40600000E+01  0.56262956E-19 -0.20216654E+02
  0.40700000E+01  0.59225719E-19 -0.20275874E+02
  0.40800000E+01  0.61299015E-19 -0.20335173E+02
  0.40900000E+01  0.62523492E-19 -0.20394551E+02
  0.41000000E+01  0.63035130E-19 -0.20454009E+02
  0.41100000E+01  0.63017341E-19 -0.20513546E+02
  0.41200000E+01  0.62652609E-19 -0.20573164E+02
  0.41300000E+01  0.62087997E-19 -0.20632863E+02
  0.41400000E+01  0.61421070E-19 -0.20692642E+02
  0.41500000E+01  0.60704383E-19 -0.20752502E+02
  0.41600000E+01  0.59961098E-19 -0.20812445E+02
  0.41700000E+01  0.59202795E-19 -0.20872468E+02
  0.41800000E+01  0.58442538E-19 -0.20932575E+02
  0.41900000E+01  0.57699990E-19 -0.20992763E+02
  0.42000000E+01  0.56999132E-19 -0.21053035E+02
  0.42100000E+01  0.56361566E-19 -0.21113389E+02
  0.42200000E+01  0.55799207E-19 -0.21173828E+02
  0.42300000E+01  0.55309478E-19 -0.21234350E+02
  0.42400000E+01  0.54874746E-19 -0.21294957E+02
  0.42500000E+01  0.54466151E-19 -0.21355648E+02
  0.42600000E+01  0.54050783E-19 -0.21416424E+02
  0.42700000E+01  0.53600279E-19 -0.21477285E+02
  0.42800000E+01  0.53098540E-19 -0.21538232E+02
  0.42900000E+01  0.52546355E-19 -0.21599265E+02
  0.43000000E+01  0.51961501E-19 -0.21660384E+02
  0.43100000E+01  0.51374115E-19 -0.21721590E+02
  0.43200000E+01  0.50818611E-19 -0.21782883E+02
  0.43300000E+01  0.50324470E-19 -0.21844263E+02
  0.43400000E+01  0.49908512E-19 -0.21905732E+02
  0.43500000E+01  0.49570717E-19 -0.21967288E+02
  0.43600000E+01  0.49294557E-19 -0.22028933E+02
  0.43700000E+01  0.49051639E-19 -0.22090666E+02
  0.43800000E+01  0.48809423E-19 -0.22152489E+02
  0.43900000E+01  0.48540086E-19 -0.22214402E+02
  0.44000000E+01  0.48228248E-19 -0.22276404E+02
  0.44100000E+01  0.47875438E-19 -0.22338497E+02
  0.44200000E+01  0.47499936E-19 -0.22400680E+02
  0.44300000E+01  0.47131913E-19 -0.22462955E+02
  0.44400000E+01  0.46805220E-19 -0.22525321E+02
  0.44500000E+01  0.46548203E-19 -0.22587778E+02
  0.44600000E+01  0.46376132E-19 -0.22650328E+02
  0.44700000E+01  0.46287267E-19 -0.22712971E+02
  0.44800000E+01  0.46263449E-19 -0.22775706E+02
  0.44900000E+01  0.46274957E-19 -0.22838535E+02
  0.45000000E+01  0.46288371E-19 -0.22901457E+02
  0.45100000E+01  0.46275466E-19 -0.22964474E+02
  0.45200000E+01  0.46220888E-19 -0.23027585E+02
  0.45300000E+01  0.46126459E-19 -0.23090790E+02
  0.45400000E+01  0.46010826E-19 -0.23154091E+02
  0.45500000E+01  0.45904391E-19 -0.23217488E+02
  0.45600000E+01  0.45840955E-19 -0.23280981E+02
  0.45700000E+01  0.45848467E-19 -0.23344570E+02
  0.45800000E+01  0.45941480E-19 -0.23408256E+02
  0.45900000E+01  0.46117309E-19 -0.23472039E+02
  0.46000000E+01  0.46356752E-19 -0.23535920E+02
  0.46100000E+01  0.46629090E-19 -0.23599899E+02
  0.46200000E+01  0.46900073E-19 -0.23663977E+02
  0.46300000E+01  0.47140923E-19 -0.23728153E+02
  0.46400000E+01  0.47336048E-19 -0.23792428E+02
  0.46500000E+01  0.47487360E-19 -0.23856803E+02
  0.46600000E+01  0.47613855E-19 -0.23921278E+02
  0.46700000E+01  0.47746437E-19 -0.23985854E+02
  0.46800000E+01  0.47919418E-19 -0.24050530E+02
  0.46900000E+01  0.48161114E-19 -0.24115308E+02
  0.47000000E+01  0.48486190E-19 -0.24180188E+02
  0.47100000E+01  0.48891749E-19 -0.24245169E+02
  0.47200000E+01  0.49358040E-19 -0.24310254E+02
  0.47300000E+01  0.49853516E-19 -0.24375441E+02
  0.47400000E+01  0.50342940E-19 -0.24440732E+02
  0.47500000E+01  0.50796574E-19 -0.24506126E+02
  0.47600000E+01  0.51198092E-19 -0.24571625E+02
  0.47700000E+01  0.51549078E-19 -0.24637228E+02
  0.47800000E+01  0.51868702E-19 -0.24702937E+02
  0.47900000E+01  0.52188550E-19 -0.24768751E+02
  0.48000000E+01  0.52543983E-19 -0.24834671E+02
  0.48100000E+01  0.52964482E-19 -0.24900698E+02
  0.48200000E+01  0.53465682E-19 -0.24966832E+02
  0.48300000E+01  0.54045191E-19 -0.25033072E+02
  0.48400000E+01  0.54683149E-19 -0.25099421E+02
  0.48500000E+01  0.55347259E-19 -0.25165878E+02
  0.48600000E+01  0.56000991E-19 -0.25232443E+02
  0.48700000E+01  0.56613016E-19 -0.25299118E+02
  0.48800000E+01  0.57165512E-19 -0.25365902E+02
  0.48900000E+01  0.57659101E-19 -0.25432797E+02
  0.49000000E+01  0.58112848E-19 -0.25499801E+02
  0.49100000E+01  0.58559144E-19 -0.25566917E+02
  0.49200000E+01  0.59034890E-19 -0.25634144E+02
  0.49300000E+01  0.59571513E-19 -0.25701483E+02
  0.49400000E+01  0.60186575E-19 -0.25768935E+02
  0.49500000E+01  0.60879100E-19 -0.25836499E+02
  0.49600000E+01  0.61629664E-19 -0.25904176E+02
  0.49700000E+01  0.62405201E-19 -0.25971968E+02
  0.49800000E+01  0.63167392E-19 -0.26039873E+02
  0.49900000E+01  0.63882586E-19 -0.26107893E+02
  0.50000000E+01  0.64530700E-19 -0.26176029E+02
  0.50100000E+01  0.65110628E-19 -0.26244280E+02
  0.50200000E+01  0.65640674E-19 -0.26312647E+02
  0.50300000E+01  0.66153795E-19 -0.26381131E+02
  0.50400000E+01  0.66688903E-19 -0.26449732E+02
  0.50500000E+01  0.67280469E-19 -0.26518451E+02
  0.50600000E+01  0.67949194E-19 -0.26587287E+02
  0.50700000E+01  0.68696333E-19 -0.26656243E+02
  0.50800000E+01  0.69503251E-19 -0.26725317E+02
  0.50900000E+01  0.70336251E-19 -0.26794511E+02
  0.51000000E+01  0.71155210E-19 -0.26863826E+02
  0.51100000E+01  0.71923716E-19 -0.26933261E+02
  0.51200000E+01  0.72618282E-19 -0.27002817E+02
  0.51300000E+01  0.73234592E-19 -0.27072494E+02
  0.51400000E+01  0.73789153E-19 -0.27142294E+02
  0.51500000E+01  0.74315477E-19 -0.27212217E+02
  0.51600000E+01  0.74855274E-19 -0.27282263E+02
  0.51700000E+01  0.75446942E-19 -0.27352432E+02
  0.51800000E+01  0.76114942E-19 -0.27422726E+02
  0.51900000E+01  0.76863384E-19 -0.27493144E+02
  0.52000000E+01  0.77675403E-19 -0.27563688E+02
  0.52100000E+01  0.78517748E-19 -0.27634358E+02
  0.52200000E+01  0.79348855E-19 -0.27705154E+02
  0.52300000E+01  0.80128648E-19 -0.27776077E+02
  0.52400000E+01  0.80828509E-19 -0.27847127E+02
  0.52500000E+01  0.81439377E-19 -0.27918306E+02
  0.52600000E+01  0.81975330E-19 -0.27989612E+02
  0.52700000E+01  0.82470503E-19 -0.28061048E+02
  0.52800000E+01  0.82969538E-19 -0.28132614E+02
  0.52900000E+01  0.83514771E-19 -0.28204310E+02
  0.53000000E+01  0.84134757E-19 -0.28276137E+02
  0.53100000E+01  0.84837639E-19 -0.28348095E+02
  0.53200000E+01  0.85610105E-19 -0.28420184E+02
  0.53300000E+01  0.86420803E-19 -0.28492407E+02
  0.53400000E+01  0.87226999E-19 -0.28564762E+02
  0.53500000E+01  0.87984017E-19 -0.28637251E+02
  0.53600000E+01  0.88656666E-19 -0.28709874E+02
  0.53700000E+01  0.89229949E-19 -0.28782631E+02
  0.53800000E+01  0.89714762E-19 -0.28855524E+02
  0.53900000E+01  0.90145302E-19 -0.28928553E+02
  0.54000000E+01  0.90568608E-19 -0.29001719E+02
  0.54100000E+01  0.91030655E-19 -0.29075021E+02
  0.54200000E+01  0.91564473E-19 -0.29148462E+02
  0.54300000E+01  0.92183433E-19 -0.29222040E+02
  0.54400000E+01  0.92879488E-19 -0.29295757E+02
  0.54500000E+01  0.93624797E-19 -0.29369614E+02
  0.54600000E+01  0.94376392E-19 -0.29443611E+02
  0.54700000E+01  0.95084961E-19 -0.29517749E+02
  0.54800000E+01  0.95707790E-19 -0.29592027E+02
  0.54900000E+01  0.96222437E-19 -0.29666448E+02
  0.55000000E+01  0.96635107E-19 -0.29741012E+02
  0.55100000E+01  0.96979016E-19 -0.29815718E+02
  0.55200000E+01  0.97303187E-19 -0.29890568E+02
  0.55300000E+01  0.97657218E-19 -0.29965563E+02
  0.55400000E+01  0.98078691E-19 -0.30040703E+02
  0.55500000E+01  0.98586441E-19 -0.30115988E+02
  0.55600000E+01  0.99178530E-19 -0.30191420E+02
  0.55700000E+01  0.99832427E-19 -0.30266999E+02
  0.55800000E+01  0.10050725E-18 -0.30342725E+02
  0.55900000E+01  0.10115069E-18 -0.30418600E+02
  0.56000000E+01  0.10171226E-18 -0.30494623E+02
  0.56100000E+01  0.10215985E-18 -0.30570796E+02
  0.56200000E+01  0.10249214E-18 -0.30647120E+02
  0.56300000E+01  0.10273962E-18 -0.30723594E+02
  0.56400000E+01  0.10295336E-18 -0.30800220E+02
  0.56500000E+01  0.10318762E-18 -0.30876998E+02
  0.56600000E+01  0.10348486E-18 -0.30953929E+02
  0.56700000E+01  0.10386849E-18 -0.31031014E+02
  0.56800000E+01  0.10434162E-18 -0.31108253E+02
  0.56900000E+01  0.10488776E-18 -0.31185646E+02
  0.57000000E+01  0.10547134E-18 -0.31263196E+02
  0.57100000E+01  0.10604114E-18 -0.31340902E+02
  0.57200000E+01  0.10654095E-18 -0.31418765E+02
  0.57300000E+01  0.10692721E-18 -0.31496786E+02
  0.57400000E+01  0.10718636E-18 -0.31574965E+02
  0.57500000E+01  0.10734198E-18 -0.31653304E+02
  0.57600000E+01  0.10744630E-18 -0.31731802E+02
  0.57700000E+01  0.10756059E-18 -0.31810461E+02
  0.57800000E+01  0.10773511E-18 -0.31889282E+02
  0.57900000E+01  0.10799797E-18 -0.31968264E+02
  0.58000000E+01  0.10835450E-18 -0.32047410E+02
  0.58100000E+01  0.10879132E-18 -0.32126719E+02
  0.58200000E+01  0.10927891E-18 -0.32206192E+02
  0.58300000E+01  0.10977250E-18 -0.32285830E+02
  0.58400000E+01  0.11021673E-18 -0.32365635E+02
  0.58500000E+01  0.11055918E-18 -0.32445605E+02
  0.58600000E+01  0.11077006E-18 -0.32525743E+02
  0.58700000E+01  0.11085784E-18 -0.32606049E+02
  0.58800000E+01  0.11086961E-18 -0.32686525E+02
  0.58900000E+01  0.11087388E-18 -0.32767169E+02
  0.59000000E+01  0.11093466E-18 -0.32847984E+02
  0.59100000E+01  0.11109095E-18 -0.32928971E+02
  0.59200000E+01  0.11135081E-18 -0.33010129E+02
  0.59300000E+01  0.11169825E-18 -0.33091460E+02
  0.59400000E+01  0.11210322E-18 -0.33172965E+02
  0.59500000E+01  0.11252688E-18 -0.33254644E+02
  0.59600000E+01  0.11292252E-18 -0.33336498E+02
  0.59700000E+01  0.11323963E-18 -0.33418529E+02
  0.59800000E+01  0.11343706E-18 -0.33500736E+02
  0.59900000E+01  0.11350203E-18 -0.33583121E+02
  0.60000000E+01  0.11346307E-18 -0.33665684E+02
