  0.20000000E+00  0.18994400E+03 -0.20446361E+02
  0.21000000E+00  0.18998166E+03 -0.21457558E+02
  0.22000000E+00  0.19088967E+03 -0.21661862E+02
  0.23000000E+00  0.19223158E+03 -0.21230635E+02
  0.24000000E+00  0.19345348E+03 -0.20589142E+02
  0.25000000E+00  0.19411957E+03 -0.19943089E+02
  0.26000000E+00  0.19406421E+03 -0.19325055E+02
  0.27000000E+00  0.19341504E+03 -0.18878107E+02
  0.28000000E+00  0.19250099E+03 -0.18866361E+02
  0.29000000E+00  0.19170076E+03 -0.19373705E+02
  0.30000000E+00  0.19129941E+03 -0.20123803E+02
  0.31000000E+00  0.19140529E+03 -0.20703285E+02
  0.32000000E+00  0.19194589E+03 -0.20910488E+02
  0.33000000E+00  0.19272583E+03 -0.20853451E+02
  0.34000000E+00  0.19350889E+03 -0.20760737E+02
  0.35000000E+00  0.19408826E+03 -0.20759416E+02
  0.36000000E+00  0.19432874E+03 -0.20820437E+02
  0.37000000E+00  0.19418579E+03 -0.20822889E+02
  0.38000000E+00  0.19371279E+03 -0.20698786E+02
  0.39000000E+00  0.19305887E+03 -0.20578758E+02
  0.40000000E+00  0.19244722E+03 -0.20727024E+02
  0.41000000E+00  0.19212227E+03 -0.21275871E+02
  0.42000000E+00  0.19226906E+03 -0.22062980E+02
  0.43000000E+00  0.19292968E+03 -0.22784600E+02
  0.44000000E+00  0.19395550E+03 -0.23254873E+02
  0.45000000E+00  0.19502853E+03 -0.23453075E+02
  0.46000000E+00  0.19576125E+03 -0.23390130E+02
  0.47000000E+00  0.19584877E+03 -0.23027854E+02
  0.48000000E+00  0.19521534E+03 -0.22418380E+02
  0.49000000E+00  0.19408579E+03 -0.21928698E+02
  0.50000000E+00  0.19293205E+03 -0.22117202E+02
  0.51000000E+00  0.19229661E+03 -0.23217551E+02
  0.52000000E+00  0.19255660E+03 -0.24828707E+02
  0.53000000E+00  0.19373348E+03 -0.26208173E+02
  0.54000000E+00  0.19544508E+03 -0.26817738E+02
  0.55000000E+00  0.19703914E+03 -0.26572238E+02
  0.56000000E+00  0.19786292E+03 -0.25726823E+02
  0.57000000E+00  0.19755607E+03 -0.24696107E+02
  0.58000000E+00  0.19623389E+03 -0.23939651E+02
  0.59000000E+00  0.19446943E+03 -0.23884111E+02
  0.60000000E+00  0.19306772E+03 -0.24817076E+02
  0.61000000E+00  0.19271978E+03 -0.26648130E+02
  0.62000000E+00  0.19368663E+03 -0.28727641E+02
  0.63000000E+00  0.19566025E+03 -0.30109247E+02
  0.64000000E+00  0.19787617E+03 -0.30169007E+02
  0.65000000E+00  0.19943821E+03 -0.29033897E+02
  0.66000000E+00  0.19971409E+03 -0.27460901E+02
  0.67000000E+00  0.19862282E+03 -0.26336647E+02
  0.68000000E+00  0.19668059E+03 -0.26207740E+02
  0.69000000E+00  0.19478114E+03 -0.27137576E+02
  0.70000000E+00  0.19380693E+03 -0.28867984E+02
  0.71000000E+00  0.19424333E+03 -0.30937492E+02
  0.72000000E+00  0.19596731E+03 -0.32649892E+02
  0.73000000E+00  0.19830436E+03 -0.33263639E+02
  0.74000000E+00  0.20032730E+03 -0.32512927E+02
  0.75000000E+00  0.20126210E+03 -0.30934702E+02
  0.76000000E+00  0.20081799E+03 -0.29544345E+02
  0.77000000E+00  0.19929683E+03 -0.29147931E+02
  0.78000000E+00  0.19744067E+03 -0.29922472E+02
  0.79000000E+00  0.19609674E+03 -0.31490084E+02
  0.80000000E+00  0.19585651E+03 -0.33255666E+02
  0.81000000E+00  0.19682657E+03 -0.34691660E+02
  0.82000000E+00  0.19861955E+03 -0.35444349E+02
  0.83000000E+00  0.20055053E+03 -0.35371288E+02
  0.84000000E+00  0.20193808E+03 -0.34620010E+02
  0.85000000E+00  0.20237395E+03 -0.33667607E+02
  0.86000000E+00  0.20185336E+03 -0.33142358E+02
  0.87000000E+00  0.20072927E+03 -0.33426849E+02
  0.88000000E+00  0.19953367E+03 -0.34388349E+02
  0.89000000E+00  0.19875895E+03 -0.35544168E+02
  0.90000000E+00  0.19869239E+03 -0.36481487E+02
  0.91000000E+00  0.19935495E+03 -0.37109845E+02
  0.92000000E+00  0.20054050E+03 -0.37559659E+02
  0.93000000E+00  0.20191377E+03 -0.37906826E+02
  0.94000000E+00  0.20311936E+03 -0.38069533E+02
  0.95000000E+00  0.20387117E+03 -0.37995672E+02
  0.96000000E+00  0.20401382E+03 -0.37830546E+02
  0.97000000E+00  0.20355810E+03 -0.37777668E+02
  0.98000000E+00  0.20268903E+03 -0.37895757E+02
  0.99000000E+00  0.20173646E+03 -0.38171041E+02
  0.10000000E+01  0.20109709E+03 -0.38691938E+02
  0.10100000E+01  0.20111176E+03 -0.39591409E+02
  0.10200000E+01  0.20192937E+03 -0.40822206E+02
  0.10300000E+01  0.20341370E+03 -0.42037653E+02
  0.10400000E+01  0.20515003E+03 -0.42721723E+02
  0.10500000E+01  0.20657524E+03 -0.42548601E+02
  0.10600000E+01  0.20719639E+03 -0.41695424E+02
  0.10700000E+01  0.20680958E+03 -0.40763105E+02
  0.10800000E+01  0.20561542E+03 -0.40364700E+02
  0.10900000E+01  0.20416455E+03 -0.40786114E+02
  0.11000000E+01  0.20314309E+03 -0.41957582E+02
  0.11100000E+01  0.20308523E+03 -0.43592261E+02
  0.11200000E+01  0.20414025E+03 -0.45244990E+02
  0.11300000E+01  0.20600142E+03 -0.46352254E+02
  0.11400000E+01  0.20803268E+03 -0.46481117E+02
  0.11500000E+01  0.20953778E+03 -0.45681109E+02
  0.11600000E+01  0.21005083E+03 -0.44549244E+02
  0.11700000E+01  0.20951890E+03 -0.43857445E+02
  0.11800000E+01  0.20830186E+03 -0.44050430E+02
  0.11900000E+01  0.20700138E+03 -0.45029338E+02
  0.12000000E+01  0.20620733E+03 -0.46352516E+02
  0.12100000E+01  0.20627593E+03 -0.47603308E+02
  0.12200000E+01  0.20722518E+03 -0.48556870E+02
  0.12300000E+01  0.20876991E+03 -0.49112476E+02
  0.12400000E+01  0.21045784E+03 -0.49243355E+02
  0.12500000E+01  0.21183736E+03 -0.49048304E+02
  0.12600000E+01  0.21259364E+03 -0.48771106E+02
  0.12700000E+01  0.21262036E+03 -0.48672567E+02
  0.12800000E+01  0.21202621E+03 -0.48831688E+02
  0.12900000E+01  0.21109362E+03 -0.49130537E+02
  0.13000000E+01  0.21020580E+03 -0.49497470E+02
  0.13100000E+01  0.20975084E+03 -0.50079705E+02
  0.13200000E+01  0.21001109E+03 -0.51057944E+02
  0.13300000E+01  0.21105991E+03 -0.52322481E+02
  0.13400000E+01  0.21270528E+03 -0.53432842E+02
  0.13500000E+01  0.21452081E+03 -0.53936300E+02
  0.13600000E+01  0.21597736E+03 -0.53709278E+02
  0.13700000E+01  0.21663997E+03 -0.53009566E+02
  0.13800000E+01  0.21635250E+03 -0.52292746E+02
  0.13900000E+01  0.21532311E+03 -0.51996709E+02
  0.14000000E+01  0.21406080E+03 -0.52394522E+02
  0.14100000E+01  0.21317991E+03 -0.53521838E+02
  0.14200000E+01  0.21315348E+03 -0.55126759E+02
  0.14300000E+01  0.21412334E+03 -0.56680317E+02
  0.14400000E+01  0.21585001E+03 -0.57607496E+02
  0.14500000E+01  0.21782012E+03 -0.57677117E+02
  0.14600000E+01  0.21945728E+03 -0.57158118E+02
  0.14700000E+01  0.22034042E+03 -0.56558418E+02
  0.14800000E+01  0.22034110E+03 -0.56264964E+02
  0.14900000E+01  0.21963796E+03 -0.56406251E+02
  0.15000000E+01  0.21862447E+03 -0.56923470E+02
  0.15100000E+01  0.21776326E+03 -0.57688591E+02
  0.15200000E+01  0.21744395E+03 -0.58576871E+02
  0.15300000E+01  0.21788123E+03 -0.59494312E+02
  0.15400000E+01  0.21906569E+03 -0.60370561E+02
  0.15500000E+01  0.22076747E+03 -0.61126292E+02
  0.15600000E+01  0.22259204E+03 -0.61639120E+02
  0.15700000E+01  0.22408559E+03 -0.61753463E+02
  0.15800000E+01  0.22487478E+03 -0.61404349E+02
  0.15900000E+01  0.22480288E+03 -0.60799340E+02
  0.16000000E+01  0.22400862E+03 -0.60399376E+02
  0.16100000E+01  0.22290217E+03 -0.60620559E+02
  0.16200000E+01  0.22203012E+03 -0.61560861E+02
  0.16300000E+01  0.22187337E+03 -0.62981933E+02
  0.16400000E+01  0.22265954E+03 -0.64466528E+02
  0.16500000E+01  0.22427163E+03 -0.65593279E+02
  0.16600000E+01  0.22629429E+03 -0.66069589E+02
  0.16700000E+01  0.22817633E+03 -0.65859362E+02
  0.16800000E+01  0.22943755E+03 -0.65255628E+02
  0.16900000E+01  0.22983419E+03 -0.64750726E+02
  0.17000000E+01  0.22942432E+03 -0.64715257E+02
  0.17100000E+01  0.22852397E+03 -0.65161507E+02
  0.17200000E+01  0.22758766E+03 -0.65854719E+02
  0.17300000E+01  0.22706378E+03 -0.66634083E+02
  0.17400000E+01  0.22726725E+03 -0.67529649E+02
  0.17500000E+01  0.22829440E+03 -0.68570358E+02
  0.17600000E+01  0.22999321E+03 -0.69591510E+02
  0.17700000E+01  0.23199778E+03 -0.70285270E+02
  0.17800000E+01  0.23382876E+03 -0.70431557E+02
  0.17900000E+01  0.23504260E+03 -0.70070327E+02
  0.18000000E+01  0.23538705E+03 -0.69477244E+02
  0.18100000E+01  0.23490339E+03 -0.69035047E+02
  0.18200000E+01  0.23392663E+03 -0.69105424E+02
  0.18300000E+01  0.23297328E+03 -0.69873546E+02
  0.18400000E+01  0.23255613E+03 -0.71196606E+02
  0.18500000E+01  0.23299984E+03 -0.72644050E+02
  0.18600000E+01  0.23433040E+03 -0.73776300E+02
  0.18700000E+01  0.23627729E+03 -0.74397174E+02
  0.18800000E+01  0.23837830E+03 -0.74556165E+02
  0.18900000E+01  0.24013937E+03 -0.74411451E+02
  0.19000000E+01  0.24119021E+03 -0.74143163E+02
  0.19100000E+01  0.24139012E+03 -0.73924456E+02
  0.19200000E+01  0.24086207E+03 -0.73891521E+02
  0.19300000E+01  0.23995370E+03 -0.74123806E+02
  0.19400000E+01  0.23913710E+03 -0.74675335E+02
  0.19500000E+01  0.23886898E+03 -0.75606351E+02
  0.19600000E+01  0.23944551E+03 -0.76895516E+02
  0.19700000E+01  0.24089656E+03 -0.78281945E+02
  0.19800000E+01  0.24296220E+03 -0.79297409E+02
  0.19900000E+01  0.24517091E+03 -0.79584469E+02
  0.20000000E+01  0.24699873E+03 -0.79203094E+02
  0.20100000E+01  0.24805114E+03 -0.78584023E+02
  0.20200000E+01  0.24819754E+03 -0.78192890E+02
  0.20300000E+01  0.24760878E+03 -0.78264321E+02
  0.20400000E+01  0.24669075E+03 -0.78790097E+02
  0.20500000E+01  0.24594639E+03 -0.79641042E+02
  0.20600000E+01  0.24581742E+03 -0.80667652E+02
  0.20700000E+01  0.24655329E+03 -0.81756165E+02
  0.20800000E+01  0.24813927E+03 -0.82825902E+02
  0.20900000E+01  0.25029933E+03 -0.83736135E+02
  0.21000000E+01  0.25257477E+03 -0.84235664E+02
  0.21100000E+01  0.25446232E+03 -0.84138602E+02
  0.21200000E+01  0.25557482E+03 -0.83581801E+02
  0.21300000E+01  0.25577237E+03 -0.83010830E+02
  0.21400000E+01  0.25521469E+03 -0.82870963E+02
  0.21500000E+01  0.25431138E+03 -0.83338758E+02
  0.21600000E+01  0.25358623E+03 -0.84309192E+02
  0.21700000E+01  0.25350492E+03 -0.85540775E+02
  0.21800000E+01  0.25432674E+03 -0.86780611E+02
  0.21900000E+01  0.25602730E+03 -0.87825794E+02
  0.22000000E+01  0.25831112E+03 -0.88555592E+02
  0.22100000E+01  0.26070490E+03 -0.88919770E+02
  0.22200000E+01  0.26270200E+03 -0.88899183E+02
  0.22300000E+01  0.26391706E+03 -0.88542407E+02
  0.22400000E+01  0.26420701E+03 -0.88066180E+02
  0.22500000E+01  0.26372055E+03 -0.87831917E+02
  0.22600000E+01  0.26285676E+03 -0.88138278E+02
  0.22700000E+01  0.26214148E+03 -0.89032836E+02
  0.22800000E+01  0.26205990E+03 -0.90318024E+02
  0.22900000E+01  0.26290082E+03 -0.91689630E+02
  0.23000000E+01  0.26466493E+03 -0.92860573E+02
  0.23100000E+01  0.26706588E+03 -0.93632066E+02
  0.23200000E+01  0.26962144E+03 -0.93942464E+02
  0.23300000E+01  0.27180351E+03 -0.93865907E+02
  0.23400000E+01  0.27320045E+03 -0.93541434E+02
  0.23500000E+01  0.27364351E+03 -0.93139899E+02
  0.23600000E+01  0.27326054E+03 -0.92908629E+02
  0.23700000E+01  0.27243966E+03 -0.93125687E+02
  0.23800000E+01  0.27171212E+03 -0.93922310E+02
  0.23900000E+01  0.27158821E+03 -0.95179749E+02
  0.24000000E+01  0.27239730E+03 -0.96606859E+02
  0.24100000E+01  0.27418321E+03 -0.97886442E+02
  0.24200000E+01  0.27668903E+03 -0.98776473E+02
  0.24300000E+01  0.27943605E+03 -0.99167613E+02
  0.24400000E+01  0.28187131E+03 -0.99108572E+02
  0.24500000E+01  0.28353766E+03 -0.98760638E+02
  0.24600000E+01  0.28421447E+03 -0.98325018E+02
  0.24700000E+01  0.28398666E+03 -0.98046719E+02
  0.24800000E+01  0.28322120E+03 -0.98198328E+02
  0.24900000E+01  0.28245711E+03 -0.98930011E+02
  0.25000000E+01  0.28224167E+03 -0.10015093E+03
  0.25100000E+01  0.28296219E+03 -0.10159126E+03
  0.25200000E+01  0.28472532E+03 -0.10294800E+03
  0.25300000E+01  0.28732168E+03 -0.10397728E+03
  0.25400000E+01  0.29028717E+03 -0.10452935E+03
  0.25500000E+01  0.29304296E+03 -0.10457543E+03
  0.25600000E+01  0.29507179E+03 -0.10421886E+03
  0.25700000E+01  0.29607698E+03 -0.10368177E+03
  0.25800000E+01  0.29607541E+03 -0.10328683E+03
  0.25900000E+01  0.29539534E+03 -0.10335675E+03
  0.26000000E+01  0.29457929E+03 -0.10402988E+03
  0.26100000E+01  0.29422108E+03 -0.10519594E+03
  0.26200000E+01  0.29478621E+03 -0.10661374E+03
  0.26300000E+01  0.29646936E+03 -0.10803920E+03
  0.26400000E+01  0.29913183E+03 -0.10925124E+03
  0.26500000E+01  0.30233859E+03 -0.11003722E+03
  0.26600000E+01  0.30548576E+03 -0.11023932E+03
  0.26700000E+01  0.30798199E+03 -0.10987112E+03
  0.26800000E+01  0.30942929E+03 -0.10920416E+03
  0.26900000E+01  0.30974738E+03 -0.10867991E+03
  0.27000000E+01  0.30920214E+03 -0.10864967E+03
  0.27100000E+01  0.30832912E+03 -0.10920206E+03
  0.27200000E+01  0.30777528E+03 -0.11023739E+03
  0.27300000E+01  0.30810635E+03 -0.11161140E+03
  0.27400000E+01  0.30963594E+03 -0.11315805E+03
  0.27500000E+01  0.31232643E+03 -0.11462682E+03
  0.27600000E+01  0.31579248E+03 -0.11567781E+03
  0.27700000E+01  0.31940935E+03 -0.11602565E+03
  0.27800000E+01  0.32249719E+03 -0.11566731E+03
  0.27900000E+01  0.32452705E+03 -0.11494329E+03
  0.28000000E+01  0.32528497E+03 -0.11430307E+03
  0.28100000E+01  0.32494281E+03 -0.11405197E+03
  0.28200000E+01  0.32401336E+03 -0.11433283E+03
  0.28300000E+01  0.32320287E+03 -0.11519912E+03
  0.28400000E+01  0.32320392E+03 -0.11660127E+03
  0.28500000E+01  0.32448805E+03 -0.11833197E+03
  0.28600000E+01  0.32715823E+03 -0.12003506E+03
  0.28700000E+01  0.33090632E+03 -0.12131542E+03
  0.28800000E+01  0.33509274E+03 -0.12189634E+03
  0.28900000E+01  0.33892995E+03 -0.12172147E+03
  0.29000000E+01  0.34171794E+03 -0.12097469E+03
  0.29100000E+01  0.34306066E+03 -0.12004457E+03
  0.29200000E+01  0.34299580E+03 -0.11939911E+03
  0.29300000E+01  0.34199624E+03 -0.11939157E+03
  0.29400000E+01  0.34084033E+03 -0.12013866E+03
  0.29500000E+01  0.34038718E+03 -0.12154010E+03
  0.29600000E+01  0.34132059E+03 -0.12337099E+03
  0.29700000E+01  0.34393528E+03 -0.12533397E+03
  0.29800000E+01  0.34803028E+03 -0.12703358E+03
  0.29900000E+01  0.35294740E+03 -0.12801457E+03
  0.30000000E+01  0.35775225E+03 -0.12799333E+03
  0.30100000E+01  0.36151072E+03 -0.12709483E+03
  0.30200000E+01  0.36357948E+03 -0.12581142E+03
  0.30300000E+01  0.36381952E+03 -0.12473215E+03
  0.30400000E+01  0.36266206E+03 -0.12431084E+03
  0.30500000E+01  0.36100086E+03 -0.12479085E+03
  0.30600000E+01  0.35993711E+03 -0.12619397E+03
  0.30700000E+01  0.36044820E+03 -0.12830506E+03
  0.30800000E+01  0.36307616E+03 -0.13071151E+03
  0.30900000E+01  0.36773207E+03 -0.13289154E+03
  0.31000000E+01  0.37368564E+03 -0.13428518E+03
  0.31100000E+01  0.37975855E+03 -0.13444314E+03
  0.31200000E+01  0.38467645E+03 -0.13331616E+03
  0.31300000E+01  0.38747673E+03 -0.13142476E+03
  0.31400000E+01  0.38784109E+03 -0.12963375E+03
  0.31500000E+01  0.38623744E+03 -0.12870217E+03
  0.31600000E+01  0.38381256E+03 -0.12902374E+03
  0.31700000E+01  0.38205604E+03 -0.13063360E+03
  0.31800000E+01  0.38233097E+03 -0.13326066E+03
  0.31900000E+01  0.38541535E+03 -0.13635663E+03
  0.32000000E+01  0.39120515E+03 -0.13916981E+03
  0.32100000E+01  0.39869180E+03 -0.14088089E+03
  0.32200000E+01  0.40624624E+03 -0.14084974E+03
  0.32300000E+01  0.41213924E+03 -0.13900567E+03
  0.32400000E+01  0.41513494E+03 -0.13611353E+03
  0.32500000E+01  0.41495125E+03 -0.13348222E+03
  0.32600000E+01  0.41241113E+03 -0.13225534E+03
  0.32700000E+01  0.40920942E+03 -0.13294456E+03
  0.32800000E+01  0.40735576E+03 -0.13542458E+03
  0.32900000E+01  0.40847565E+03 -0.13909347E+03
  0.33000000E+01  0.41321364E+03 -0.14300615E+03
  0.33100000E+01  0.42096157E+03 -0.14602804E+03
  0.33200000E+01  0.43003134E+03 -0.14710499E+03
  0.33300000E+01  0.43823532E+03 -0.14571770E+03
  0.33400000E+01  0.44367915E+03 -0.14237350E+03
  0.33500000E+01  0.44547371E+03 -0.13859846E+03
  0.33600000E+01  0.44408473E+03 -0.13615769E+03
  0.33700000E+01  0.44116835E+03 -0.13612406E+03
  0.33800000E+01  0.43894329E+03 -0.13852296E+03
  0.33900000E+01  0.43934268E+03 -0.14251889E+03
  0.34000000E+01  0.44328410E+03 -0.14677043E+03
  0.34100000E+01  0.45035161E+03 -0.14983030E+03
  0.34200000E+01  0.45901280E+03 -0.15063662E+03
  0.34300000E+01  0.46726997E+03 -0.14903276E+03
  0.34400000E+01  0.47346327E+03 -0.14596002E+03
  0.34500000E+01  0.47688567E+03 -0.14299402E+03
  0.34600000E+01  0.47796270E+03 -0.14151645E+03
  0.34700000E+01  0.47795226E+03 -0.14211833E+03
  0.34800000E+01  0.47833750E+03 -0.14442669E+03
  0.34900000E+01  0.48021230E+03 -0.14730506E+03
  0.35000000E+01  0.48393436E+03 -0.14942505E+03
  0.35100000E+01  0.48916119E+03 -0.15002183E+03
  0.35200000E+01  0.49518069E+03 -0.14934488E+03
  0.35300000E+01  0.50131243E+03 -0.14838368E+03
  0.35400000E+01  0.50715892E+03 -0.14806818E+03
  0.35500000E+01  0.51261437E+03 -0.14863888E+03
  0.35600000E+01  0.51770305E+03 -0.14958956E+03
  0.35700000E+01  0.52241378E+03 -0.15007981E+03
  0.35800000E+01  0.52666766E+03 -0.14956856E+03
  0.35900000E+01  0.53043339E+03 -0.14830413E+03
  0.36000000E+01  0.53388191E+03 -0.14721802E+03
  0.36100000E+01  0.53743676E+03 -0.14722027E+03
  0.36200000E+01  0.54165040E+03 -0.14850531E+03
  0.36300000E+01  0.54696326E+03 -0.15041070E+03
  0.36400000E+01  0.55348742E+03 -0.15186157E+03
  0.36500000E+01  0.56094396E+03 -0.15209806E+03
  0.36600000E+01  0.56878575E+03 -0.15119787E+03
  0.36700000E+01  0.57642826E+03 -0.14992060E+03
  0.36800000E+01  0.58346400E+03 -0.14899473E+03
  0.36900000E+01  0.58977049E+03 -0.14856213E+03
  0.37000000E+01  0.59549885E+03 -0.14824795E+03
  0.37100000E+01  0.60098878E+03 -0.14769254E+03
  0.37200000E+01  0.60666491E+03 -0.14700498E+03
  0.37300000E+01  0.61294214E+03 -0.14664980E+03
  0.37400000E+01  0.62014220E+03 -0.14686822E+03
  0.37500000E+01  0.62842276E+03 -0.14731163E+03
  0.37600000E+01  0.63773538E+03 -0.14732218E+03
  0.37700000E+01  0.64783585E+03 -0.14655001E+03
  0.37800000E+01  0.65835567E+03 -0.14520101E+03
  0.37900000E+01  0.66891605E+03 -0.14364392E+03
  0.38000000E+01  0.67924647E+03 -0.14194604E+03
  0.38100000E+01  0.68926893E+03 -0.13995932E+03
  0.38200000E+01  0.69912487E+03 -0.13774795E+03
  0.38300000E+01  0.70914141E+03 -0.13565111E+03
  0.38400000E+01  0.71975032E+03 -0.13385313E+03
  0.38500000E+01  0.73138427E+03 -0.13212431E+03
  0.38600000E+01  0.74437906E+03 -0.13010371E+03
  0.38700000E+01  0.75890937E+03 -0.12762904E+03
  0.38800000E+01  0.77497535E+03 -0.12463651E+03
  0.38900000E+01  0.79244412E+03 -0.12094901E+03
  0.39000000E+01  0.81113636E+03 -0.11637547E+03
  0.39100000E+01  0.83093784E+03 -0.11087146E+03
  0.39200000E+01  0.85191024E+03 -0.10446017E+03
  0.39300000E+01  0.87437429E+03 -0.97145252E+02
  0.39400000E+01  0.89893963E+03 -0.88936571E+02
  0.39500000E+01  0.92646155E+03 -0.79765983E+02
  0.39600000E+01  0.95791169E+03 -0.69360460E+02
  0.39700000E+01  0.99416035E+03 -0.57264377E+02
  0.39800000E+01  0.10356822E+04 -0.42899980E+02
  0.39900000E+01  0.10822216E+04 -0.25590815E+02
  0.40000000E+01  0.11324864E+04 -0.45882782E+01
  0.40100000E+01  0.11839733E+04  0.20891762E+02
  0.40200000E+01  0.12330373E+04  0.51564432E+02
  0.40300000E+01  0.12752823E+04  0.87837799E+02
  0.40400000E+01  0.13062575E+04  0.12943006E+03
  0.40500000E+01  0.13223202E+04  0.17498202E+03
  0.40600000E+01  0.13214302E+04  0.22202266E+03
  0.40700000E+01  0.13036222E+04  0.26757845E+03
  0.40800000E+01  0.12709914E+04  0.30915300E+03
  0.40900000E+01  0.12271933E+04  0.34537784E+03
  0.41000000E+01  0.11766251E+04  0.37600318E+03
  0.41100000E+01  0.11235498E+04  0.40149661E+03
  0.41200000E+01  0.10714127E+04  0.42262821E+03
  0.41300000E+01  0.10224946E+04  0.44020242E+03
  0.41400000E+01  0.97791362E+03  0.45492440E+03
  0.41500000E+01  0.93787828E+03  0.46734364E+03
  0.41600000E+01  0.90204877E+03  0.47783776E+03
  0.41700000E+01  0.86987524E+03  0.48663400E+03
  0.41800000E+01  0.84083242E+03  0.49387766E+03
  0.41900000E+01  0.81452714E+03  0.49972170E+03
  0.42000000E+01  0.79070002E+03  0.50437487E+03
  0.42100000E+01  0.76916562E+03  0.50808495E+03
  0.42200000E+01  0.74973713E+03  0.51109374E+03
  0.42300000E+01  0.73217053E+03  0.51360766E+03
  0.42400000E+01  0.71614557E+03  0.51578923E+03
  0.42500000E+01  0.70128563E+03  0.51775611E+03
  0.42600000E+01  0.68720681E+03  0.51958140E+03
  0.42700000E+01  0.67357981E+03  0.52128116E+03
  0.42800000E+01  0.66018586E+03  0.52280391E+03
  0.42900000E+01  0.64694925E+03  0.52404683E+03
  0.43000000E+01  0.63393546E+03  0.52489872E+03
  0.43100000E+01  0.62131382E+03  0.52531166E+03
  0.43200000E+01  0.60929447E+03  0.52533423E+03
  0.43300000E+01  0.59805764E+03  0.52507089E+03
  0.43400000E+01  0.58769476E+03  0.52464375E+03
  0.43500000E+01  0.57817675E+03  0.52416795E+03
  0.43600000E+01  0.56935596E+03  0.52372467E+03
  0.43700000E+01  0.56099977E+03  0.52336454E+03
  0.43800000E+01  0.55284623E+03  0.52311821E+03
  0.43900000E+01  0.54466747E+03  0.52296600E+03
  0.44000000E+01  0.53632482E+03  0.52281998E+03
  0.44100000E+01  0.52780072E+03  0.52256439E+03
  0.44200000E+01  0.51919817E+03  0.52209138E+03
  0.44300000E+01  0.51070731E+03  0.52133041E+03
  0.44400000E+01  0.50254868E+03  0.52030525E+03
  0.44500000E+01  0.49490961E+03  0.51912147E+03
  0.44600000E+01  0.48789180E+03  0.51787932E+03
  0.44700000E+01  0.48148361E+03  0.51665107E+03
  0.44800000E+01  0.47556299E+03  0.51551129E+03
  0.44900000E+01  0.46992892E+03  0.51452272E+03
  0.45000000E+01  0.46435270E+03  0.51369217E+03
  0.45100000E+01  0.45863617E+03  0.51297159E+03
  0.45200000E+01  0.45266218E+03  0.51230014E+03
  0.45300000E+01  0.44642386E+03  0.51158865E+03
  0.45400000E+01  0.44002414E+03  0.51070118E+03
  0.45500000E+01  0.43364512E+03  0.50955745E+03
  0.45600000E+01  0.42749620E+03  0.50820974E+03
  0.45700000E+01  0.42175577E+03  0.50675881E+03
  0.45800000E+01  0.41652316E+03  0.50526822E+03
  0.45900000E+01  0.41179309E+03  0.50379512E+03
  0.46000000E+01  0.40745812E+03  0.50242508E+03
  0.46100000E+01  0.40333727E+03  0.50122645E+03
  0.46200000E+01  0.39922286E+03  0.50019436E+03
  0.46300000E+01  0.39493402E+03  0.49926732E+03
  0.46400000E+01  0.39036343E+03  0.49838756E+03
  0.46500000E+01  0.38550484E+03  0.49749758E+03
  0.46600000E+01  0.38045349E+03  0.49648552E+03
  0.46700000E+01  0.37537868E+03  0.49523876E+03
  0.46800000E+01  0.37047635E+03  0.49377693E+03
  0.46900000E+01  0.36591535E+03  0.49223012E+03
  0.47000000E+01  0.36179263E+03  0.49069162E+03
  0.47100000E+01  0.35810890E+03  0.48918404E+03
  0.47200000E+01  0.35476982E+03  0.48773889E+03
  0.47300000E+01  0.35161138E+03  0.48642942E+03
  0.47400000E+01  0.34844248E+03  0.48531285E+03
  0.47500000E+01  0.34509436E+03  0.48435478E+03
  0.47600000E+01  0.34146437E+03  0.48343334E+03
  0.47700000E+01  0.33754256E+03  0.48243871E+03
  0.47800000E+01  0.33341343E+03  0.48133697E+03
  0.47900000E+01  0.32923213E+03  0.48011356E+03
  0.48000000E+01  0.32518152E+03  0.47872244E+03
  0.48100000E+01  0.32142239E+03  0.47716339E+03
  0.48200000E+01  0.31805100E+03  0.47555371E+03
  0.48300000E+01  0.31507495E+03  0.47403620E+03
  0.48400000E+01  0.31241290E+03  0.47265751E+03
  0.48500000E+01  0.30991672E+03  0.47138814E+03
  0.48600000E+01  0.30740994E+03  0.47021018E+03
  0.48700000E+01  0.30473300E+03  0.46914553E+03
  0.48800000E+01  0.30178452E+03  0.46820383E+03
  0.48900000E+01  0.29854799E+03  0.46730057E+03
  0.49000000E+01  0.29509589E+03  0.46626508E+03
  0.49100000E+01  0.29156925E+03  0.46499032E+03
  0.49200000E+01  0.28813844E+03  0.46354285E+03
  0.49300000E+01  0.28495699E+03  0.46206484E+03
  0.49400000E+01  0.28212161E+03  0.46061049E+03
  0.49500000E+01  0.27964841E+03  0.45914943E+03
  0.49600000E+01  0.27747013E+03  0.45770079E+03
  0.49700000E+01  0.27545399E+03  0.45636897E+03
  0.49800000E+01  0.27343598E+03  0.45523607E+03
  0.49900000E+01  0.27126340E+03  0.45427787E+03
  0.50000000E+01  0.26883490E+03  0.45337967E+03
  0.50100000E+01  0.26612688E+03  0.45241064E+03
  0.50200000E+01  0.26319872E+03  0.45131174E+03
  0.50300000E+01  0.26017587E+03  0.45011495E+03
  0.50400000E+01  0.25721584E+03  0.44885199E+03
  0.50500000E+01  0.25446656E+03  0.44748616E+03
  0.50600000E+01  0.25202771E+03  0.44599513E+03
  0.50700000E+01  0.24992506E+03  0.44447553E+03
  0.50800000E+01  0.24810444E+03  0.44308427E+03
  0.50900000E+01  0.24644697E+03  0.44189061E+03
  0.51000000E+01  0.24480094E+03  0.44083666E+03
  0.51100000E+01  0.24302138E+03  0.43983544E+03
  0.51200000E+01  0.24100664E+03  0.43885369E+03
  0.51300000E+01  0.23872369E+03  0.43789016E+03
  0.51400000E+01  0.23621630E+03  0.43692258E+03
  0.51500000E+01  0.23359402E+03  0.43588351E+03
  0.51600000E+01  0.23100355E+03  0.43467935E+03
  0.51700000E+01  0.22858913E+03  0.43327743E+03
  0.51800000E+01  0.22645325E+03  0.43178379E+03
  0.51900000E+01  0.22462970E+03  0.43037368E+03
  0.52000000E+01  0.22307687E+03  0.42912988E+03
  0.52100000E+01  0.22169131E+03  0.42799469E+03
  0.52200000E+01  0.22033553E+03  0.42688935E+03
  0.52300000E+01  0.21887202E+03  0.42582671E+03
  0.52400000E+01  0.21719649E+03  0.42487124E+03
  0.52500000E+01  0.21526425E+03  0.42402175E+03
  0.52600000E+01  0.21310354E+03  0.42317250E+03
  0.52700000E+01  0.21080976E+03  0.42218236E+03
  0.52800000E+01  0.20851978E+03  0.42097446E+03
  0.52900000E+01  0.20637313E+03  0.41959896E+03
  0.53000000E+01  0.20447321E+03  0.41820780E+03
  0.53100000E+01  0.20286141E+03  0.41693069E+03
  0.53200000E+01  0.20151024E+03  0.41576390E+03
  0.53300000E+01  0.20033354E+03  0.41461832E+03
  0.53400000E+01  0.19920834E+03  0.41347338E+03
  0.53500000E+01  0.19800332E+03  0.41241918E+03
  0.53600000E+01  0.19661027E+03  0.41153643E+03
  0.53700000E+01  0.19497311E+03  0.41077835E+03
  0.53800000E+01  0.19310562E+03  0.40998754E+03
  0.53900000E+01  0.19108955E+03  0.40902005E+03
  0.54000000E+01  0.18905103E+03  0.40784647E+03
  0.54100000E+01  0.18712332E+03  0.40655311E+03
  0.54200000E+01  0.18540998E+03  0.40527168E+03
  0.54300000E+01  0.18396042E+03  0.40408288E+03
  0.54400000E+01  0.18276199E+03  0.40295697E+03
  0.54500000E+01  0.18174616E+03  0.40181760E+03
  0.54600000E+01  0.18080438E+03  0.40067576E+03
  0.54700000E+01  0.17981170E+03  0.39964626E+03
  0.54800000E+01  0.17865681E+03  0.39881272E+03
  0.54900000E+01  0.17727295E+03  0.39811201E+03
  0.55000000E+01  0.17565945E+03  0.39737115E+03
  0.55100000E+01  0.17388358E+03  0.39644967E+03
  0.55200000E+01  0.17205981E+03  0.39533751E+03
  0.55300000E+01  0.17031485E+03  0.39412860E+03
  0.55400000E+01  0.16875238E+03  0.39293216E+03
  0.55500000E+01  0.16742931E+03  0.39180409E+03
  0.55600000E+01  0.16634683E+03  0.39072052E+03
  0.55700000E+01  0.16545332E+03  0.38962134E+03
  0.55800000E+01  0.16465532E+03  0.38851087E+03
  0.55900000E+01  0.16383637E+03  0.38749283E+03
  0.56000000E+01  0.16288414E+03  0.38666759E+03
  0.56100000E+01  0.16172174E+03  0.38600095E+03
  0.56200000E+01  0.16033282E+03  0.38532573E+03
  0.56300000E+01  0.15876851E+03  0.38448270E+03
  0.56400000E+01  0.15713113E+03  0.38344376E+03
  0.56500000E+01  0.15554155E+03  0.38230026E+03
  0.56600000E+01  0.15410416E+03  0.38116214E+03
  0.56700000E+01  0.15288234E+03  0.38008269E+03
  0.56800000E+01  0.15188868E+03  0.37904832E+03
  0.56900000E+01  0.15108645E+03  0.37801220E+03
  0.57000000E+01  0.15039789E+03  0.37695861E+03
  0.57100000E+01  0.14971828E+03  0.37595212E+03
  0.57200000E+01  0.14893801E+03  0.37509864E+03
  0.57300000E+01  0.14797169E+03  0.37442715E+03
  0.57400000E+01  0.14678579E+03  0.37381834E+03
  0.57500000E+01  0.14541228E+03  0.37308877E+03
  0.57600000E+01  0.14393956E+03  0.37214963E+03
  0.57700000E+01  0.14248334E+03  0.37106176E+03
  0.57800000E+01  0.14115065E+03  0.36995145E+03
  0.57900000E+01  0.14001183E+03  0.36890125E+03
  0.58000000E+01  0.13908844E+03  0.36791469E+03
  0.58100000E+01  0.13835494E+03  0.36695039E+03
  0.58200000E+01  0.13774732E+03  0.36597568E+03
  0.58300000E+01  0.13717483E+03  0.36500935E+03
  0.58400000E+01  0.13653611E+03  0.36412656E+03
  0.58500000E+01  0.13574220E+03  0.36340079E+03
  0.58600000E+01  0.13474327E+03  0.36280710E+03
  0.58700000E+01  0.13354841E+03  0.36219552E+03
  0.58800000E+01  0.13222690E+03  0.36140636E+03
  0.58900000E+01  0.13088688E+03  0.36041094E+03
  0.59000000E+01  0.12963988E+03  0.35931700E+03
  0.59100000E+01  0.12856701E+03  0.35825675E+03
  0.59200000E+01  0.12770026E+03  0.35728830E+03
  0.59300000E+01  0.12702207E+03  0.35638734E+03
  0.59400000E+01  0.12647666E+03  0.35550313E+03
  0.59500000E+01  0.12598437E+03  0.35461415E+03
  0.59600000E+01  0.12545545E+03  0.35374847E+03
  0.59700000E+01  0.12480567E+03  0.35296702E+03
  0.59800000E+01  0.12397609E+03  0.35231244E+03
  0.59900000E+01  0.12295349E+03  0.35173938E+03
  0.60000000E+01  0.12178116E+03  0.35110609E+03
